0.2809891835
0.2809891835
0.2809891835
0.2809891835
0.2809891835
0.2809891835
0.2809891835
0.2809891835
0.2809891835
0.2809891835
0.2809891835
0.2809891835
0.2809891835
0.2809891835
0.2809891835
0.2809891835
0.2809891835
0.2809891835
0.2809891835
0.2809891835
0.2809891835
0.2809891835
0.2809891835
0.2809891835
0.2809891835
0.2809891835
0.2809891835
0.2809891835
0.2809891835
0.2807308503
0.2781677845
0.2781677845
0.2805099629
0.2830972167
0.2817079551
0.2805737111
0.2805737111
0.2836092317
0.2852118555
0.2784323067
0.2778046249
0.2778046249
0.2821545533
0.2849430305
0.2825737625
0.2813406149
0.2813406149
0.2813460378
0.2833061779
0.2823929817
0.2829492809
0.2829492809
0.2849506181
0.2851874886
0.2774895256
0.2794261612
0.2794261612
0.2845897598
0.2854896936
0.2832155854
0.2833018845
0.2833018845
0.2826252351
0.2831695499
0.2819976700
0.2840256156
0.2840256156
0.2870406203
0.2857578817
0.2800484663
0.2835242809
0.2835242809
0.2880925753
0.2866066441
0.2839165880
0.2855870695
0.2855870695
0.2808208809
0.2805390146
0.2811066794
0.2854458009
0.2854458009
0.2887208072
0.2868939868
0.2141381234
0.2142442849
0.2142442849
0.2143578926
0.2144323743
0.2146012973
0.2146915528
0.2146915528
0.2148626366
0.2149672407
0.2151016302
0.2151162901
0.2151162901
0.2151891177
0.2152588539
0.2153840248
0.2155287943
0.2155287943
0.2156889648
0.2158389243
0.2160036566
0.2161557872
0.2161557872
0.2163183236
0.2165237808
0.2166913672
0.2168509576
0.2168509576
0.2170318854
0.2171602495
0.2172833288
0.2173680914
0.2173680914
0.2175260413
0.2176854461
0.2178524960
0.2180066118
0.2180066118
0.2181746207
0.2183630964
0.2185062297
0.2186328054
0.2186328054
0.2188527111
0.2190769104
0.2192484924
0.2193910034
0.2193910034
0.2195388972
0.2196922972
0.2198301955
0.2199783447
0.2199783447
0.2201103894
0.2202234915
0.2203339927
0.2204648031
0.2204648031
0.1120367336
0.1122086891
0.1124225512
0.1125828988
0.1125828988
0.1123279222
0.1118525108
0.1114254998
0.1109234668
0.1109234668
0.1103982692
0.1097893730
0.1093750360
0.1088275235
0.1088275235
0.1082415759
0.1076515145
0.1070763897
0.1067126242
0.1067126242
0.1062264164
0.1057974311
0.1058388570
0.1061520472
0.1061520472
0.1065268134
0.1069200751
0.1073221527
0.1077992196
0.1077992196
0.1082532947
0.1088334439
0.1091377810
0.1095326173
0.1095326173
0.1101411765
0.1107049027
0.1111427955
0.1116639909
0.1116639909
0.1117458017
0.1115470739
0.1112256783
0.1109231848
0.1109231848
0.1105871122
0.1100256985
0.1097254991
0.1093918095
0.1093918095
0.1090635558
0.1087200229
0.1083657870
0.1080592224
0.1080592224
0.1077183357
0.3224229583
0.3244173106
0.3125420708
0.3125420708
0.2637755243
0.2099154144
0.1989665823
0.1994428925
0.1994428925
0.1952272141
0.2125423854
0.2173179727
0.2152561011
0.2152561011
0.2765636455
0.2733388119
0.2240562010
0.1989672157
0.1989672157
0.1949313845
0.1964079821
0.2135026290
0.2158242608
0.2158242608
0.2039285019
0.1903385507
0.1896504688
0.1912572100
0.1912572100
0.2087139428
0.1995630368
0.1913580432
0.1930150833
0.1930150833
0.1954544067
0.2009116852
0.2091423054
0.2334840126
0.2334840126
0.2095472250
0.2086173452
0.2120890323
0.2163258962
0.2163258962
0.2468085831
0.3097130024
0.2879032130
0.2283056414
0.2283056414
0.2084394490
0.2481802811
0.2889458708
0.2603488110
0.2603488110
0.2123358168
0.1928142558
0.1857195819
0.1417374553
0.1417374553
0.1406150259
0.1380699021
0.1366581791
0.1357839095
0.1357839095
0.1350955912
0.1358024927
0.1378524119
0.1397647537
0.1397647537
0.1415921201
0.1436899022
0.1446510259
0.1442401983
0.1442401983
0.1451340584
0.1459938662
0.1461155610
0.1479543728
0.1479543728
0.1493499620
0.1509027724
0.1535939574
0.1523490096
0.1523490096
0.1492030102
0.1478324959
0.1437754235
0.1410160319
0.1410160319
0.1342802179
0.1309342329
0.1297811038
0.1294143201
0.1294143201
0.1284602064
0.1262535363
0.1238063490
0.1245470780
0.1245470780
0.1241869415
0.1260864069
0.1267031943
0.1278950466
0.1278950466
0.1289987273
0.1300858540
0.1309915385
0.1305954631
0.1305954631
0.1300671528
0.1310769612
0.1353291659
0.1326989791
0.1326989791
0.1275409529
0.0883683975
0.0863523444
0.0849648719
0.0849648719
0.0843538251
0.0847417855
0.0845600100
0.0856984635
0.0856984635
0.0850521492
0.0817593042
0.0810041116
0.0878358929
0.0878358929
0.0877455198
0.0850548751
0.0851342711
0.0851756530
0.0851756530
0.0800399096
0.0849131812
0.0884150458
0.0848024104
0.0848024104
0.0836575104
0.0839506211
0.0850810812
0.0842244260
0.0842244260
0.0847231853
0.0827899114
0.0811233549
0.0880595981
0.0880595981
0.0863365714
0.0824466414
0.0836174303
0.0823734001
0.0823734001
0.0835829107
0.0845454028
0.0843601668
0.0819551947
0.0819551947
0.0818283112
0.0864577540
0.0826436798
0.0829667018
0.0829667018
0.0840903009
0.0798796410
0.0841202892
0.0859498611
0.0859498611
0.0830954517
0.0824970541
0.0791817661
0.0793117376
0.0793117376
0.0796940019
0.0801098656
0.0802714343
0.0812388843
0.0812388843
0.0819157420
0.0825657753
0.0840434390
0.0848875195
0.0848875195
0.0854863633
0.0866249261
0.0866101817
0.0868961404
0.0868961404
0.0878002591
0.0887863215
0.0894125708
0.0903387863
0.0903387863
0.0912752919
0.0923195522
0.0942148695
0.0953307004
0.0953307004
0.0956441128
0.0970131433
0.0974385709
0.0978706585
0.0978706585
0.0985388930
0.0995706255
0.1003731120
0.1019666548
0.1019666548
0.1030576238
0.1044108004
0.1052864349
0.1068090086
0.1068090086
0.1084015883
0.1094380060
0.1098375961
0.1109943587
0.1109943587
0.1130451427
0.1139995921
0.1149671644
0.1159777507
0.1159777507
0.1169030174
0.1182409161
0.1191667290
0.2702409296
0.2702409296
0.2739851441
0.2747797748
0.2751512354
0.2755679977
0.2755679977
0.2759008275
0.2762666798
0.2769078625
0.2774977348
0.2774977348
0.2782345294
0.2789294416
0.2790913747
0.2792093827
0.2792093827
0.2792710118
0.2808353557
0.2817288204
0.2830955699
0.2830955699
0.2836635594
0.2841778597
0.2844145004
0.2850536774
0.2850536774
0.2872954562
0.2881020743
0.2883915691
0.2890199426
0.2890199426
0.2893298750
0.2899261536
0.2902344984
0.2908240554
0.2908240554
0.2911159904
0.2914247195
0.2919346894
0.2918412514
0.2918412514
0.2917223875
0.2916371331
0.2911098407
0.2906899850
0.2906899850
0.2905921869
0.2902170516
0.2904091182
0.2903149323
0.2903149323
0.2899769083
0.2893065606
0.2887105015
0.2884789907
0.2884789907
0.2883715708
0.2602091812
0.2607432348
0.2612157145
0.2612157145
0.2612473396
0.2614464896
0.2614667621
0.2616979839
0.2616979839
0.2617418392
0.2617174181
0.2616340524
0.2613561622
0.2613561622
0.2610736173
0.2607453117
0.2608143568
0.2604124166
0.2604124166
0.2604774013
0.2606869287
0.2610592008
0.2615281052
0.2615281052
0.2621596810
0.2630917433
0.2637526904
0.2646151866
0.2646151866
0.2650554807
0.2658067397
0.2666314862
0.2674761870
0.2674761870
0.2685539302
0.2697923355
0.2709873282
0.2723101986
0.2723101986
0.2733091664
0.2730324423
0.2740017058
0.2754586558
0.2754586558
0.2767506936
0.2779306886
0.2792474585
0.2806840708
0.2806840708
0.2824986911
0.2843111776
0.2864690042
0.2884440085
0.2884440085
0.2899502814
0.2914901957
0.1002685318
0.1002837099
0.1002837099
0.1773225317
0.1777791952
0.1772901026
0.1635802930
0.1635802930
0.1586254930
0.1592541125
0.1608449982
0.1638637593
0.1638637593
0.1706098101
0.1766204229
0.1760580708
0.1721732534
0.1721732534
0.1721125190
0.1705353212
0.1629534948
0.1604767660
0.1604767660
0.1592366375
0.1576079695
0.1543373237
0.1471395018
0.1471395018
0.1446595759
0.1423763086
0.1400746365
0.1370497780
0.1370497780
0.1367430684
0.1344838611
0.1321760333
0.1315786540
0.1315786540
0.1313858732
0.1310115721
0.1309493988
0.1305780458
0.1305780458
0.1304861966
0.1325729250
0.1341378708
0.1346200948
0.1346200948
0.1350117426
0.1379732188
0.1383741063
0.1384271040
0.1384271040
0.1385696186
0.1382514662
0.1378224459
0.1369932591
0.1369932591
0.0756373408
0.0758463767
0.0760372701
0.0762073765
0.0762073765
0.0763360600
0.0766265311
0.0768431698
0.0770242249
0.0770242249
0.0772746707
0.0774873073
0.0776871293
0.0778745293
0.0778745293
0.0780845508
0.0783959815
0.0786235740
0.0788022433
0.0788022433
0.0790954194
0.0795035568
0.0797728432
0.0799843422
0.0799843422
0.0802870716
0.0807250427
0.0810236177
0.0812522189
0.0812522189
0.0815003182
0.0818561200
0.0821184560
0.0823698495
0.0823698495
0.0826301537
0.0829169082
0.0831023737
0.0832202154
0.0832202154
0.0834410780
0.0837846702
0.0841580889
0.0844186123
0.0844186123
0.0849289140
0.0856156134
0.0859659056
0.0861300643
0.0861300643
0.0863436203
0.0868746533
0.0873583012
0.0877168300
0.0877168300
0.0882503642
0.0887330995
0.1085140832
0.1123521868
0.1123521868
0.1169873495
0.1191285753
0.1202127099
0.1220297617
0.1220297617
0.1232582117
0.1199662602
0.1164441977
0.1142268982
0.1142268982
0.1138770669
0.1154044318
0.1158826004
0.1159615261
0.1159615261
0.1167140451
0.1207891275
0.1271112499
0.1335419398
0.1335419398
0.1392769149
0.1419426549
0.1413290384
0.1379765001
0.1379765001
0.1291869983
0.1238706001
0.1217193995
0.1207300737
0.1207300737
0.1188389929
0.1168440782
0.1146000364
0.1146870515
0.1146870515
0.1152717865
0.1164322966
0.1161135684
0.1167587726
0.1167587726
0.1183699212
0.1193453150
0.1199565356
0.1203065040
0.1203065040
0.1201556446
0.1230406968
0.1237423150
0.1224307881
0.1224307881
0.1214185144
0.1199144072
0.1192368814
0.1641504414
0.1641504414
0.1633168324
0.1623808871
0.1611608843
0.1583926066
0.1583926066
0.1551539819
0.1540837674
0.1521635804
0.1500412944
0.1500412944
0.1464187547
0.1466459721
0.1443045557
0.1437767476
0.1437767476
0.1416268270
0.1425451986
0.1403882074
0.1405197795
0.1405197795
0.1388536872
0.1408876334
0.1401378368
0.1428186393
0.1428186393
0.1429585142
0.1450616804
0.1452338232
0.1467031715
0.1467031715
0.1471663751
0.1481753097
0.1476157003
0.1482050956
0.1482050956
0.1495771620
0.1511956815
0.1523109912
0.1534097584
0.1534097584
0.1558638310
0.1578345641
0.1599633338
0.1612472432
0.1612472432
0.1651745316
0.1659560522
0.1697403446
0.1691928819
0.1691928819
0.1711320786
0.1680809240
0.1708702173
0.1685101495
0.1685101495
0.1683569016
0.0769874803
0.0776295557
0.0781225704
0.0781225704
0.0786115016
0.0791603389
0.0795624706
0.0797003192
0.0797003192
0.0796608616
0.0795706666
0.0795120591
0.0793911911
0.0793911911
0.0793156064
0.0793315743
0.0794041424
0.0794445865
0.0794445865
0.0795317491
0.0796109716
0.0795797978
0.0794147937
0.0794147937
0.0791894335
0.0789468197
0.0787672891
0.0787349617
0.0787349617
0.0786907795
0.0786300107
0.0785414555
0.0784855958
0.0784855958
0.0784962681
0.0784799660
0.0784165344
0.0783548228
0.0783548228
0.0781905819
0.0781634438
0.0781218517
0.0781947366
0.0781947366
0.0782782564
0.0783108999
0.0783467168
0.0782775446
0.0782775446
0.0781769680
0.0779232669
0.0776172494
0.0773766534
0.0773766534
0.0772009222
0.4705501328
0.4702782389
0.4699676254
0.4699676254
0.4697687194
0.4703875926
0.4704675341
0.4703273710
0.4703273710
0.4701755638
0.4699379806
0.4697202781
0.4697527171
0.4697527171
0.4694370956
0.4689174782
0.4684146076
0.4679110548
0.4679110548
0.4675375152
0.4674895986
0.4673641118
0.4674577901
0.4674577901
0.4674315029
0.4677142948
0.4676105538
0.4673192480
0.4673192480
0.4669925993
0.4666956740
0.4663830287
0.4662082657
0.4662082657
0.4661374806
0.4661427924
0.4660800329
0.4662288664
0.4662288664
0.4660012129
0.4658570113
0.4657333923
0.4662031926
0.4662031926
0.4662800721
0.4666264413
0.4666372205
0.4667166454
0.4667166454
0.4667383005
0.4666695516
0.4664092032
0.4661692287
0.4661692287
0.4659719873
0.4658687803
0.2323379026
0.2325259388
0.2325259388
0.2324514645
0.2323973611
0.2323571509
0.2323519316
0.2323519316
0.2323484970
0.2323959143
0.2326035522
0.2327802105
0.2327802105
0.2329021316
0.2328657185
0.2327192209
0.2326988049
0.2326988049
0.2325440249
0.2325075376
0.2323428482
0.2322416718
0.2322416718
0.2322323786
0.2323989066
0.2323608479
0.2324129522
0.2324129522
0.2325182192
0.2325978432
0.2325428777
0.2325011961
0.2325011961
0.2324195170
0.2323920086
0.2321447566
0.2320362809
0.2320362809
0.2318586503
0.2316677554
0.2314398979
0.2314752644
0.2314752644
0.2313171037
0.2312374094
0.2310744871
0.2308539911
0.2308539911
0.2307193875
0.2305588216
0.2303416086
0.2301707580
0.2301707580
0.2300777597
0.2298570284
0.2295847606
0.2294106284
0.2294106284
0.2812220896
0.2809752754
0.2807621719
0.2805621035
0.2805621035
0.2803367516
0.2801950159
0.2800319964
0.2798492300
0.2798492300
0.2796897416
0.2797320288
0.2795903496
0.2794230820
0.2794230820
0.2791932875
0.2790685931
0.2788374934
0.2786293382
0.2786293382
0.2784288381
0.2782451764
0.2780703140
0.2779354759
0.2779354759
0.2778620759
0.2778221795
0.2776423200
0.2776461591
0.2776461591
0.2774390964
0.2772811866
0.2770639658
0.2768507328
0.2768507328
0.2766255509
0.2764109405
0.2762118944
0.2760198988
0.2760198988
0.2759020786
0.2760556653
0.2758544316
0.2757030460
0.2757030460
0.2754963768
0.2752854834
0.2750670926
0.2748364716
0.2748364716
0.2746137764
0.2745554300
0.2743336060
0.2741161607
0.2741161607
0.2739376107
0.2737516889
0.2735779689
0.3850258946
0.3850258946
0.3845665700
0.3840813536
0.3836029990
0.3833219494
0.3833219494
0.3829112840
0.3826541543
0.3823841053
0.3821831823
0.3821831823
0.3818162325
0.3816494618
0.3811897461
0.3807034863
0.3807034863
0.3802083722
0.3797848825
0.3793253444
0.3789631086
0.3789631086
0.3786343130
0.3787616969
0.3784670537
0.3782261498
0.3782261498
0.3778878465
0.3775756525
0.3771389709
0.3767391696
0.3767391696
0.3763196675
0.3758960027
0.3755008503
0.3751289628
0.3751289628
0.3748735739
0.3749270838
0.3746843210
0.3744055946
0.3744055946
0.3740417455
0.3736677678
0.3732613133
0.3728376200
0.3728376200
0.3724243078
0.3720133600
0.3716519677
0.3713806891
0.3713806891
0.3713406596
0.3712659531
0.3708672494
0.3705244304
0.3705244304
0.3701005638
0.2100424522
0.2099626607
0.2097731539
0.2097731539
0.2095271130
0.2092412633
0.2089981559
0.2086995928
0.2086995928
0.2084711666
0.2084124755
0.2083472317
0.2083318492
0.2083318492
0.2083596755
0.2085031414
0.2086064486
0.2085034560
0.2085034560
0.2083377484
0.2084396278
0.2085339598
0.2086885152
0.2086885152
0.2087899695
0.2088668032
0.2089903048
0.2090494886
0.2090494886
0.2091801884
0.2090717264
0.2090980014
0.2090841360
0.2090841360
0.2092116106
0.2093214589
0.2093873441
0.2095274739
0.2095274739
0.2095853757
0.2096080420
0.2096330319
0.2095939377
0.2095939377
0.2094380590
0.2093616650
0.2091891820
0.2090688363
0.2090688363
0.2089516916
0.2086822946
0.2085607239
0.2084573406
0.2084573406
0.2086600471
0.2086856223
0.2085374326
0.2102795894
0.2102795894
0.2103750127
0.2104503355
0.2106276547
0.2107438999
0.2107438999
0.2107598818
0.2109877351
0.2111935037
0.2110439787
0.2110439787
0.2111519984
0.2110671558
0.2110792006
0.2111023152
0.2111023152
0.2111786811
0.2112065442
0.2113449011
0.2114706017
0.2114706017
0.2113957374
0.2117711320
0.2116787895
0.2116507740
0.2116507740
0.2115745253
0.2114984897
0.2115612579
0.2116739236
0.2116739236
0.2117275607
0.2118335766
0.2119165188
0.2117868181
0.2117868181
0.2118411616
0.2119199421
0.2119944830
0.2120414100
0.2120414100
0.2120230702
0.2120448959
0.2120690678
0.2119430863
0.2119430863
0.2119700564
0.2120381818
0.2121049267
0.2121559909
0.2121559909
0.2122383729
0.2123326506
0.2124106615
0.2123822392
0.2123822392
0.1008823847
0.1009455315
0.1009631490
0.1009836295
0.1009836295
0.1009908667
0.1010084619
0.1010307203
0.1010060423
0.1010060423
0.1010674199
0.1010428727
0.1010244472
0.1009700302
0.1009700302
0.1009898083
0.1009354588
0.1009433185
0.1009256184
0.1009256184
0.1009306229
0.1009209874
0.1009295910
0.1009397787
0.1009397787
0.1009119716
0.1008043450
0.1007840720
0.1006938078
0.1006938078
0.1007040648
0.1005876036
0.1005834382
0.1005442629
0.1005442629
0.1005599537
0.1005792070
0.1005760502
0.1005145377
0.1005145377
0.1005179765
0.1003888991
0.1003607142
0.1003887941
0.1003887941
0.1004132420
0.1003861742
0.1004054026
0.1003596371
0.1003596371
0.1003770698
0.1003554970
0.1003376030
0.1002545877
0.1002545877
0.1002407682
0.1001857191
0.0768182291
0.0787599229
0.0787599229
0.0795557635
0.0821347866
0.0833055557
0.0840401910
0.0840401910
0.0848947019
0.0855946791
0.0858548040
0.0859607048
0.0859607048
0.0860586632
0.0860984043
0.0859148041
0.0859435466
0.0859435466
0.0858652026
0.0858186507
0.0857080256
0.0855604547
0.0855604547
0.0853811993
0.0852063487
0.0851583026
0.0849956163
0.0849956163
0.0848731695
0.0847464024
0.0845658592
0.0844662328
0.0844662328
0.0843564787
0.0843260247
0.0842790487
0.0842873918
0.0842873918
0.0843806725
0.0844760885
0.0845009867
0.0845115501
0.0845115501
0.0845224409
0.0844364555
0.0844278272
0.0843053109
0.0843053109
0.0841465818
0.0840283234
0.0838851121
0.0838322826
0.0838322826
0.0837651912
0.0835208055
0.0835340413
0.1494359233
0.1494359233
0.1394734671
0.1371349014
0.1463692253
0.1513922333
0.1513922333
0.1318549573
0.1328420225
0.1365810850
0.1394200933
0.1394200933
0.1568559243
0.1572511773
0.1469203754
0.1379937956
0.1379937956
0.1533291450
0.1448112028
0.1351077048
0.1336596948
0.1336596948
0.1317354890
0.1315714999
0.1414744469
0.1591415382
0.1591415382
0.1612996158
0.1631477793
0.1599065173
0.1537045417
0.1537045417
0.1790850057
0.1780152798
0.1684707869
0.1564783283
0.1564783283
0.1729143418
0.1696531274
0.1682921231
0.1595587018
0.1595587018
0.1511136061
0.1504761363
0.1514852241
0.1529756971
0.1529756971
0.1515667113
0.1520973734
0.1449701364
0.1328757636
0.1328757636
0.1410876251
0.1418848092
0.1450793068
0.1396231023
0.1396231023
0.1863178129
0.1851843328
0.1855806678
0.1864824843
0.1864824843
0.1879503241
0.1890962737
0.1898673153
0.1916230993
0.1916230993
0.1941511080
0.1963172266
0.1970829530
0.1976470490
0.1976470490
0.1989678665
0.1996686844
0.1996039814
0.1992177136
0.1992177136
0.1995473836
0.1996806959
0.1999703175
0.1996373109
0.1996373109
0.1982955774
0.1972506236
0.1958116496
0.1978071309
0.1978071309
0.2025697639
0.2074310861
0.2125443225
0.2236632368
0.2236632368
0.2266722505
0.2265564022
0.2249517152
0.2220079208
0.2220079208
0.2193013924
0.2171559977
0.2152818218
0.2092032315
0.2092032315
0.2039030799
0.2011360754
0.1995718373
0.1959454105
0.1959454105
0.1928732464
0.1905014072
0.1890004577
0.1869321670
0.1869321670
0.1896799633
0.1918176253
0.2682829951
0.2311154329
0.2311154329
0.2254601275
0.2318889797
0.2343456400
0.2359883167
0.2359883167
0.2357417716
0.2358612400
0.2363091303
0.2380268561
0.2380268561
0.2356934364
0.2319388726
0.2293441593
0.2280710075
0.2280710075
0.2260098261
0.2248699358
0.2238184231
0.2228088809
0.2228088809
0.2172476292
0.2157002401
0.2149037949
0.2136961507
0.2136961507
0.2112523208
0.2112666505
0.2119917323
0.2138232217
0.2138232217
0.2189373912
0.2169500068
0.2155725909
0.2140076617
0.2140076617
0.2087020307
0.2442690223
0.2278914947
0.2110865600
0.2110865600
0.2286484228
0.2337365139
0.2562294864
0.2549219387
0.2549219387
0.2455294837
0.2428428907
0.2366251966
0.2293769697
0.2293769697
0.2179019364
0.1938369640
0.1592257142
0.1795471996
0.1795471996
0.1276015016
0.1279542684
0.1320035209
0.1362435106
0.1362435106
0.1366953964
0.1360146130
0.1347101393
0.1327407719
0.1327407719
0.1262291972
0.1801389029
0.2137681911
0.2411820958
0.2411820958
0.2551191698
0.2626277777
0.2676069254
0.2712773810
0.2712773810
0.2381600333
0.2237031993
0.2115048726
0.2019403627
0.2019403627
0.2087457034
0.2089631999
0.2076705667
0.2076304948
0.2076304948
0.2081083690
0.2079175193
0.2037280175
0.1935658321
0.1935658321
0.1821117615
0.1717305128
0.1607523185
0.1553478321
0.1553478321
0.1696769885
0.1797231273
0.1781517642
0.1719959808
0.1719959808
0.1615631156
0.1563631475
0.1548909078
0.1565868471
0.1565868471
0.1444886406
0.1463209912
0.1459166047
0.2170654489
0.2170654489
0.2437709746
0.2601010619
0.2617739063
0.2637666970
0.2637666970
0.2648390681
0.2661661459
0.2672929745
0.2686726917
0.2686726917
0.2698809423
0.2709411247
0.2722250091
0.2734784894
0.2734784894
0.2749220083
0.2762020405
0.2782670677
0.2790488353
0.2790488353
0.2803701529
0.2817762278
0.2832795140
0.2847445438
0.2847445438
0.2863000509
0.2876066370
0.2881581422
0.2888434586
0.2888434586
0.2904912389
0.2914248527
0.2924922553
0.2938028315
0.2938028315
0.2947940500
0.2953874183
0.2959259118
0.2969947672
0.2969947672
0.2975215895
0.2986563727
0.2992471899
0.3004401048
0.3004401048
0.3014478462
0.3025936038
0.3039254249
0.3064267940
0.3064267940
0.3075505734
0.3084648636
0.3094263441
0.3104402448
0.3104402448
0.3104867972
0.2371505777
0.2370333365
0.2340691214
0.2340691214
0.2302164382
0.2288294283
0.2274056593
0.2228718200
0.2228718200
0.2223452593
0.2223458341
0.2238746314
0.2254960485
0.2254960485
0.2275222988
0.2282533942
0.2286454258
0.2269666466
0.2269666466
0.2259266518
0.2250310086
0.2241881585
0.2209401684
0.2209401684
0.2155850927
0.2149650322
0.2146389906
0.2151808006
0.2151808006
0.2175687716
0.2184320918
0.2187809251
0.2185906185
0.2185906185
0.2157429755
0.2161446353
0.2179767872
0.2225683625
0.2225683625
0.2228108581
0.2215447127
0.2174523322
0.2171812599
0.2171812599
0.2146016903
0.2139555157
0.2140708844
0.2185709088
0.2185709088
0.2228699127
0.2228062615
0.2207690244
0.2186920766
0.2186920766
0.2187155515
0.2191016647
0.2215284076
0.1444155482
0.1444155482
0.1412181746
0.1361660300
0.1302481022
0.1216269222
0.1216269222
0.1177113218
0.1137384758
0.1102329935
0.1106448473
0.1106448473
0.1117274635
0.1111800240
0.1103389285
0.1123921651
0.1123921651
0.1151970869
0.1135146381
0.1147477139
0.1103994677
0.1103994677
0.1078627532
0.1043334588
0.1005407376
0.0983941186
0.0983941186
0.0958017555
0.0965231462
0.0965839838
0.0993487695
0.0993487695
0.1031432454
0.1041853549
0.1096411845
0.1107887368
0.1107887368
0.1119119788
0.1120304459
0.1112951287
0.1142544843
0.1142544843
0.1115556290
0.1075144491
0.1028770243
0.1002140325
0.1002140325
0.1011739848
0.1024071858
0.1044320629
0.1060320469
0.1060320469
0.1061955377
0.1046648573
0.1015536978
0.1017842050
0.1017842050
0.1709457685
0.1819856164
0.1767755439
0.1709361342
0.1709361342
0.1711010345
0.1561837831
0.1536847605
0.1571332067
0.1571332067
0.1556951479
0.1629166273
0.1789723956
0.1872174764
0.1872174764
0.1879811083
0.2143784180
0.2117034051
0.2117050997
0.2117050997
0.2385634041
0.2379307911
0.2144148630
0.2112094814
0.2112094814
0.2051293204
0.2005710148
0.2314134627
0.0815860907
0.0815860907
0.0820613283
0.0770609891
0.0733934060
0.0677082759
0.0677082759
0.0665343660
0.0712651484
0.0754470471
0.0802503217
0.0802503217
0.0855696812
0.0794284259
0.0725485730
0.0761107456
0.0761107456
0.0755303739
0.0728549888
0.0730159816
0.0727329389
0.0727329389
0.0717419139
0.0720395787
0.0715004252
0.0707693785
0.0707693785
0.2957034588
0.2960294097
0.2959938503
0.2962549549
0.2962549549
0.2962274835
0.2960862977
0.2959933560
0.2956598418
0.2956598418
0.2956512451
0.2952897429
0.2949032863
0.2944260932
0.2944260932
0.2937961202
0.2932207777
0.2925473788
0.2919425753
0.2919425753
0.2912326439
0.2906434642
0.2900461951
0.2890085430
0.2890085430
0.2883058012
0.2875979257
0.2868548939
0.2852860205
0.2852860205
0.2839167580
0.2834891020
0.2832280275
0.2829929493
0.2829929493
0.2831247929
0.2834534649
0.2842624617
0.2852339727
0.2852339727
0.2865784291
0.2879779539
0.2892511115
0.2903940591
0.2903940591
0.2914047444
0.2919310128
0.2928614806
0.2934209711
0.2934209711
0.2939167443
0.2942174298
0.2943854150
0.2945345484
0.2945345484
0.2946875400
0.2944751510
0.2942899896
0.2892713185
0.2892713185
0.2881206800
0.2864967015
0.2850829055
0.2830267610
0.2830267610
0.2812757614
0.2792512926
0.2780950075
