0.2076944727
0.2076944727
0.2076944727
0.2076944727
0.2076944727
0.2076944727
0.2076944727
0.2076944727
0.2076944727
0.2076944727
0.2076944727
0.2076944727
0.2076944727
0.2076944727
0.2076944727
0.2076944727
0.2076944727
0.2076944727
0.2076944727
0.2076944727
0.2076944727
0.2076944727
0.2076944727
0.2076944727
0.2076944727
0.2076944727
0.2076944727
0.2076944727
0.2076944727
0.2076944727
0.2076944727
0.2076944727
0.2076944727
0.2110591683
0.2131315607
0.2159426989
0.2180188656
0.2180188656
0.2209724672
0.2226574179
0.2245387740
0.2272807283
0.2272807283
0.2292160707
0.2315655438
0.2632145206
0.2632921982
0.2632921982
0.2626551757
0.2623220839
0.0475934851
0.0476629080
0.0476629080
0.0474111149
0.1272226152
0.1272652507
0.1271455781
0.1271455781
0.1270246448
0.0765970444
0.0768286512
0.0764679619
0.0764679619
0.0766085198
0.0768695836
0.0769954162
0.0770657567
0.0770657567
0.0773638046
0.0777258820
0.0777051772
0.0777051772
0.0780460015
0.0783052817
0.0783150378
0.0784614931
0.0784614931
0.0785646082
0.0786592935
0.0789129738
0.0790303516
0.0789439261
0.0789439261
0.0790746859
0.0792665306
0.0791302569
0.0791302569
0.0791158186
0.7766107074
0.1076704364
0.0810801792
0.0810801792
0.1083121452
0.1081358374
0.0787107294
0.1197530460
0.1197530460
0.0524736651
0.1110411682
0.0531058008
0.0695337612
0.0695337612
0.2251287629
0.2288476708
0.2331463052
0.2391660508
0.2391660508
0.2456352604
0.2528172265
0.2585670183
0.2646038838
0.2646038838
0.2686096691
0.2729710703
0.2774773289
0.2819735744
0.2819735744
0.2866356736
0.2911127093
0.2952903792
0.2997364578
0.2997364578
0.3031071903
0.3085750292
0.3122690945
0.3174161767
0.3174161767
0.3217781884
0.3266701668
0.3303291949
0.3344240044
0.3344240044
0.3381407859
0.3413501284
0.3438658214
0.3458996841
0.3458996841
0.3487725290
0.3506363156
0.3524309873
0.3549931858
0.3549931858
0.3566012471
0.3593650976
0.3602368736
0.7368112432
0.7368112432
0.1553555843
0.1579625306
0.1399372541
0.1398655562
0.1398655562
0.1581612185
0.1509869003
0.1334132922
0.1536862246
0.1536862246
0.1596838451
0.1185798305
0.1783849865
0.2231266671
0.2231266671
0.2122896152
0.1573669164
0.1985295980
0.1597305287
0.1597305287
0.1779439322
0.1218846916
0.1747608727
0.1061335442
0.1061335442
0.1834898059
0.1372139966
0.1356817742
0.1331728841
0.1331728841
0.1292084194
0.1283804387
0.1346792447
0.1273076994
0.1273076994
0.1258288554
0.1242166206
0.1232634980
0.1220932810
0.1220932810
0.1202669748
0.1177448149
0.0993807509
0.0989490297
0.0989490297
0.0987466433
0.0979083036
0.0974749829
0.0969688613
0.0969688613
0.0966585271
0.0970788320
0.0973605074
0.0975489861
0.0975489861
0.1151094475
0.1153434799
0.1157787170
0.1149997703
0.1149997703
0.1146878064
0.1151281133
0.1145033810
0.1149949130
0.1149949130
0.1147515307
0.1135716932
0.1133502004
0.1127712972
0.1127712972
0.1099423326
0.1222585186
0.1221486660
0.1221384789
0.1221384789
0.1217055467
0.1211789871
0.1204830443
0.1223854166
0.1223854166
0.1225370520
0.1221150050
0.1226001457
0.1223244271
0.1223244271
0.1219725194
0.1241326317
0.1254263372
0.1246140522
0.1246140522
0.1239239897
0.1232664550
0.1230314627
0.1232658016
0.1232658016
0.1234957253
0.1238074836
0.1236569215
0.1220195402
0.1220195402
0.1215236873
0.1220944925
0.1224669768
0.1239099131
0.1239099131
0.1247029359
0.1255264334
0.1262851961
0.1261966725
0.1261966725
0.1265285977
0.1275729171
0.1262041518
0.1230534631
0.1230534631
0.1250655680
0.1280549518
0.1277928349
0.1274300009
0.1274300009
0.1275901151
0.1294547135
0.1280384315
0.1236748511
0.1236748511
0.1218344206
0.1210118472
0.1203132221
0.1204480991
0.1204480991
0.1211921348
0.1285953061
0.1302128438
0.1306117664
0.1306117664
0.1300842157
0.1300587782
0.1303858960
0.1306483678
0.1306483678
0.1306817041
0.1282686065
0.1226406919
0.1201576772
0.1201576772
0.1201861527
0.1212824925
0.1220296802
0.1221225699
0.1221225699
0.1238340375
0.1215791031
0.1200719610
0.1197292869
0.1197292869
0.1194183486
0.1194360178
0.1199331836
0.1201818360
0.1201818360
0.1217227345
0.1287004943
0.1330389942
0.1356912632
0.1356912632
0.1333652134
0.1332821485
0.1343838091
0.1339724798
0.1339724798
0.1300746425
0.1240247245
0.1228118207
0.1228118207
0.1229097210
0.1250189260
0.1275069221
0.1279903084
0.1275296027
0.1275296027
0.1270505551
0.1273984996
0.1270183672
0.1273356219
0.1273356219
0.1256582467
0.1225749931
0.1220673704
0.1220673704
0.1252187118
0.1311317813
0.1311030390
0.1303743094
0.1303743094
0.1248771441
0.1238061667
0.1241696517
0.1245602923
0.1245602923
0.1246459045
0.1239987523
0.1234651860
0.1228784965
0.1228784965
0.1236276528
0.1172780588
0.1522028674
0.1728755270
0.1728755270
0.1364452199
0.1546851889
0.1827240727
0.1542490669
0.1542490669
0.1200659160
0.1848518834
0.1821125220
0.1208528418
0.1208528418
0.1618716474
0.1992629365
0.1693322903
0.1401076812
0.1401076812
0.2011514658
0.1831772482
0.1256786223
0.1590607648
0.1590607648
0.1630175784
0.1622086347
0.1604218692
0.1657041124
0.1657041124
0.1598721808
0.1583394657
0.1626725630
0.1589026977
0.1589026977
0.1618809525
0.1661051448
0.1654057440
0.1684826598
0.1684826598
0.1737164410
0.1787524997
0.1898996263
0.1954572637
0.1954572637
0.1973546352
0.1963459980
0.1925386052
0.1888583471
0.1888583471
0.1884925548
0.1870472466
0.1879866085
0.1534498021
0.1534498021
0.1470838006
0.1533920190
0.1448155969
0.1532624486
0.1532624486
0.1445836932
0.1527899235
0.1444019196
0.1512175655
0.1512175655
0.1488800261
0.1468267318
0.1508588164
0.1459159653
0.1459159653
0.1515448500
0.1460957523
0.1518501334
0.1461090708
0.1461090708
0.1516538452
0.1493750605
0.1516338093
0.1508705664
0.1508705664
0.1518723260
0.1514515071
0.1497891998
0.1520807524
0.1520807524
0.1494608349
0.1523939868
0.1502522551
0.1529161060
0.1529161060
0.1505133035
0.1534848975
0.1519226337
0.1528294227
0.1528294227
0.1535448569
0.1526889891
0.1542819828
0.1528889598
0.1528889598
0.1550673141
0.1533658509
0.1557626987
0.1546098772
0.1546098772
0.1562046845
0.1557380734
0.1567122693
0.1565023892
0.1565023892
0.1564936292
0.1239672515
0.1713764485
0.2184664856
0.2184664856
0.1795208586
0.1398631930
0.2073238996
0.1812928445
0.1812928445
0.1192539865
0.2028029041
0.1947624564
0.1314435464
0.1314435464
0.1325906691
0.1875418661
0.1666809124
0.1139805927
0.1139805927
0.1770351576
0.1705201636
0.1182712457
0.1502150560
0.1502150560
0.1563179516
0.1169286839
0.1092647380
0.1471070088
0.1471070088
0.2353471098
0.2351662364
0.2348835385
0.2341843272
0.2341843272
0.2318019469
0.2295244102
0.2287487076
0.2274724232
0.2274724232
0.2251359455
0.2246196189
0.2255071643
0.2263404304
0.2263404304
0.2274956130
0.2282225486
0.2316846145
0.2371614877
0.2371614877
0.2455809761
0.2542485811
0.2602168934
0.2628331952
0.2628331952
0.2649060501
0.2692671015
0.2734808250
0.2748759269
0.2748759269
0.2759112186
0.2721354517
0.2701257463
0.2668890310
0.2668890310
0.2619969083
0.2601864030
0.2604863303
0.2581686439
0.2581686439
0.2586418265
0.2590375442
0.2592329171
0.2582154635
0.2582154635
0.2590489119
0.2576622383
0.2571968985
0.2567741277
0.2567741277
0.2559280736
0.2543515316
0.2531647960
0.2531892113
0.2531892113
0.2521552923
0.2523977279
0.1589152887
0.2151535544
0.2151535544
0.2307382144
0.1733546883
0.2020950837
0.2525531724
0.2525531724
0.1967645927
0.1761254558
0.2306537702
0.2143540366
0.2143540366
0.1545109336
0.2025491958
0.2500174916
0.1919285960
0.1919285960
0.1614906284
0.2196641294
0.2251934549
0.2251934549
0.1666816089
0.1913520894
0.2270845064
0.1778510527
0.1845005865
0.1845005865
0.2290337495
0.2401286902
0.1973646050
0.2421638208
0.2421638208
0.2270051031
0.1494043253
0.2130737409
0.2130737409
0.2611535818
0.1998379645
0.2186089678
0.2505242845
0.2505242845
0.1776784535
0.2107715797
0.2794246025
0.2088639232
0.2088639232
0.2083680850
0.2722927874
0.2067536894
0.2145861468
0.2145861468
0.2861940435
0.2186802484
0.1953166222
0.2699570346
0.2699570346
0.2236090233
0.7782227433
0.1918351217
0.1937352157
0.1937352157
0.1979543597
0.2003412111
0.2006395114
0.1990388790
0.1990388790
0.1958290306
0.1937924736
0.1882406112
0.1817303728
0.1817303728
0.1748325238
0.1724864855
0.1649585865
0.1609961018
0.1609961018
0.1609303967
0.1648440130
0.1684594447
0.1706460916
0.1706460916
0.1751771642
0.1773453100
0.1786907178
0.1798729859
0.1798729859
0.1821216229
0.1838620624
0.1854114693
0.1871670492
0.1871670492
0.1893941713
0.1915124305
0.1923951122
0.1945209581
0.1945209581
0.1967945268
0.1977034657
0.1998151549
0.2021431354
0.2021431354
0.2031007497
0.2051397796
0.2072918431
0.2089937493
0.2089937493
0.2101439710
0.2121585970
0.2137085350
0.2147723638
0.2147723638
0.2167599625
0.2183412839
0.2198868243
0.7767906830
0.7767906830
0.1294178785
0.1303914055
0.1114143998
0.1382147671
0.1382147671
0.1448615194
0.1132932996
0.1294866583
0.1708686349
0.1708686349
0.1400558439
0.1071805368
0.1553614072
0.1627721030
0.1627721030
0.1204735150
0.1495292673
0.1811656760
0.1345111165
0.1345111165
0.1314317152
0.1756780961
0.1456446408
0.0969562099
0.0969562099
0.1407756552
0.1841035053
0.1360788448
0.2195875814
0.2195875814
0.2153089203
0.2153506663
0.2088929306
0.2071818802
0.2071818802
0.2062336740
0.2052657408
0.2144777589
0.2124617838
0.2124617838
0.2083736564
0.2095531305
0.2016967054
0.2014793852
0.2014793852
0.1999839151
0.1995667678
0.2096021768
0.2054913166
0.2054913166
0.2024797919
0.2037591211
0.1950816830
0.1953727673
0.1953727673
0.1944993808
0.1939816712
0.2031084675
0.2001707878
0.2001707878
0.2000512874
0.2006845801
0.1914000676
0.1931389782
0.1931389782
0.1918598535
0.1901008454
0.1968208097
0.1944069657
0.1944069657
0.1963283604
0.1959955857
0.1861233761
0.1879649888
0.1879649888
0.1868482577
0.1848957702
0.1903343895
0.1891092231
0.1891092231
0.1918101482
0.1915427323
0.1819206835
0.1825701943
0.1825701943
0.1713232088
0.1199795183
0.1069515649
0.1369355093
0.1369355093
0.1335973877
0.1748641393
0.1443868261
0.1791974839
0.1791974839
0.1542181825
0.1227658088
0.1451694692
0.1269950466
0.1269950466
0.1647976113
0.1468703701
0.1726968144
0.1533053374
0.1533053374
0.1157893026
0.1351165849
0.1247436188
0.1577730090
0.1577730090
0.1424680667
0.1472370366
0.1451485624
0.1176807852
0.1176807852
0.1453537817
0.1250132427
0.1558823070
0.1435908815
0.1435908815
0.1155799404
0.1320989710
0.1153309238
0.1444732111
0.1444732111
0.1322134727
0.1530546271
0.1193451074
0.0996501186
0.0996501186
0.0950295922
0.0915880577
0.1046980599
0.1007049952
0.1007049952
0.0852567506
0.0998736972
0.0933946635
0.0997068518
0.0997068518
0.1021816918
0.1016454468
0.2025466559
0.1748416592
0.1748416592
0.1053493202
0.1533893165
0.0909379295
0.1963273257
0.1963273257
0.1139130613
0.0985492155
0.0909243616
0.0909243616
0.0897508704
0.1468678723
0.1463136817
0.1459861430
0.1451590780
0.1451590780
0.1446100090
0.1444018008
0.1438659820
0.1441014095
0.1441014095
0.1447579651
0.1452254950
0.1459445657
0.1459445657
0.1456772300
0.1458424721
0.1459711550
0.1456999157
0.1456999157
0.1457512133
0.1447585772
0.1447797958
0.1432209135
0.1432209135
0.1422234123
0.1403860600
0.1393996489
0.1389408829
0.1389408829
0.1384182519
0.1374875501
0.1379005841
0.1373881398
0.1373881398
0.1375163072
0.1378131394
0.1388044612
0.1391446540
0.1391446540
0.1392120979
0.1387340227
0.1389710574
0.1381926481
0.1381926481
0.1387256052
0.1377010506
0.1383140232
0.1378427864
0.1378427864
0.1375195962
0.1358167859
0.1354964427
0.1348652656
0.1348652656
0.1350003348
0.1341224148
0.1341715074
0.1342086359
0.1342086359
0.1338616945
0.1340118533
0.1343570492
0.1348771843
0.1348771843
0.1356610270
0.1353417451
0.1357796716
0.1356778871
0.1356778871
0.1362521648
0.1362934389
0.1363788103
0.1362459548
0.1362459548
0.1357837146
0.1148605267
0.0564646213
0.1803942280
0.1803942280
0.0589261034
0.1940932139
0.1779757731
0.1097556396
0.1097556396
0.1907051154
0.0652635027
0.1640678080
0.1093253898
0.1093253898
0.0671402581
0.1447664537
0.0882660893
0.1512007482
0.1512007482
0.1382500048
0.0937382172
0.1554911187
0.0672475687
0.0672475687
0.1258108218
0.0554181534
0.0760951827
0.7660979269
0.7660979269
0.0789703757
0.1161411498
0.0717808591
0.0862970170
0.0862970170
0.0851123504
0.0851329091
0.1165518488
0.0734652869
0.0734652869
0.0990490627
0.0760920218
0.0908642440
0.1156401355
0.1156401355
0.0817993576
0.1202403254
0.0753794556
0.0912059800
0.0912059800
0.0824603581
0.0957158960
0.1276885011
0.0822619471
0.0822619471
0.1288142197
0.0806740136
0.1178005117
0.1146736957
0.1146736957
0.0991077575
0.2394932952
0.0842145127
0.2211385629
0.2211385629
0.0905891645
0.1017244704
0.0942734967
0.0790511447
0.0790511447
0.1265115917
0.0866512619
0.1183591405
0.0982633986
0.0982633986
0.1003215011
0.1439841455
0.0795343311
0.2029239633
0.2029239633
0.1137336944
0.1283879065
0.1287609055
0.0851436585
0.0851436585
0.1596414582
0.0830614880
0.1086431040
0.0986026628
0.0986026628
0.1136730905
0.0719880015
0.1015207019
0.0731858117
0.0731858117
0.0706085859
0.0582196144
0.0728733846
0.0521258793
0.0521258793
0.0645744159
0.0656685947
0.0513733157
0.0866301261
0.0866301261
0.0606890234
0.1199003734
0.0798323364
0.1062102908
0.1062102908
0.1181488234
0.0798964035
0.1119338216
0.0738176516
0.0738176516
0.8005612827
0.1970276028
0.1886577422
0.1862254690
0.1862254690
0.1869714320
0.1942389995
0.1975101759
0.1973991527
0.1973991527
0.1960120344
0.1944790503
0.1963164384
0.2048322951
0.2048322951
0.1998668355
0.1963054894
0.1996759962
0.2030551700
0.2030551700
0.1943414486
0.1982902827
0.1962625266
0.1918465520
0.1918465520
0.1873441058
0.1864469532
0.1852630558
0.1855646886
0.1855646886
0.1841023386
0.1781520010
0.1740613341
0.1722050795
0.1722050795
0.1690700448
0.1655862426
0.1639261874
0.1615549083
0.1615549083
0.1605855265
0.1586199629
0.1569426983
0.1560701053
0.1560701053
0.1541941354
0.1526617074
0.1503136752
0.1491028746
0.1491028746
0.1473234553
0.1464387032
0.1444154922
0.1433614173
0.1433614173
0.1418721492
0.1407593037
0.7911719718
0.7911719718
0.3304170678
0.3308712119
0.3299037114
0.3302143777
0.3291079689
0.3291079689
0.3290872450
0.3298046011
0.3302200502
0.3306309976
0.3306309976
0.3303973752
0.3313588556
0.3311572530
0.3311572530
0.2283440129
0.1875226278
0.1484912924
0.1417934988
0.1417934988
0.1251648336
0.1016700140
0.0943057796
0.0911572587
0.0911572587
0.0939291175
0.1854169899
0.1721025640
0.1768269145
0.1768269145
0.1912540196
0.1877730603
0.1959149557
0.2031514120
0.2031514120
0.2479014676
0.2663810332
0.2954220914
0.3218365358
0.3218365358
0.3551824355
0.4181044357
0.4107400206
0.4209520908
0.4209520908
0.4237409020
0.4359902737
0.4409323896
0.4271567330
0.4271567330
0.4283678314
0.4234597569
0.4587173424
0.4302772609
0.4302772609
0.4339852469
0.4332466364
0.8005661939
0.1220004701
0.1220004701
0.1214695036
0.1213750411
0.1209037369
0.1209173208
0.1209173208
0.1203159360
0.1204593495
0.1199879930
0.1202260197
0.1202260197
0.1198516705
0.1202672386
0.1200495379
0.1214341024
0.1214341024
0.1245459018
0.1266583952
0.1281573156
0.1299437220
0.1299437220
0.1336250961
0.1344221858
0.1348059716
0.1349293841
0.1349293841
0.1353548182
0.8002802904
0.1728333187
0.1729998880
0.1729998880
0.1734152107
0.1733717837
0.1735799518
0.1741755676
0.1741755676
0.1739976271
0.1745001998
0.1742554154
0.1744909951
0.1744909951
0.1749284346
0.1747034807
0.1752361548
0.1749377149
0.1749377149
0.1750891607
0.1754216519
0.1751821978
0.1755285515
0.1755285515
0.1752487269
0.1752568529
0.1753894674
0.1751093294
0.1751093294
0.7998634831
0.1050726102
0.1050949972
0.1048021797
0.1048021797
0.1045623538
0.1041529243
0.1040359130
0.1037149601
0.1037149601
0.1033844600
0.1027080049
0.1018317524
0.1004605598
0.1004605598
0.0995042855
0.0991941523
0.1009101216
0.1016485271
0.1016485271
0.1017498564
0.1021467024
0.1039449431
0.1034321385
0.1034321385
0.1030371232
0.1022402283
0.1031109061
0.1026493361
0.1026493361
0.1023907223
0.1018015027
0.1013981599
0.1015637650
0.1015637650
0.1015355357
0.1013968052
0.1017360689
0.1022908632
0.1022908632
0.1029304184
0.1033260712
0.1033088934
0.1042616438
0.1042616438
0.1044579272
0.1046348630
0.1044954267
0.1043885956
0.1043885956
0.1040083203
0.1030441817
0.1021227672
0.1005031584
0.1005031584
0.0995924934
0.0978132462
0.0968651111
0.0951346917
0.0951346917
0.0942949396
0.0929597069
0.0924680003
0.0916722316
0.0916722316
0.0911578290
0.0905645115
0.0902663927
0.0897778696
0.0897778696
0.2136213830
0.2000844211
0.1808916576
0.1767982887
0.1767982887
0.1816816152
0.2023850884
0.2127921815
0.2237297180
0.2237297180
0.2147357987
0.2005368584
0.1712153254
0.1619920202
0.1619920202
0.1258553573
0.1298665253
0.1326932475
0.1415523455
0.1415523455
0.1513750878
0.1609707383
0.1639217577
0.1594525308
0.1594525308
0.1643395373
0.1692866509
0.1685559530
0.1633457583
0.1633457583
0.1626549577
0.1678217513
0.1712333828
0.1681079140
0.1681079140
0.1629781681
0.1663588956
0.1701905874
0.1698445698
0.1698445698
0.1670519441
0.1638796516
0.1677187255
0.1726631430
0.1726631430
0.8004586404
0.1538098875
0.1551836089
0.1549133036
0.1549133036
0.1543779530
0.1532391882
0.1519531677
0.1512939286
0.1512939286
0.1531598482
0.1528967041
0.1552704028
0.1588486927
0.1588486927
0.1623789971
0.1644744391
0.1642681530
0.1625393587
0.1625393587
0.1592800945
0.1533684180
0.1470352702
0.1444012243
0.1444012243
0.1485204705
0.1570940137
0.1614987010
0.1643533823
0.1643533823
0.1663393987
0.1674289411
0.1677072879
0.1677072879
0.1683566863
0.1691933643
0.1682856221
0.1685077294
0.1685077294
0.1679579584
0.1668329145
0.1710919248
0.1752444071
0.1752444071
0.1783252004
0.1807135509
0.1818095452
0.1818242193
0.1818242193
0.1798173181
0.1768491514
0.1715718540
0.1608552607
0.1608552607
0.1653235631
0.1733564790
0.1767619065
0.1816583374
0.1816583374
0.1846859208
0.1862020138
0.1876341917
0.1879451542
0.1879451542
0.1867346430
0.1853305918
0.1841996998
0.1844465173
0.1844465173
0.1826697998
0.1838423229
0.1877296390
0.1929508201
0.1929508201
0.1970592339
0.1997718132
0.1997427194
0.1977194038
0.1977194038
0.1944753665
0.1927561009
0.1895680259
0.1841891419
0.1841891419
0.1805908467
0.1894117923
0.8005405846
0.7517817674
0.7517817674
0.6971765647
0.6252954005
0.4777343237
0.4689805824
0.4689805824
0.4650831993
0.4598584725
0.4573989800
0.4541612341
0.4541612341
0.4523915325
0.4497941970
0.4490151803
0.4480872369
0.4480872369
0.4477391633
0.4474467450
0.4470369845
0.4468658871
0.4468658871
0.4471842750
0.4467823526
0.4467668641
0.4469319238
0.4469319238
0.4472799716
0.4474914297
0.4476127799
0.4476402087
0.4476402087
0.4479791389
0.4484824628
0.4486612949
0.4494226584
0.4494226584
0.4493220169
0.4495141884
0.4495025516
0.4462955100
0.4462955100
0.4463231573
0.4462859570
0.4462934153
0.4386474136
0.4386474136
0.4385113411
0.4384940362
0.4384419072
0.4293928046
0.4293928046
0.4292682158
0.4294926018
0.4294598963
0.4190847696
0.4190847696
0.4188587040
0.4189131350
0.4189719836
0.4185194460
0.4185194460
0.4184830056
0.4183720630
0.4179323857
0.4177668622
0.4177668622
0.4176600662
0.4171701961
0.4169861680
0.4169157717
0.4169157717
0.4164817006
0.4165794642
0.4159558245
0.4160418566
0.4160418566
0.4153909091
0.4152544553
0.4151316186
0.4146193003
0.4146193003
0.4146875409
0.4141065815
0.4140992877
0.8003064302
0.8003064302
0.4145819432
0.4059535181
0.4040131763
0.4089231467
0.4089231467
0.4117311032
0.4132596467
0.4186610668
0.4102263247
0.4102263247
0.3721538583
0.3268297154
0.3066675181
0.2920140990
0.2920140990
0.2773907656
0.2604123890
0.2127412194
0.1647298507
0.1647298507
0.1378823164
0.1506895726
0.1646167978
0.1641288161
0.1641288161
0.1635526130
0.1584912987
0.1563380269
0.1546826532
0.1546826532
0.1519373573
0.1503117109
0.1485799618
0.1478210928
0.1478210928
0.1472657627
0.1471519576
0.1463531857
0.1459102142
0.1459102142
0.1451632493
0.1443330323
0.1439451758
0.1431383715
0.1431383715
0.1424728431
0.1425043948
0.1423679432
0.1430353297
0.1430353297
0.1444091162
0.1460991829
0.1502221667
0.1541277460
0.1541277460
0.1516674817
0.1910955279
0.1931763855
0.1942460561
0.1942460561
0.1966363170
0.2007538014
0.2014815391
0.2016589517
0.2016589517
0.2009050456
0.1999200010
0.1982759979
0.1946642303
0.1946642303
0.1908310670
0.1870330918
0.1818347558
0.1770637102
0.1770637102
0.1726420017
0.1678900657
0.1636875314
0.1587269697
0.1587269697
0.1540174669
0.4445026092
0.4446445098
0.4449784095
0.4449784095
0.4449966945
0.4454828071
0.4460901913
0.4464460691
0.4464460691
0.4470898012
0.4472310707
0.4477994426
0.4476730157
0.4476730157
0.4478693977
0.4477347099
0.4487403454
0.4494162765
0.4494162765
0.4499400730
0.4487889026
0.4470421705
0.4427433516
0.4427433516
0.4387060618
0.4306084885
0.4297205984
0.4297205984
0.4302193577
0.4286136741
0.4239505492
0.4244063978
0.4244063978
0.4247880973
0.4281853536
0.4317192876
0.4363580132
0.4363580132
0.4378296808
0.4378351498
0.4376444105
0.4364559743
0.4364559743
0.4358883063
0.4350772068
0.4349796719
0.4339979057
0.4339979057
0.4331802506
0.8002928124
0.7626649315
0.7231685642
0.7231685642
0.6776538548
0.6229886061
0.5587751547
0.4769604204
0.4769604204
0.3679383640
0.1747326225
0.1753901877
0.1802471646
0.1802471646
0.1863811932
0.1867829822
0.1870809296
0.1781462869
0.1781462869
0.1738113032
0.1818284846
0.1859611095
0.1850676012
0.1850676012
0.1843348322
0.1797724362
0.1792488514
0.1795820709
0.1795820709
0.1796629795
0.1094655893
0.1109170076
0.1034132877
0.1034132877
0.0949655671
0.0915242416
0.0847082052
0.0936374965
0.0936374965
0.1524377737
0.8005111337
0.2683088267
0.2676804926
0.2676804926
0.2668453946
0.2660154872
0.2661661705
0.2662881547
0.2662881547
0.2673550819
0.2682875915
0.2699892657
0.2717694550
0.2717694550
0.2748066165
0.2784004551
0.2830659284
0.2891621998
0.2891621998
0.2950049300
0.2981394418
0.3042005204
0.3092314948
0.3092314948
0.3105903808
0.3126588695
0.3155526014
0.3194270582
0.3194270582
0.3233265637
0.3274053689
0.3299261475
0.0961320583
0.0961320583
0.0954074582
0.0966880597
0.0994469976
0.1021694011
0.1021694011
0.1047639712
0.1065665765
0.1085329813
0.1086229784
0.1086229784
0.0993992816
0.0875571014
0.0772880869
0.0705771118
0.0705771118
0.0653984386
0.0652072150
0.0656601787
0.0626975773
0.0626975773
0.0645145571
0.0704467964
0.0807571725
0.0844486130
0.0844486130
0.0834558799
0.0835877657
0.0871759597
0.0870272465
0.0870272465
0.0856437391
0.0852463683
0.0853963018
0.0862077201
0.0862077201
0.0873018554
0.0890220604
0.0911296971
0.0934162599
0.0934162599
0.0958734724
0.0987765435
0.1011185989
0.1028234281
0.1028234281
0.1042880709
0.1048659957
0.1053200930
0.1057720907
0.1057720907
0.1059397920
0.1058548703
0.1052558479
0.1037983780
0.1037983780
0.1015656646
0.0986349523
0.0943582291
0.0906088281
0.0906088281
0.0872289470
0.0855436819
0.0850603080
0.0852240066
0.0852240066
0.0863244977
0.0857559831
0.0882563028
0.0896239246
0.0896239246
0.0908882681
0.0922150674
0.0922620981
0.0933217101
0.0933217101
0.0947646209
0.0940967382
0.0896473483
0.0873068613
0.0873068613
0.0855812454
0.0827183016
0.0752193928
0.0797793468
0.0797793468
0.0650579574
0.0695775737
0.0717848770
0.0768055682
0.0768055682
0.0813977393
0.0806987021
0.0814560105
0.0823554553
0.0823554553
0.0822928028
0.0816802421
0.0789957951
0.0746895842
0.0746895842
0.0756708208
0.0787743130
0.0798190536
0.0829284700
0.0829284700
0.0857058081
0.0894407452
0.0921455269
0.0892184527
0.0892184527
0.0906488368
0.0978673566
0.0982945761
0.0915141837
0.0915141837
0.0901559289
0.0871280040
0.0879618188
0.0890398262
0.0890398262
0.0926607054
0.0989796973
0.0953583932
0.0922822194
0.0922822194
0.0902870725
