0.0076078899
0.0076065958
0.0076018144
0.0076117491
0.0076044660
0.0075996384
0.0076012606
0.0076501711
0.0076541554
0.0076501668
0.0076340809
0.0076260420
0.0076240832
0.0076203550
0.0076221940
0.0076183941
0.0076082193
0.0076153552
0.0076091814
0.0076126477
0.0076013387
0.0076007942
0.0076145398
0.0076202979
0.0076257751
0.0076313271
0.0076423024
0.0076479906
0.0076572902
0.0076542309
0.0076623662
0.0076599212
0.0076744499
0.0076740138
0.0076745335
0.0076710616
0.0076694328
0.0076736492
0.0076753574
0.0076770911
0.0076911737
0.0076898252
0.0077111068
0.0077259145
0.0077329371
0.0077457611
0.0077411303
0.0077455185
0.0077321102
0.0077324613
0.0077328362
0.0077504780
0.0078151290
0.0078237618
0.0078521033
0.0078881548
0.0079379998
0.0079387636
0.0079805278
0.0079883958
0.0079870675
0.0079842353
0.0080551934
0.0080679648
0.0081057980
0.0081079602
0.0081918312
0.0082101941
0.0082183532
0.0082722150
0.0082968492
0.0083272605
0.0083161975
0.0083330159
0.0083367227
0.0083593531
0.0083640026
0.0084456024
0.0084337428
0.0084387541
0.0083222760
0.0083628293
0.0083965514
0.0083934261
0.0083961333
0.0083946345
0.0084156086
0.0084350452
0.0085137215
0.0085314218
0.0085662378
0.0085658776
0.0086383901
0.0086357967
0.0086553691
0.0086626939
0.0086636008
0.0086679580
0.0086581024
0.0087237039
0.0087521150
0.0088105935
0.0088111024
0.0088411629
0.0088544487
0.0089006805
0.0088836952
0.0088982992
0.0088751438
0.0088777016
0.0088482560
0.0088124133
0.0087173204
0.0085956517
0.0085890248
0.0085204036
0.0084253298
0.0083499653
0.0083324625
0.0083100819
0.0082171034
0.0081942461
0.0082005021
0.0081931171
0.0081586425
0.0081537767
0.0081126477
0.0080934784
0.0078311362
0.0078078375
0.0077912097
0.0077627842
0.0077444841
0.0077229395
0.0077137121
0.0077094736
0.0076559244
0.0076047581
0.0075718949
0.0075678404
0.0075615210
0.0075236711
0.0075018341
0.0074765246
0.0074448966
0.0074353298
0.0074424191
0.0074360272
0.0073954422
0.0073924239
0.0074244135
0.0074165824
0.0073642678
0.0073495504
0.0073448314
0.0073455949
0.0073304330
0.0072893771
0.0072547715
0.0072798221
0.0072220589
0.0072188327
0.0072175310
0.0072124915
0.0072039450
0.0071858781
0.0071623065
0.0071462647
0.0070360506
0.0070315719
0.0070229214
0.0070164055
0.0070071633
0.0069977822
0.0069972030
0.0069915363
0.0068927738
0.0068560628
0.0067607444
0.0067530602
0.0067484679
0.0067448242
0.0067405532
0.0067249932
0.0066819455
0.0066791709
0.0066414677
0.0066052162
0.0064082201
0.0063779041
0.0063865189
0.0063675729
0.0060188580
0.0059931678
0.0059793340
0.0059670389
0.0059278335
0.0059260365
0.0058413957
0.0058420716
0.0058026813
0.0057747022
0.0057426964
0.0057036429
0.0055426024
0.0054792574
0.0054423427
0.0054383966
0.0053297394
0.0053269321
0.0053309402
0.0053263608
0.0052971078
0.0052981614
0.0052962353
0.0052999675
0.0597550995
0.0603212800
0.0609750529
0.0609739593
0.0615689841
0.0621755652
0.0628010241
0.0633765840
0.0635093527
0.0641042820
0.0646454856
0.0652670018
0.0654839970
0.0654807423
0.0656929646
0.0657071147
0.0655125205
0.0652941018
0.0652969551
0.0652116872
0.0649387481
0.0646973327
0.0643038859
0.0642972420
0.0638542198
0.0636083759
0.0633224633
0.0633188957
0.0633202983
0.0630664089
0.0629849385
0.0629029479
0.0625409543
0.0625430379
0.0625116614
0.0624673044
0.0623084394
0.0623056103
0.0623114408
0.0621800519
0.0618948196
0.0621191275
0.0620494189
0.0620597317
0.0621143980
0.0623175851
0.0623240368
0.0623919177
0.0623974546
0.0623943580
0.0623047238
0.0622723047
0.0623390185
0.0623444327
0.0622825455
0.0622043339
0.0621737200
0.0621396941
0.0621141112
0.0620006581
0.0616275549
0.0611696491
0.0606614153
0.0606479060
0.0602115056
0.0596173415
0.0585550766
0.0576126515
0.0575305867
0.0566307701
0.0553605960
0.0543088388
0.0524931137
0.0524879461
0.0516733747
0.0510405332
0.0503159320
0.0495724663
0.0495159958
0.0490855555
0.0485907183
0.0482023193
0.0475395260
0.0475163735
0.0470547106
0.0468735360
0.0468752197
0.0469184872
0.0467309709
0.0466507041
0.0466293642
0.0463201971
0.0459877822
0.0459851026
0.0458097146
0.0456453810
0.0453870285
0.0451842333
0.0451805278
0.0449569407
0.0444333500
0.0440186499
0.0433761738
0.0433613630
0.0425116305
0.0426670550
0.0430169760
0.0433706190
0.0433552584
0.0436685773
0.0438202298
0.0441140448
0.0442522484
0.0442547441
0.0444637946
0.0446617705
0.0450538768
0.0457300338
0.0457320817
0.0468858244
0.0481265810
0.0490897081
0.0500968346
0.0501067264
0.0508633185
0.0513116006
0.0514987091
0.0513877640
0.0513313245
0.0513197189
0.0513429575
0.0512569914
0.0511434555
0.0511455552
0.0510098275
0.0507986617
0.0504513974
0.0501713485
0.0501641278
0.0501441470
0.0499012078
0.0496444465
0.0494808315
0.0494806346
0.0491991033
0.0488867477
0.0488638755
0.0486531695
0.0486088520
0.0486076390
0.0485175781
0.0483662796
0.0481710752
0.0481717516
0.0481606855
0.0480933887
0.0481044909
0.0481734950
0.0481809735
0.0482130009
0.0483033040
0.0483964316
0.0483506461
0.0483537974
0.0482469781
0.0482095781
0.0481637143
0.0481090988
0.0479615319
0.0479698054
0.0477333510
0.0475590037
0.0474026444
0.0474021333
0.0473427365
0.0473739341
0.0472659641
0.0471487163
0.0471407517
0.0469852597
0.0467365833
0.0464284819
0.0461825317
0.0461810966
0.0459139079
0.0456962169
0.0453113239
0.0448229677
0.0446793837
0.0442744517
0.0440116568
0.0437062258
0.0433931462
0.0433860147
0.0431274796
0.0429849077
0.0424332168
0.0230796961
0.0231184690
0.0231336819
0.0231262825
0.0230612454
0.0230681539
0.0230587070
0.0230892771
0.0230308478
0.0230516798
0.0230098006
0.0230335113
0.0230162938
0.0230357495
0.0230148464
0.0229884683
0.0229814792
0.0229749179
0.0229499261
0.0228671610
0.0228605931
0.0228398295
0.0228302098
0.0227928231
0.0227921301
0.0227296838
0.0227128003
0.0226153385
0.0225905683
0.0225723915
0.0225526948
0.0225435211
0.0226227517
0.0226412627
0.0227044611
0.0227125343
0.0227074085
0.0228301737
0.0228611254
0.0229022485
0.0228328136
0.0228072821
0.0226930103
0.0225115401
0.0223979903
0.0221973851
0.0221754574
0.0219877927
0.0218809803
0.0217046518
0.0215339825
0.0214346370
0.0213298094
0.0211126976
0.0209134592
0.0206607212
0.0206517109
0.0204029714
0.0202542078
0.0201530352
0.0200365649
0.0200244622
0.0200082253
0.0199871193
0.0198991276
0.0198515096
0.0198189509
0.0196096457
0.0195934944
0.0195650290
0.0195089407
0.0194758985
0.0194686835
0.0194494383
0.0194211227
0.0192672547
0.0192765337
0.0192367069
0.0192106301
0.0191694031
0.0191693060
0.0191635576
0.0191762929
0.0190769278
0.0191021325
0.0190847766
0.0190826873
0.0190245491
0.0190346562
0.0190206636
0.0189663365
0.0188598009
0.0188896321
0.0188528649
0.0188201091
0.0188045628
0.0188065573
0.0188271574
0.0187932798
0.0187317096
0.0187217384
0.0187240118
0.0187170103
0.0187038298
0.0187357128
0.0186882088
0.0186920766
0.0187407045
0.0187513211
0.0187092470
0.0187673193
0.0187597257
0.0188112243
0.0187905805
0.0188128773
0.0187479010
0.0187410070
0.0187635742
0.0188444138
0.0188611988
0.0189094294
0.0189019267
0.0189792202
0.0189606130
0.0190349299
0.0190944192
0.0190925694
0.0192043301
0.0192975203
0.0291598490
0.0292279577
0.0292363862
0.0292626227
0.0292782451
0.0294019676
0.0293612795
0.0293623704
0.0293579671
0.0295224463
0.0295001342
0.0295143163
0.0295130197
0.0295762493
0.0295581694
0.0296319794
0.0295513740
0.0295684317
0.0297083673
0.0297704431
0.0297406275
0.0299288844
0.0299383146
0.0300139044
0.0299924090
0.0300296196
0.0300299703
0.0300276438
0.0300518945
0.0301027877
0.0301460537
0.0301366509
0.0301257418
0.0301586718
0.0301099562
0.0301878862
0.0301820983
0.0301829229
0.0301029315
0.0299544824
0.0295752138
0.0291322171
0.0291193940
0.0286882266
0.0282265574
0.0281029560
0.0280829655
0.0280804078
0.0282783103
0.0286140854
0.0287376787
0.0287866280
0.0287889381
0.0289479376
0.0290952624
0.0293435961
0.0294391465
0.0294419601
0.0296664159
0.0297865169
0.0298761776
0.0298831260
0.0298785433
0.0299564202
0.0299245150
0.0300731927
0.0300076561
0.0300105698
0.0301069398
0.0302847688
0.0302763705
0.0303248972
0.0303218817
0.0303566974
0.0303368267
0.0303898399
0.0303913267
0.0303937183
0.0304358225
0.0304766492
0.0304408779
0.0304481157
0.0304464978
0.0304918369
0.0305017294
0.0304469246
0.0303575935
0.0303556425
0.0302399985
0.0301648310
0.0300627687
0.0297898704
0.0297841338
0.0295584024
0.0293934932
0.0291179198
0.0289010852
0.0289005208
0.0288543943
0.0287421254
0.0430933149
0.0428188265
0.0430116037
0.0427780778
0.0424028796
0.0421254687
0.0417744778
0.0417722977
0.0413308592
0.0409524690
0.0406743898
0.0403411631
0.0403321924
0.0401612283
0.0400470487
0.0399961407
0.0399566306
0.0399559983
0.0399848076
0.0398204246
0.0398232136
0.0397226498
0.0397343425
0.0397011019
0.0396265524
0.0394968239
0.0393550208
0.0393726379
0.0393447049
0.0394608293
0.0397975119
0.0401278405
0.0401219066
0.0404744000
0.0407924320
0.0411851054
0.0415471071
0.0415452072
0.0414702702
0.0415481881
0.0417103221
0.0417666963
0.0417743702
0.0419634013
0.0421442059
0.0422757212
0.0421818307
0.0421805975
0.0421292891
0.0421339612
0.0420866801
0.0420479015
0.0420576943
0.0420119913
0.0418448961
0.0417812223
0.0418413273
0.0418402089
0.0418716162
0.0419023833
0.0420130111
0.0420470772
0.0420016868
0.0420414243
0.0420836652
0.0420575986
0.0420823532
0.0420806409
0.0421158639
0.0421015457
0.0421159410
0.0421196315
0.0421200437
0.0421496292
0.0421074979
0.0421447956
0.0421751503
0.0421719332
0.0421827624
0.0421635659
0.0422257476
0.0421757448
0.0421622920
0.0421557251
0.0422487185
0.0422498174
0.0420965656
0.0420821074
0.0421179227
0.0420331081
0.0419977597
0.0418348928
0.0418325148
0.0416988736
0.0417765258
0.0417395141
0.0417276588
0.0417243724
0.0416694835
0.0416949593
0.0416607681
0.0415609335
0.0415670446
0.0414984736
0.0415257265
0.0414542049
0.0414996492
0.0414483059
0.0414891605
0.0414630449
0.0414348050
0.0412763771
0.0412779903
0.0412763685
0.0411853229
0.0411264473
0.0410516025
0.0410568850
0.0410331085
0.0410222003
0.0409592831
0.0409058223
0.0408883557
0.0409045851
0.0408467103
0.0407557941
0.1629831305
0.1629834376
0.1629350055
0.1629421180
0.1627222821
0.1627738954
0.1627776065
0.1627622335
0.1626881066
0.1629315762
0.1629223000
0.1629272991
0.1628544433
0.1631650768
0.1631650965
0.1634070469
0.1633786518
0.1645781651
0.1656264809
0.1663980854
0.1673367844
0.1673542922
0.1681506943
0.1683249310
0.1688075904
0.1687942544
0.1688085361
0.1693505216
0.1696890520
0.1697306067
0.1704100987
0.1704138132
0.1721724061
0.1725038793
0.1730862681
0.1734230599
0.1734770105
0.1740037915
0.1744558508
0.1748224453
0.1752533613
0.1752554476
0.1757001472
0.1762830292
0.1770671232
0.1783013757
0.1783199533
0.1799804309
0.1818852920
0.1837207758
0.1852830766
0.1852818241
0.1872296262
0.1888331391
0.1905828747
0.1920115215
0.1919986008
0.1939574748
0.1959650838
0.1974270144
0.1995171775
0.1994995797
0.2017823134
0.2033503897
0.2053523989
0.2073628436
0.2073998301
0.2089740635
0.2104456419
0.2119101162
0.2128237263
0.2128306207
0.2141911248
0.2151540529
0.2159761638
0.2165315602
0.2165560429
0.2173423071
0.2179088650
0.2182174459
0.2180731539
0.2181060571
0.2184499673
0.2186975877
0.2186983224
0.2190212133
0.2189689612
0.2193775984
0.2193091932
0.2195139734
0.2191196686
0.2191056539
0.2187913725
0.2190146666
0.2186600658
0.2181130874
0.2179663102
0.2172615645
0.2169091207
0.2159388983
0.2146510707
0.2146655029
0.2133732709
0.2114769306
0.2091479542
0.2064525065
0.2064678380
0.2043983139
0.2020652489
0.1993228991
0.1968212331
0.1968146942
0.1948634903
0.1927067643
0.1906310171
0.1883071483
0.1882798235
0.1863181117
0.1847745242
0.1831721558
0.1813530726
0.1813585369
0.1805990694
0.1794606632
0.1780080945
0.1770672982
0.1770156301
0.1756590508
0.1748029585
0.1737516236
0.1725565021
0.1725632354
0.1721036762
0.1712820259
0.1707627794
0.1700471609
0.1699820894
0.1695578148
0.1686004882
0.0383073035
0.0386145887
0.0386221393
0.0386998182
0.0386886818
0.0388728995
0.0388552410
0.0388495945
0.0388187675
0.0387980255
0.0387468682
0.0386608880
0.0386617708
0.0385962906
0.0385356429
0.0384944581
0.0384015837
0.0383355989
0.0383349094
0.0383153437
0.0382467331
0.0381431946
0.0381446891
0.0381421912
0.0380485839
0.0380033824
0.0379534060
0.0379497455
0.0379065341
0.0377870296
0.0377413555
0.0376509177
0.0376565216
0.0375790720
0.0375653276
0.0374878922
0.0374543634
0.0372773147
0.0372490176
0.0372008164
0.0371830627
0.0371054635
0.0371040687
0.0370838816
0.0370807139
0.0371447105
0.0371855486
0.0371846828
0.0372141165
0.0372198293
0.0372685569
0.0372663334
0.0372681403
0.0374152738
0.0374319302
0.0374812045
0.0374629940
0.0374824136
0.0375217383
0.0376092315
0.0376400595
0.0376944837
0.0376961585
0.0377177181
0.0377669929
0.0377033694
0.0377197633
0.0377324302
0.0378288563
0.0378917197
0.0380510658
0.0381178371
0.0381371119
0.0383880292
0.0385991729
0.0388101360
0.0389464792
0.0390230703
0.0391583007
0.0392789245
0.0394566421
0.0395727196
0.0395741253
0.0396238332
0.0397311367
0.0398647045
0.0398073740
0.0397991960
0.0398416172
0.0396936201
0.0397114690
0.0397721326
0.0398198319
0.0398243504
0.0398208571
0.0398926426
0.0399224144
0.0399207464
0.0398848244
0.0397918982
0.0398272258
0.0397775267
0.0397790683
0.0398428394
0.0399201555
0.0399720046
0.0400769649
0.0401463273
0.0401485974
0.0401571711
0.0402063631
0.0402146106
0.0402122434
0.0402061411
0.0402173862
0.0402617246
0.0402560123
0.0402613649
0.0403729252
0.0404103834
0.0404542696
0.0405710707
0.0405744897
0.0406291786
0.0406207650
0.0406397619
0.0406286546
0.0406211931
0.0405898765
0.0405921439
0.0405305878
0.0404431141
0.0404327939
0.0405017172
0.0404240780
0.0403573699
0.0402481100
0.0402411235
0.0401821859
0.0400800813
0.0400183731
0.0399893005
0.0399857746
0.0399331624
0.0398269647
0.0397315458
0.0395737799
0.0395539036
0.0394342770
0.0392887279
0.0392155113
0.0391696269
0.0391158251
0.0391506349
0.0391347875
0.0390824612
0.0389989645
0.0390505707
0.0389901559
0.0389157286
0.0387974400
0.0387435288
0.0387442518
0.0386874939
0.0386626833
0.0386805152
0.0386983324
0.0386985644
0.0386978427
0.0386647842
0.0386071581
0.0385491606
0.0385511602
0.0385513097
0.0384882982
0.0384526437
0.0383799155
0.0383491848
0.0308616212
0.0310715681
0.0312700748
0.0316868378
0.0316855508
0.0318138307
0.0319512456
0.0323330299
0.0323126568
0.0323230267
0.0329184934
0.0332923276
0.0338057674
0.0341246226
0.0341265803
0.0347620696
0.0346452516
0.0353030708
0.0355095393
0.0356145539
0.0358937824
0.0360364756
0.0363342373
0.0365714976
0.0365651322
0.0368469077
0.0368769655
0.0372728830
0.0375822172
0.0376220056
0.0379190390
0.0382924226
0.0385068368
0.0390685210
0.0390931631
0.0394139970
0.0395719341
0.0397152663
0.0400784649
0.0401877983
0.0402415512
0.0406909160
0.0407743231
0.0411963569
0.0411928303
0.0415453989
0.0417294692
0.0417990866
0.0419685862
0.0420587470
0.0424632945
0.0426935179
0.0428842671
0.0432469396
0.0432462742
0.0436611849
0.0436577109
0.0440154562
0.0440602797
0.0441410429
0.0440903948
0.0443130669
0.0445364502
0.0448790755
0.0448803116
0.0452427331
0.0455997816
0.0462937167
0.0466424913
0.0466403052
0.0463665541
0.0459922882
0.0456696560
0.0454016910
0.0453989127
0.0452579227
0.0450731304
0.0450347306
0.0450624841
0.0450864889
0.0451725551
0.0453107970
0.0454614410
0.0455625513
0.0455624374
0.0456547820
0.0458819948
0.0460154253
0.0461598358
0.0461612431
0.0463005698
0.0464205096
0.0464936562
0.0465137400
0.0464863970
0.0464707334
0.0464417587
0.0464038864
0.0462937500
0.0462956172
0.0460830221
0.0461204419
0.0460880662
0.0461057095
0.0461051299
0.0459180863
0.0456012208
0.0456194163
0.0455761017
0.0455782190
0.0456056807
0.0452640970
0.0450589943
0.0452406518
0.0452403815
0.0452104551
0.0451302409
0.0447091033
0.0447484985
0.0447506824
0.0447429937
0.0446612392
0.0444345141
0.0440274175
0.0440380153
0.0442567271
0.0442312363
0.0441798292
0.0436536702
0.0436407219
0.0436314893
0.0436825405
0.0436784713
0.0434955763
0.0434931691
0.0432982448
0.0436439343
0.0436633073
0.0436372037
0.0432601635
0.0432646535
0.0435623495
0.0434701224
0.0434728736
0.0434774437
0.0430582134
0.0432813671
0.0434055580
0.0434765845
0.0434750997
0.0432553095
0.0432798596
0.0435015993
0.0435620229
0.0435569636
0.0433527916
0.0432504897
0.0435401460
0.0436143432
0.0436270997
0.0436213594
0.0434233005
0.0436792082
0.0437630018
0.0437686831
0.0437348876
0.0435933858
0.0436148408
0.0436296116
0.0436427663
0.0436048970
0.0435356781
0.0435498955
0.0434862272
0.0435077368
0.0436268584
0.0437992226
0.0437129922
0.0438653212
0.0438388785
0.0434879400
0.0429235137
0.0427958562
0.0426972089
0.0427034821
0.0426991120
0.0428041604
0.0428623726
0.0428632770
0.0428564674
0.0429419661
0.0429940073
0.0430227445
0.0429836464
0.0429786579
0.0430260247
0.0430566188
0.0430142862
0.0431068600
0.0431121039
0.0432161528
0.0432892412
0.0434620789
0.0435934869
0.0435947823
0.0437266640
0.0438165806
0.0439531585
0.0440775674
0.0440856451
0.0442795436
0.0442466186
0.0443912387
0.0445090480
0.0445167046
0.0446088879
0.0447737088
0.0446134231
0.0447125064
0.0445278787
0.0445273910
0.0448047181
0.0446758490
0.0448064165
0.0448106459
0.0449844106
0.0453542036
0.0453726034
0.0456239093
0.0456399516
0.0457169485
0.0458872338
0.0462084211
0.0463421270
0.0463328454
0.0464856959
0.0465283877
0.0469068383
0.0467881696
0.0467887581
0.0471050841
0.0470829785
0.0472578611
0.0471185576
0.0471194694
0.0471373258
0.0472024458
0.0470456758
0.0471420824
0.0471410919
0.0469520577
0.0472659256
0.0471494299
0.0472292305
0.0472351103
0.0471124078
0.0471514189
0.0471277925
0.0470875086
0.0471357408
0.0472784227
0.0471663788
0.0474134312
0.0473931736
0.0473923249
0.0475224633
0.0474662447
0.0471583997
0.0470499495
0.0470494534
0.0327293557
0.0329665734
0.0329786964
0.0330448507
0.0330448303
0.0332203135
0.0332979887
0.0333786311
0.0334171847
0.0334057549
0.0334923583
0.0336179924
0.0336288506
0.0336298895
0.0336418024
0.0336202539
0.0336469719
0.0336348397
0.0335785669
0.0335285948
0.0335377557
0.0335353941
0.0334589240
0.0333494182
0.0333484622
0.0331819683
0.0330359058
0.0329236523
0.0327808215
0.0327530859
0.0327171731
0.0326715926
0.0325698890
0.0324955262
0.0324462503
0.0323931539
0.0323761294
0.0322759593
0.0322569924
0.0322561533
0.0322740353
0.0322521130
0.0323545187
0.0324088034
0.0323967267
0.0324225003
0.0323923466
0.0323450548
0.0323020700
0.0322703215
0.0322656946
0.0322522384
0.0322408933
0.0322476207
0.0322510582
0.0322262110
0.0321909911
0.0321876730
0.0321491596
0.0321516943
0.0321380349
0.0321127475
0.0320528652
0.0320052183
0.0319674580
0.0319701044
0.0319781885
0.0319473754
0.0319252970
0.0319048527
0.0319056840
0.0319159332
0.0319051557
0.0317958678
0.0318011990
0.0318013690
0.0318123357
0.0318083536
0.0318004817
0.0318031261
0.0317981347
0.0317706005
0.0317604643
0.0317514754
0.0316823356
0.0313565735
0.0313730099
0.0313777483
0.0313570412
0.0313532113
0.0314043446
0.0314695793
0.0314936580
0.0315755191
0.0315789830
0.0315932603
0.0315969922
0.0315561096
0.0315431418
0.0315542973
0.0315466296
0.0316088835
0.0315609550
0.0316668327
0.0316667413
0.0317773249
0.0318387500
0.0319701466
0.0320776552
0.0320894349
0.0320904216
0.0321806210
0.0323190548
0.0324170607
0.0325348803
0.0325423571
0.0327914253
0.0329661989
0.0332715567
0.0332682745
0.0337078966
0.0340472564
0.0344595221
0.0346864593
0.0346689394
0.0346973819
0.0346584210
0.0346909873
0.0346269416
0.0346445427
0.0345966861
0.0345526238
0.0344648152
0.0342585046
0.0341788507
0.0341712807
0.0340691229
0.0339045772
0.0337480115
0.0337439180
0.0336335284
0.0333960314
0.0333142100
0.0330982863
0.0330876991
0.0329263730
0.0328169292
0.0325950498
0.0323729732
0.0323422455
0.0321509283
0.0319584637
0.0318043419
0.0315213485
0.0315126411
0.0314739019
0.0314312575
0.0313071981
0.0312535541
0.0312697364
0.0311899596
0.0311726689
0.0310691996
0.0309483281
0.0309538082
0.0308720953
0.0307635340
0.0306913704
0.0306425549
0.0306284587
0.0305652369
0.0304748253
0.0303788810
0.0302361933
0.0301442206
0.0301397733
0.0300966478
0.0299608704
0.0298378455
0.0298371944
0.0298178376
0.0293412132
0.0293055883
0.0292982065
0.0292241759
0.0292323733
0.0291837069
0.0291456423
0.0290962842
0.0291091506
0.0290698669
0.0290697474
0.0290690647
0.0290562115
0.0290568495
0.0290911820
0.0291044308
0.0290893844
0.0291674171
0.0292041635
0.0292138756
0.0292580095
0.0292893503
0.0292957769
0.0293069020
0.0292606482
0.0293054019
0.0292950792
0.0293370708
0.0293488925
0.0295008734
0.0295663119
0.0295620402
0.0295681731
0.0295028985
0.0295074206
0.0294510067
0.0294713991
0.0293733132
0.0293645002
0.0293918185
0.0294859606
0.0294655451
0.0294931701
0.0294942926
0.0295815460
0.0296564498
0.0297242337
0.0298304057
0.0299929522
0.0299748174
0.0300036052
0.0300220735
0.1735357360
0.1735357239
0.1744005247
0.1741926134
0.1735293423
0.1721540343
0.1721691191
0.1723439074
0.1715919315
0.1703210507
0.1680120852
0.1680185934
0.1670981984
0.1656522129
0.1639078540
0.1610469840
0.1609674605
0.1573635589
0.1561585292
0.1561064865
0.1545454083
0.1545107479
0.1528929425
0.1518949753
0.1497928389
0.1489834245
0.1489457242
0.1480528255
0.1456479223
0.1446690067
0.1430919039
0.1430587685
0.1426376453
0.1419490987
0.1412324599
0.1405908813
0.1404180537
0.1397523695
0.1392506700
0.1386659294
0.1377514599
0.1377494637
0.1374852953
0.1368755996
0.1363208302
0.1361694318
0.1361418623
0.1353977525
0.1344141816
0.1322263000
0.1288926374
0.1288817605
0.1291629527
0.1312498631
0.1303178589
0.1282133562
0.1241353016
0.1241143434
0.1233147053
0.1264782703
0.1258394494
0.1227338318
0.1227391658
0.1183073677
0.1206871507
0.1244816713
0.1245061122
0.1237097727
0.1196850598
0.1175111840
0.1221577923
0.1230721330
0.1230639221
0.1217567043
0.1175705193
0.1185277250
0.1183794672
0.1228451845
0.1221244280
0.1197923922
0.1159449084
0.1202432989
0.1202493115
0.1219066900
0.1204464056
0.1169308472
0.1165529266
0.1165965669
0.1207735376
0.1197696814
0.1186979827
0.1187314267
0.1156920201
0.1180118650
0.1186745413
0.1178715033
0.1178365278
0.1159361132
0.1141508120
0.1170521279
0.1169984329
0.1164606332
0.1164500448
0.1145510569
0.1142893325
0.1156651167
0.1156593033
0.1144529476
0.1131638413
0.1105762389
0.1112970623
0.1113131263
0.1114011022
0.1100946605
0.1084874405
0.1071038443
0.1070260768
0.1080531781
0.1069830862
0.1059698113
0.1050116841
0.1050114992
0.1046085193
0.1037324712
0.1026781620
0.1013092220
0.1014029381
0.0999052686
0.0990236063
0.0989456075
0.0994253152
0.1000991637
0.1000729322
0.1007366104
0.1020387202
0.1036326604
0.1050017618
0.1051460733
0.1070414856
0.1102351642
0.1098955293
0.1097677931
0.1108846337
0.1118452199
0.1129322322
0.1141350685
0.1149408581
0.1149135532
0.1158094810
0.1167363140
0.1176795861
0.1178086608
0.1195056917
0.1206691749
0.1225242058
0.1239350699
0.1240744718
0.1249817650
0.1265126085
0.1280195767
0.1293937454
0.1307263184
0.1308729663
0.1329174492
0.1344084343
0.1356832090
0.1357591668
0.1378964513
0.1393106660
0.1412300154
0.1429561161
0.1429913974
0.1439416394
0.1452122654
0.1459050646
0.1475794686
0.1498889059
0.1499437609
0.1503355910
0.1519370033
0.1524121885
0.1524081899
0.1541887997
0.1566328804
0.1566007603
0.1575136862
0.1567842660
0.1567818246
0.1585778770
0.1607154163
0.1604412969
0.1605942357
0.1606385478
0.1598267951
0.1626452289
0.1633850644
0.1634498368
0.1646525918
0.1639671157
0.1651766874
0.1684091514
0.1688288630
0.1689735186
0.1695682278
0.1685575266
0.1722019560
0.1722186518
0.1733211494
0.1741249854
0.1734659051
0.1733827462
0.1734082120
