0.2630068239
0.2630068239
0.2630068239
0.2630068239
0.2630068239
0.2630068239
0.2630068239
0.2630068239
0.2630068239
0.2630068239
0.2630068239
0.2630068239
0.2630068239
0.2630068239
0.2630068239
0.2630068239
0.2630068239
0.2630068239
0.2630068239
0.2630068239
0.2630068239
0.2630068239
0.2630068239
0.2630068239
0.2630068239
0.2630068239
0.2630068239
0.2630068239
0.2630068239
0.2630068239
0.2630068239
0.2630068239
0.2630068239
0.2630068239
0.2630068239
0.2630068239
0.2630068239
0.2630068239
0.2630068239
0.2630068239
0.2630068239
0.2630068239
0.2630068239
0.2630068239
0.2630068239
0.2630068239
0.2630068239
0.2630068239
0.2630068239
0.2630068239
0.2630068239
0.2630068239
0.2630068239
0.2630068239
0.2630068239
0.2630068239
0.2630068239
0.2630068239
0.2630068239
0.2630068239
0.2630068239
0.2630068239
0.2630068239
0.2630068239
0.2630068239
0.2630068239
0.2630068239
0.2630068239
0.2630068239
0.2630068239
0.2630068239
0.2630068239
0.2630068239
0.2630068239
0.2630068239
0.2630068239
0.2630068239
0.2630068239
0.2630068239
0.2630068239
0.2630068239
0.2630068239
0.2630068239
0.2630068239
0.2630068239
0.2630068239
0.2630068239
0.2630068239
0.2630068239
0.2630068239
0.2630068239
0.2630068239
0.2630068239
0.2630068239
0.2630068239
0.2630068239
0.2633994101
0.2633994101
0.2634246250
0.2633894980
0.2624173840
0.2620700839
0.2623107218
0.2623107218
0.2623481735
0.2625171138
0.2629813156
0.2633599209
0.2635405911
0.2635405911
0.2637587666
0.2641912136
0.2646853201
0.2649776348
0.2649999355
0.2649999355
0.2653338539
0.2655565097
0.2658892281
0.2657375138
0.2660138277
0.2660138277
0.2664081616
0.2664659741
0.2653231981
0.2656188346
0.2658136726
0.2658136726
0.2662227658
0.2663775519
0.2666291515
0.2665699413
0.2671142345
0.2671142345
0.2672869000
0.2675127795
0.2674877582
0.2675719403
0.2673820173
0.2673820173
0.2678155592
0.2678087801
0.2682056962
0.2676207506
0.2678990478
0.2678990478
0.2679150599
0.2682763343
0.2677634083
0.2681620057
0.3993282722
0.3993282722
0.4001351705
0.4006798882
0.4012641547
0.4018294670
0.4022675831
0.4022675831
0.4021315200
0.4019515561
0.4020306948
0.4019709589
0.4022280401
0.4022280401
0.4020372305
0.4016471174
0.4017425379
0.4012676654
0.4012837114
0.4012837114
0.4011776781
0.4012589286
0.4012047479
0.4012237236
0.4012552391
0.4012552391
0.4014580465
0.4016942245
0.4014844473
0.4008085589
0.4008748507
0.4008748507
0.4008603885
0.4012333625
0.4013165717
0.4014263045
0.4015686436
0.4015686436
0.4018081705
0.4019209055
0.4020757754
0.4026902168
0.4024888501
0.4024888501
0.4023215207
0.4022591865
0.4020228148
0.4020306266
0.4017227290
0.4017227290
0.4015556855
0.4016632407
0.4015695766
0.4010722262
0.4007319867
0.4007319867
0.4342797610
0.4443835322
0.4524855069
0.4498248950
0.4413228643
0.4413228643
0.4390374988
0.4383894402
0.4386938239
0.4393820679
0.4393687065
0.4393687065
0.4399982611
0.4403706961
0.4394319470
0.4393802001
0.4396241548
0.4396241548
0.4396556610
0.4394441251
0.4393474433
0.4394548966
0.4389766186
0.4389766186
0.4387922244
0.4386158162
0.4386792646
0.4386283825
0.4389296164
0.4389296164
0.4391280291
0.4386499563
0.4393115153
0.4391967657
0.4397402924
0.4397402924
0.4393197302
0.4396326936
0.4395744965
0.4396727595
0.4395269028
0.4395269028
0.4394958370
0.4394658403
0.4398395770
0.4396921826
0.4400194509
0.4400194509
0.4393759349
0.4396061016
0.3159950685
0.3155393290
0.3151137681
0.3151137681
0.3147688340
0.3142661474
0.3141360019
0.3136785270
0.3127514728
0.3127514728
0.3115177366
0.3090124107
0.3066264370
0.3065141820
0.3057714839
0.3057714839
0.3043685955
0.3007287456
0.2925905086
0.2852926822
0.2795133847
0.2795133847
0.2849232429
0.2782658582
0.2731031824
0.2691615500
0.2598438757
0.2598438757
0.2580508245
0.2510084745
0.2414174213
0.2554791602
0.2638171352
0.2638171352
0.2670306950
0.2640536932
0.2622785989
0.2529604025
0.2479368246
0.2479368246
0.2539102421
0.2465276378
0.2395720085
0.2458450208
0.2527589302
0.2527589302
0.2496700550
0.2697691073
0.2979468791
0.2982822931
0.1854991261
0.1854991261
0.2008040502
0.3917580590
0.3903891691
0.3890015164
0.3876259069
0.3876259069
0.3883615348
0.3895920241
0.3900191446
0.3900512821
0.3900589495
0.3900589495
0.3901403629
0.3902981731
0.3903504858
0.3903423411
0.3903141248
0.3903141248
0.3898959845
0.3898829837
0.3899062635
0.3899790947
0.3900053139
0.3900053139
0.3900567512
0.3902114203
0.3903626071
0.3903782346
0.3904881512
0.3904881512
0.3904815401
0.3906649159
0.3906076113
0.3908076324
0.3907830172
0.3907830172
0.3908929732
0.3908343102
0.3912465924
0.3914778828
0.3916971883
0.3916971883
0.3919485301
0.3922705769
0.3923970932
0.3924592253
0.2690804815
0.2690804815
0.2693994511
0.2698510142
0.2704328878
0.2713442540
0.2719203432
0.2719203432
0.2722359204
0.2723674217
0.2728258863
0.2731442768
0.2731699327
0.2731699327
0.2733997515
0.2734922048
0.2731890679
0.2738641039
0.2733468037
0.2733468037
0.2734525664
0.2738393349
0.2736562118
0.2738109819
0.2738908505
0.2738908505
0.2741848005
0.2742066973
0.2747037644
0.2737272507
0.2740687196
0.2740687196
0.2741101753
0.2739956939
0.2739293858
0.2741979489
0.2744780928
0.2744780928
0.2745364585
0.2745419649
0.2746235610
0.2748071261
0.2751391959
0.2751391959
0.2743883782
0.2752076804
0.2748253701
0.2747620868
0.2749601518
0.2749601518
0.2751641774
0.2751984388
0.2751221389
0.2753740588
0.2756006972
0.2756006972
0.2754940824
0.2754204747
0.2751264732
0.2752863021
0.2753075914
0.2753075914
0.2753926185
0.2766431333
0.5982966374
0.5986288933
0.5983188374
0.5983188374
0.5983236452
0.5983403357
0.5988304526
0.5990718925
0.5994962344
0.5994962344
0.5998049490
0.5997106065
0.5988123128
0.5980853137
0.5973616326
0.5973616326
0.5972653339
0.5970309801
0.5971939503
0.5970886262
0.5972553190
0.5972553190
0.5973260852
0.5973272218
0.5973050206
0.5974166298
0.5974880273
0.5974880273
0.5974645741
0.5973549756
0.5973703735
0.5975143567
0.5976362992
0.5976362992
0.5975912280
0.5975625441
0.5976194793
0.5978304988
0.5977858299
0.5977858299
0.5977832131
0.5978163961
0.5977480491
0.5977218298
0.5976822951
0.5976822951
0.5976854182
0.5977579311
0.5977452633
0.5977205106
0.5976702479
0.5976702479
0.5975633882
0.5340294194
0.5344287968
0.5346836662
0.5346702778
0.5346702778
0.5347336234
0.5351638361
0.5352515926
0.5349097558
0.5342698309
0.5342698309
0.5338183443
0.5326600795
0.5312987055
0.5294808808
0.5275689575
0.5275689575
0.5252715275
0.5226022799
0.5195468954
0.5164600227
0.5129748218
0.5129748218
0.5093353251
0.5057188268
0.5025350127
0.4993544028
0.4962380265
0.4962380265
0.4934399632
0.4905047629
0.4879354317
0.4858942129
0.4836612643
0.4836612643
0.4819302886
0.4802746190
0.4791538585
0.4780639178
0.4773732252
0.4773732252
0.4769201700
0.4775122016
0.4779464664
0.4785274227
0.4792469651
0.4792469651
0.4806724549
0.4820896035
0.4834358139
0.4847791161
0.4872760320
0.4872760320
0.4897299954
0.4920650732
0.4946868097
0.4975977804
0.5002266086
0.5002266086
0.5028525244
0.5051421672
0.5084416706
0.5114271549
0.5149596147
0.5149596147
0.5180712154
0.5221481852
0.5258195859
0.5296653318
0.5329679167
0.5329679167
0.2601211246
0.2600590926
0.2601121313
0.2610230487
0.2614848152
0.2614848152
0.2623398798
0.2623387309
0.2624517695
0.2627544843
0.2632254191
0.2632254191
0.2635806691
0.2636411082
0.2625786765
0.2625055877
0.2622833150
0.2622833150
0.2621390253
0.2621539404
0.2620791185
0.2619040038
0.2616600598
0.2616600598
0.2615014780
0.2616242008
0.2615637101
0.2613173212
0.2598547014
0.2598547014
0.2594298630
0.2591345810
0.2588975168
0.2584159995
0.2582935995
0.2582935995
0.2579290401
0.2578653970
0.2577826389
0.2577563873
0.2575363910
0.2575363910
0.2568330630
0.2554579251
0.2552703270
0.2552067219
0.2549467091
0.2549467091
0.2547120092
0.2544777539
0.2542962556
0.2540521564
0.2537058095
0.2537058095
0.3421347167
0.3420712676
0.3418534822
0.3413600146
0.3407698634
0.3407698634
0.3412296187
0.3415071650
0.3418068079
0.3417921799
0.3418432129
0.3418432129
0.3416102560
0.3419258744
0.3420302710
0.3417844532
0.3414856892
0.3414856892
0.3417232533
0.3411764602
0.3414284615
0.3416928645
0.3422856946
0.3422856946
0.3426620117
0.3431800595
0.3434641203
0.3440655440
0.3441705663
0.3441705663
0.3446616663
0.3448881757
0.3457968335
0.3462894685
0.3471104139
0.3471104139
0.3479274797
0.3490163342
0.3500114101
0.3512168298
0.3517686258
0.3517686258
0.3530045015
0.3533600148
0.3541153424
0.3548946344
0.3558042000
0.3558042000
0.3565894510
0.3497628737
0.3504727344
0.3511426534
0.3520502627
0.3520502627
0.3532817661
0.3539607691
0.3548943983
0.3556554940
0.3561454054
0.3561454054
0.3567969883
0.3575428574
0.3578380677
0.3580869552
0.3585821089
0.3585821089
0.3588742495
0.3591713086
0.3594939713
0.3601281047
0.3606914876
0.3606914876
0.3611336050
0.3612784711
0.3616203994
0.3623843924
0.3628623400
0.3628623400
0.3631144123
0.3636389606
0.3641645719
0.3646271387
0.3651444648
0.3651444648
0.3657073158
0.3662520644
0.3667106486
0.3672434372
0.3677459150
0.3677459150
0.3684309100
0.3687774188
0.3691285236
0.3695999403
0.3702147297
0.3702147297
0.3710754643
0.3714357065
0.3720001657
0.3728286662
0.3734626785
0.3734626785
0.3741097240
0.3744341696
0.3746951093
0.3751522345
0.3757386204
0.3757386204
0.3761148381
0.3765430246
0.3772996367
0.3781540114
0.3789217507
0.3789217507
0.3796472830
0.3801592463
0.3806366248
0.3812373730
0.3816064921
0.3816064921
0.3822096992
0.3828584580
0.3836505622
0.3842396117
0.3851625292
0.3851625292
0.3858983675
0.3866179432
0.3873350954
0.3879797772
0.3884281211
0.3884281211
0.3887243688
0.3889902304
0.3896496647
0.3901921528
0.3019192292
0.3019192292
0.3029127827
0.3041236229
0.3058253914
0.3069928495
0.3084591796
0.3084591796
0.3096681865
0.3106742211
0.3112992382
0.3129872809
0.3145027152
0.3145027152
0.3158321344
0.3167521151
0.3172417913
0.3184004886
0.3195564805
0.3195564805
0.3204331509
0.3214356548
0.3226794386
0.3239580653
0.3248610708
0.3248610708
0.3267364057
0.3279718095
0.3283992812
0.3293086852
0.3304178435
0.3304178435
0.3314693638
0.3329041012
0.3337091949
0.3343302654
0.3645607465
0.3645607465
0.3650098717
0.3649507585
0.3650389191
0.3649607991
0.3651609153
0.3651609153
0.3650366494
0.3650021748
0.3651340237
0.3652907320
0.3653325101
0.3653325101
0.3655164935
0.3656776194
0.3656674524
0.3653267844
0.3652619646
0.3652619646
0.3653562422
0.3656340096
0.3656588338
0.3655781574
0.3655880695
0.3655880695
0.3657851464
0.3656925995
0.3656970291
0.3658074956
0.3656803937
0.3656803937
0.3658347549
0.3660529539
0.3657320856
0.3659959346
0.3661050470
0.3661050470
0.3659921052
0.3657556582
0.3658021087
0.3660119427
0.3663410847
0.3663410847
0.3663537740
0.3665306518
0.3668392325
0.3666467722
0.3668651924
0.3668651924
0.3670953431
0.3430515933
0.3432335564
0.3409718214
0.3405944318
0.3405944318
0.3398964554
0.3445924641
0.3504153131
0.3611565816
0.3797698542
0.3797698542
0.3926631478
0.3965368597
0.3976805563
0.3974352808
0.3969109791
0.3969109791
0.3962698282
0.3956768066
0.3947154756
0.3939900857
0.3935101430
0.3935101430
0.3930102700
0.3922597410
0.3913609773
0.3907420224
0.3900466459
0.3900466459
0.3893304137
0.3886806470
0.3880260124
0.3873339379
0.3863545745
0.3863545745
0.3851111333
0.3843562322
0.3832414768
0.3822288475
0.3812534747
0.3812534747
0.3800590816
0.3792684659
0.3783146949
0.3774389160
0.3765028180
0.3765028180
0.3758906474
0.3751825943
0.3745087866
0.3740181119
0.3735119505
0.3735119505
0.3730682005
0.3725793047
0.3721355637
0.4018993450
0.4018995214
0.4018995214
0.4019020501
0.4018996763
0.4019015613
0.4019023818
0.4022562050
0.4022562050
0.4022564062
0.4005071583
0.3949518233
0.3892484879
0.3837362454
0.3837362454
0.3782656224
0.3728428748
0.3675449331
0.3626984822
0.3578239782
0.3578239782
0.3528867323
0.3481565039
0.3436579020
0.3391391181
0.3350670094
0.3350670094
0.3313180421
0.3278076586
0.3247625739
0.3218061027
0.3190945938
0.3190945938
0.3167850167
0.3148598504
0.3132231490
0.3116037696
0.3097825646
0.3097825646
0.3078535778
0.3060163892
0.3042324286
0.3027854089
0.3016424209
0.3016424209
0.3007360894
0.3001509069
0.3001958394
0.3003541520
0.3007839410
0.3007839410
0.3017811803
0.3033903961
0.3051985094
0.3066094669
0.3081215075
0.3081215075
0.3093883174
0.3108127850
0.3117116990
0.3131912597
0.3139758279
0.3139758279
0.3147133725
0.3154917739
0.3160625353
0.3163799100
0.3172394948
0.3172394948
0.3174197208
0.3179374727
0.3183259864
0.3190480261
0.3191682255
0.3191682255
0.3190862120
0.3188415202
0.3185895365
0.3182138172
0.3178431140
0.3178431140
0.3175119944
0.3170970170
0.3674912031
0.3696248472
0.3711759320
0.3711759320
0.3733578802
0.3742638126
0.3757104878
0.3773342879
0.3784426384
0.3784426384
0.3794992619
0.3808240640
0.3805041680
0.3825793914
0.3850901329
0.3850901329
0.3866457928
0.3879808048
0.3896001001
0.3906731011
0.3910607531
0.3910607531
0.3903771400
0.3898206371
0.3891500063
0.3889485524
0.3876180816
0.3876180816
0.3862064160
0.3848521279
0.3839415987
0.3832162160
0.3825578275
0.3825578275
0.3823677814
0.3817732212
0.3825219930
0.3836534651
0.3850051942
0.3850051942
0.3862690399
0.3873799000
0.3889082591
0.3904175910
0.3928337786
0.3928337786
0.3954474058
0.3979136418
0.4012100865
0.4046403166
0.4082608304
0.4082608304
0.4112805738
0.4140252240
0.4163123618
0.4182289340
0.4204207716
0.4204207716
0.4226177427
0.4246089003
0.4264358126
0.4288812426
0.4315067539
0.4315067539
0.4341463883
0.4366544459
0.4398334959
0.4425574315
0.4452355063
0.4452355063
0.4472298411
0.2516011657
0.2522879797
0.2512979419
0.2521392077
0.2521392077
0.2536575131
0.2567512710
0.2588894499
0.2599659555
0.2605591973
0.2605591973
0.2592912106
0.2562963039
0.2531886521
0.2506990253
0.2497954929
0.2497954929
0.2487088771
0.2473878414
0.2460204828
0.2455337584
0.2442774726
0.2442774726
0.2441024146
0.2438228851
0.2445623378
0.2457615812
0.2474483250
0.2474483250
0.2494207999
0.2519284794
0.2558515017
0.2615196947
0.2668130583
0.2668130583
0.2697091627
0.2704234181
0.2725251707
0.2751725601
0.2789380305
0.2789380305
0.2824495469
0.2840744110
0.2847099088
0.2865421617
0.2877211345
0.2877211345
0.2879549650
0.2882312630
0.2905282789
0.2959098151
0.2996927946
0.2996927946
0.3018003506
0.3012790090
0.3020068165
0.3047578791
0.3087550090
0.3087550090
0.3113478744
0.3161731865
0.3189788541
0.3218995859
0.3205724531
0.3205724531
0.3186462444
0.3169780037
0.3149646876
0.3137052282
0.3535075165
0.3535075165
0.3536502995
0.3540702117
0.3541037040
0.3548619415
0.3548512980
0.3548512980
0.3548722241
0.3548645923
0.3548692499
0.3548760408
0.3548805297
0.3548805297
0.3549159281
0.3556280599
0.3556408758
0.3558437075
0.3558572253
0.3558572253
0.3557220402
0.3557852569
0.3557881268
0.3557732050
0.3560588853
0.3560588853
0.3560784116
0.3560825255
0.3560821972
0.3562374106
0.3562125225
0.3562125225
0.3562219554
0.3562050983
0.3559767477
0.3560012405
0.3560427586
0.3560427586
0.3560522349
0.3560880922
0.3562060345
0.3561841907
0.3563235166
0.3563235166
0.3567195778
0.3566085492
0.3566726466
0.3568753842
0.3569522950
0.3569522950
0.3571110739
0.3572912828
0.3575044745
0.3578802194
0.3579388954
0.3579388954
0.3579566745
0.3579885925
0.3572680414
0.3573074941
0.3559914246
0.3559914246
0.3561214724
0.3554754901
0.3439555261
0.3443929203
0.3445145400
0.3445145400
0.3451643237
0.3454686880
0.3459049272
0.3462249540
0.3458480900
0.3458480900
0.3460090962
0.3462954905
0.3466452407
0.3472545289
0.3474004393
0.3474004393
0.3476015316
0.3476951544
0.3478000164
0.3480842470
0.3478589401
0.3478589401
0.3471396761
0.3469089182
0.3466689721
0.3467326759
0.3465175669
0.3465175669
0.3468927558
0.3470137670
0.3468531447
0.3467118610
0.3470420662
0.3470420662
0.3471928854
0.3470480166
0.3468862518
0.3467087250
0.3471179734
0.3471179734
0.3474014676
0.3471981186
0.3469905167
0.3467471533
0.3469042188
0.3469042188
0.3467146785
0.3468588325
0.3469114542
0.3469446038
0.3466942897
0.3466942897
0.3466131525
0.3466131202
0.3469165248
0.3469897445
0.3474445130
0.3474445130
0.3473414056
0.3470504595
0.3461167354
0.3452494993
0.3452271368
0.3452271368
0.3455775102
0.3456467555
0.3460885546
0.3458357248
0.3455627895
0.3455627895
0.3453775237
0.3454609216
0.3453234922
0.3455279911
0.3459698441
0.3459698441
0.3457545539
0.3456175065
0.3454941252
0.4069483654
0.4072491436
0.4072491436
0.4069701115
0.4070047846
0.4062811089
0.4074666111
0.4070148106
0.4070148106
0.4072706109
0.4065102084
0.4069142262
0.4064215326
0.4076105208
0.4076105208
0.4069069226
0.4065579219
0.4060747051
0.4061883543
0.4060000422
0.4060000422
0.4058379319
0.4052834187
0.4053267366
0.4053003701
0.4049802263
0.4049802263
0.4046001341
0.4045338791
0.4043035617
0.4038431394
0.4036267201
0.4036267201
0.4034709783
0.4036188109
0.4026933527
0.4026958264
0.4020495762
0.4020495762
0.4023709848
0.4021093805
0.4023641204
0.4016667545
0.4020313010
0.4020313010
0.4011197040
0.4014411442
0.4008140903
0.4008905933
0.4000745704
0.4000745704
0.4004577235
0.4003274509
0.4001968651
0.3977347098
0.3979666565
0.3979666565
0.3980683358
0.3981133334
0.3978596657
0.3979943280
0.3982340120
0.3982340120
0.3993757760
0.4060252344
0.4105413048
0.4169902226
0.3384934856
0.3384934856
0.3392543738
0.3388745748
0.3383808475
0.3374751195
0.3384087481
0.3384087481
0.3391376922
0.3394474739
0.3406533665
0.3414906469
0.3424990918
0.3424990918
0.3424766010
0.3425585433
0.3423756191
0.3432967832
0.3442634512
0.3442634512
0.3446956646
0.3443745131
0.3455012937
0.3460604949
0.3464256372
0.3464256372
0.3449793076
0.3437180102
0.3431815479
0.3419277476
0.3401693110
0.3401693110
0.3392375307
0.3382158085
0.3373854065
0.3372852484
0.3375268033
0.3375268033
0.3379403345
0.3382756033
0.3393588387
0.3408368439
0.3421623167
0.3421623167
0.3430007964
0.3437733777
0.3441940290
0.3439286113
0.3436751435
0.3436751435
0.3446435629
0.3457863662
0.3451251259
0.3426927703
0.3392045593
0.3392045593
0.3376607831
0.3360740085
0.3335342868
0.3318776397
0.3305418725
0.3305418725
0.3306438656
0.3306309121
0.3309498444
0.3324302074
0.3338972496
0.3338972496
0.3368589944
0.3393239428
0.3423043896
0.6236467874
0.6236601186
0.6236601186
0.6236010754
0.6235011738
0.6233270019
0.6233355918
0.6233433464
0.6233433464
0.6239190118
0.6246485023
0.6250655359
0.6248161421
0.6248227820
0.6248227820
0.6248287426
0.6249081907
0.6252692385
0.6263245542
0.6274810939
0.6274810939
0.6283028925
0.6290786642
0.6295305787
0.6295104284
0.6292052008
0.6292052008
0.6288104093
0.6281789786
0.6279194318
0.6276286703
0.6277896581
0.6277896581
0.6275821500
0.6271364608
0.6271499490
0.6271370676
0.6268455402
0.6268455402
0.6269571973
0.6266608697
0.6261705958
0.6258506975
0.6254786189
0.6254786189
0.6255343101
0.6254673605
0.6254469078
0.6254490185
0.6250394770
0.6250394770
0.6250836463
0.6250330449
0.6249470302
0.4245452558
0.4245376372
0.4245376372
0.4245136968
0.4245344944
0.4243920175
0.4249779421
0.4250112204
0.4250112204
0.4249798101
0.4249992361
0.4250218177
0.4248939709
0.4247340465
0.4247340465
0.4246277745
0.4247507922
0.4247032022
0.4246893079
0.4247003800
0.4247003800
0.4247301976
0.4249121266
0.4250133642
0.4250867662
0.4251793983
0.4251793983
0.4252151401
0.4250910241
0.4249433775
0.4243166477
0.4240716164
0.4240716164
0.4237628721
0.4232668564
0.4225427235
0.4220955501
0.4218098344
0.4218098344
0.4213018755
0.4208712943
0.4204470873
0.4201615296
0.4196648457
0.4196648457
0.4188067086
0.4182772758
0.4177835747
0.4172019500
0.4168291111
0.4168291111
0.4163940789
0.4162339465
0.4158689084
0.4154806309
0.4150524575
0.4150524575
0.4143388129
0.4136895347
0.4131604469
0.4126710566
0.4124410834
0.4124410834
0.4121363071
0.4115711376
0.4115563744
0.4116437239
0.4115911358
0.4115911358
0.4114526493
0.4113649705
0.4114446916
0.4115182328
0.4113677872
0.4113677872
0.4113785100
0.4112849470
0.4112847118
0.4112887802
0.4113432385
0.4113432385
0.4110428077
0.4103421354
0.4097467319
0.4092019353
0.4090686353
0.4090686353
0.4091992426
0.4094197451
0.4090532436
0.4066738124
0.4040754317
0.4040754317
0.4013592429
0.3996769323
0.3982881129
0.3972698289
0.3964032102
0.3964032102
0.3941465866
0.3919064336
0.3891657587
0.3871154891
0.3863775025
0.3863775025
0.1844788193
0.1830919918
0.1821059133
0.1808653489
0.1781947197
0.1781947197
0.1776518503
0.1768091359
0.1782442813
0.1781493934
0.1769480311
0.1769480311
0.1778404325
0.1788404253
0.1849914537
0.1877986245
0.1898345547
0.1898345547
0.1988589325
0.2093032458
0.2183083168
0.2287254373
0.2374761494
0.2374761494
0.2446356700
0.2488191703
0.2529481733
0.2565370035
0.2572490090
0.2572490090
0.2587945951
0.2576115182
0.2595250053
0.2605214099
0.2622338380
0.2622338380
0.2664042245
0.2751373817
0.2776941565
0.2813108539
0.2853715027
0.2853715027
0.2892292343
0.2894611193
0.2863549358
0.2861954695
0.2834446181
0.2834446181
0.2829516127
0.2809450960
0.2812858879
0.2835281172
0.2826293004
0.2826293004
0.2856770443
0.2864383186
0.2881358606
0.2857107857
0.2828988585
0.2828988585
0.2825103730
0.2847945837
0.2828210722
0.2838791389
0.2839005024
0.2839005024
0.2839781468
0.2873205793
0.2870063037
0.2879930177
0.2895724466
0.2895724466
0.2881930476
0.2908062739
0.2921462985
0.2923245850
0.2917178761
0.2917178761
0.2925732684
0.2929122252
0.2935642434
0.2937072347
0.2938762652
0.2938762652
0.2938387041
0.3123591485
0.3115855908
0.3438982458
0.3464754978
0.3464754978
0.3504213160
0.3559187687
0.3608376449
0.3647881780
0.3633975762
0.3633975762
0.3638957557
0.3652652920
0.3662641209
0.4735252875
0.4760532284
0.4760532284
0.4789616683
0.4822474028
0.4845301510
0.4881326374
0.4883963249
0.4883963249
0.4882804432
0.4888293277
0.4930917138
0.4955366180
0.4966177337
0.4966177337
0.4962132169
0.4953610071
0.4486591769
0.4467190730
0.4453275103
0.4453275103
0.4447800513
0.4426896280
0.4419213920
0.4416493955
0.4417362480
0.4417362480
0.4401782782
0.4400682116
0.4401053760
0.4400955730
0.4386624016
0.4386624016
0.2587858153
0.2585886011
0.2606524120
0.2624531851
0.2679794528
0.2679794528
0.2711139125
0.2750301460
0.2760993876
0.2806431939
0.2814298963
0.2814298963
0.2839431301
0.2840109519
0.2831996974
0.5289943203
0.5234311256
0.5234311256
0.5183705649
0.5147346565
0.5108280388
0.5092970784
0.5071885143
0.5071885143
0.5061265750
0.5058932817
0.5068353771
0.5072401956
0.5075376842
0.5075376842
0.5081265604
0.5077125757
0.5069641186
0.5056344450
0.5049599437
0.5049599437
0.5041477525
0.5035517310
0.5032405421
0.5024377179
0.5019382227
0.5019382227
0.5016409513
0.5011185639
0.5002533646
0.4992804337
0.4758101710
0.4758101710
0.4747693985
0.4742345028
0.4740253365
0.4732167769
0.4726393710
0.4726393710
0.4729479144
0.4738796567
0.4734388726
0.4737037793
0.4737871393
0.4737871393
0.4741898307
0.4732579199
0.4070465133
0.4026218760
0.3991841702
0.3991841702
0.3969096694
0.3926778071
0.3889793231
0.3863522321
0.3853141429
0.3853141429
0.3827968444
0.3810074606
0.3788946801
0.4172545405
0.4155392406
0.4155392406
0.4158392040
0.4146656580
0.4143404344
0.4153951894
0.4152551035
0.4152551035
0.4169304742
0.4188493307
0.4196576324
0.4203323731
0.4203875621
0.4203875621
0.4194098248
0.4189887486
0.4176430168
0.4174013877
0.4179564489
0.4179564489
0.4185689940
0.4230498868
0.4262626613
0.4295910021
0.4322146653
0.4322146653
0.4337701921
0.4346573834
0.4351170586
0.4349861665
0.4362227439
0.4362227439
0.4369190438
0.4376159812
0.4386310963
0.4392140012
0.4390673503
0.4390673503
0.4390092945
0.4393528788
0.4389712138
0.4393085384
0.4389280721
0.4389280721
0.4394508194
0.4393087997
0.4397695433
0.4395675193
0.4394929342
0.4394929342
0.4391039081
0.4394239162
0.4396314018
0.4401716064
