0.7470778070
0.7470778070
0.7473772407
0.7473772407
0.0000000000
0.0000000000
0.0000037294
0.0065759922
0.0065759922
0.0459218952
0.0797768521
0.1128127066
0.1303455524
0.1303455524
0.1306169745
0.1304473236
0.1306650502
0.1304637024
0.1304637024
0.1306579821
0.1304413853
0.1306673998
0.1305049049
0.1305049049
0.1307118405
0.1305810304
0.1307864728
0.1306460304
0.1306460304
0.1308377612
0.1307000918
0.1309233390
0.1307979662
0.1307979662
0.1309113031
0.1307428540
0.1307725065
0.2445048240
0.2445048240
0.2454755547
0.2452711141
0.2460245009
0.2453641105
0.2453641105
0.2466121394
0.2461582291
0.2468208720
0.2461324090
0.2461324090
0.2472829573
0.2468053350
0.2475318080
0.2468617908
0.2468617908
0.2479618710
0.2475687653
0.2483588733
0.2477755425
0.2477755425
0.2483816866
0.1379606267
0.1362681852
0.1336053133
0.1336053133
0.1327417306
0.1309860061
0.1304633422
0.1284937002
0.1284937002
0.1275775337
0.1260303229
0.1257043743
0.1246445710
0.1246445710
0.1247249667
0.1239495382
0.1249286187
0.1248738808
0.1248738808
0.1920854125
0.1905094871
0.1891477091
0.1820898888
0.1820898888
0.1824282268
0.1756240507
0.1683875404
0.1624308759
0.1624308759
0.1613376127
0.1589978667
0.1542145836
0.1493094800
0.1493094800
0.1528905030
0.1502433276
0.1514262407
0.1490792884
0.1490792884
0.3508127464
0.3510161737
0.3513714283
0.3517039601
0.3517039601
0.3505480712
0.3490658047
0.3467353451
0.3467353451
0.3448440202
0.3438489431
0.3438781647
0.3441155026
0.3441363804
0.3441363804
0.3439537483
0.3441321513
0.3440802313
0.3437347235
0.3437347235
0.3432131083
0.3428811475
0.3159871509
0.3159871509
0.3179842522
0.3277427940
0.3277508063
0.3289956428
0.3289956428
0.3298057748
0.3344256543
0.3334993880
0.3363900262
0.3363900262
0.3369064364
0.3370097231
0.3637447965
0.3642826475
0.3642826475
0.3631021542
0.3645461198
0.3634619083
0.3672144614
0.3672144614
0.3599585025
0.3581222566
0.3593480270
0.3581685902
0.3581685902
0.3609224238
0.3674017367
0.3572201076
0.3575215621
0.3575215621
0.3617727226
0.3654383034
0.3533947240
0.1520396401
0.1520396401
0.1537404224
0.1563592252
0.1581723816
0.1587511986
0.1587511986
0.1603963011
0.1720064810
0.1692277216
0.1615390763
0.1615390763
0.1392543668
0.1321756135
0.1257788713
0.1226703008
0.1226703008
0.1204419143
0.1178200315
0.1154234696
0.1232879060
0.1232879060
0.1297627720
0.1292589691
0.1124879924
0.1127568344
0.1127568344
0.1141913658
0.1159201958
0.1188452865
0.1217518421
0.1217518421
0.1242392271
0.1338555494
0.1402551956
0.1388132152
0.1388132152
0.1319388630
0.1183947830
0.1161171279
0.1141730307
0.1141730307
0.1128097817
0.1121222850
0.1107025538
0.1716283186
0.1716283186
0.1718288456
0.1720574564
0.1720682137
0.1719204818
0.1719204818
0.1719455138
0.1722589887
0.1719230798
0.1724002957
0.1724002957
0.1721016435
0.1726506931
0.1727222010
0.1728660502
0.1728660502
0.1722920514
0.1727614009
0.1724309224
0.1725595435
0.1725595435
0.1722147374
0.1724750412
0.1721408770
0.1723176254
0.1723176254
0.1719223474
0.1719596343
0.1724035907
0.1720486794
0.1720486794
0.1723658914
0.1721184643
0.1722240900
0.2151819289
0.2151819289
0.2157377307
0.2158967294
0.2159471299
0.2157772511
0.2157772511
0.2160835626
0.2158902617
0.2162223630
0.2161077201
0.2161077201
0.2163253099
0.2161033785
0.2163081152
0.2161632317
0.2161632317
0.2165121213
0.2163945083
0.2165452470
0.2170299322
0.2170299322
0.2166694351
0.2167934096
0.2172498832
0.2181702273
0.2181702273
0.2178168210
0.2169256908
0.2172468111
0.2162094881
0.2162094881
0.2062247301
0.2089594107
0.2104646501
0.2130610696
0.2130610696
0.2144078366
0.2177342912
0.2189495361
0.2267173168
0.2267173168
0.2317015272
0.2371433505
0.2391826693
0.2417884043
0.2417884043
0.2433178634
0.2438007859
0.2427187733
0.2432315705
0.2432315705
0.2429066016
0.2437602018
0.2437652094
0.2451577750
0.2451577750
0.2454150721
0.2470948882
0.2473874078
0.2481323698
0.2481323698
0.1648318123
0.1652720929
0.1654630762
0.1656393240
0.1656393240
0.1655856078
0.1660780299
0.1659191873
0.1661254052
0.1661254052
0.1659700687
0.1662443674
0.1660670261
0.1663844226
0.1663844226
0.1666421784
0.1670100313
0.1668799121
0.1676000199
0.1676000199
0.1675189312
0.1678703448
0.1683525229
0.1684761651
0.1684761651
0.1689275070
0.1689895216
0.1692687509
0.1692137262
0.1692137262
0.1693076711
0.1691635305
0.1692647271
0.1691829975
0.1691829975
0.1690674840
0.1687867919
0.1685829695
0.1684965558
0.1684965558
0.1681345976
0.1680584553
0.1680434777
0.1677243011
0.1677243011
0.1677943478
0.1674760811
0.1674799861
0.1671630411
0.1671630411
0.1671847809
0.1668496707
0.1667459720
0.1669389647
0.1669389647
0.1665892369
0.1666041422
0.1661643230
0.1661643230
0.1661289149
0.1657685197
0.1657017251
0.1657725996
0.1655389361
0.1655389361
0.1655362981
0.2415365118
0.2413449686
0.2412557348
0.2412557348
0.2410289180
0.2411400100
0.2410352272
0.2410352272
0.2413988488
0.2412821386
0.2416308008
0.2416736168
0.2416736168
0.2420845234
0.2419438714
0.2419653272
0.2421029500
0.2421029500
0.2420807413
0.2426832960
0.2432857386
0.2438038973
0.2438038973
0.2442005684
0.2450443051
0.2454566134
0.2459029124
0.2459029124
0.2458938346
0.2462136801
0.2467350849
0.2466352985
0.2466352985
0.2470599193
0.2469583292
0.2473938160
0.2472464179
0.2472464179
0.2479430738
0.2480655632
0.2481822164
0.2477705821
0.2477705821
0.2477075556
0.2471136822
0.2467161137
0.2460567132
0.2460567132
0.2456347811
0.2451379416
0.2450215401
0.2448844161
0.2448844161
0.2449801031
0.2445276968
0.2444896002
0.2441018567
0.2441018567
0.2441658417
0.2439094544
0.2438678275
0.2435996491
0.2435996491
0.2438214579
0.2435436361
0.2435586066
0.2431605259
0.2431605259
0.2432091783
0.2429342822
0.2429856389
0.2427795599
0.2427795599
0.2429265733
0.2427483431
0.2428652138
0.2425472498
0.2425472498
0.2425625220
0.2425234251
0.2425504048
0.2424656818
0.2424656818
0.2426989203
0.2425197613
0.2427692472
0.2428309798
0.2428309798
0.2429554033
0.2429905834
0.2433853708
0.2437362017
0.2437362017
0.2440753379
0.2442866143
0.2447577693
0.2448406694
0.2448406694
0.3346648080
0.3308079721
0.3263849437
0.3201359630
0.3201359630
0.3106094826
0.3006478249
0.2994579886
0.2727449131
0.2727449131
0.2398595479
0.2263436803
0.2105141833
0.2096725729
0.2096725729
0.2199266917
0.2386517248
0.2353544568
0.2363566654
0.2363566654
0.2212739059
0.2111589337
0.3731733945
0.3734452403
0.3734452403
0.3742022555
0.3734874687
0.3745519461
0.3755957831
0.3755957831
0.3776480419
0.3777740997
0.3791423456
0.3782974372
0.3782974372
0.3791191121
0.3782234416
0.3796661479
0.3792046694
0.3792046694
0.3800250748
0.3781677496
0.3777723873
0.3719006090
0.3719006090
0.3649577720
0.3514770196
0.3394871801
0.3362528775
0.3362528775
0.3454833650
0.3642646552
0.3802784834
0.0029358263
0.0029358263
0.1968878996
0.2055182108
0.2150716012
0.2233549755
0.2233549755
0.2324523370
0.2391514669
0.2477370529
0.2569793573
0.2569793573
0.2637788895
0.2688544209
0.2697116505
0.2691949401
0.2691949401
0.2696716804
0.2693595146
0.2697680015
0.2690365480
0.2690365480
0.2692630212
0.2687416074
0.2690224691
0.2678475881
0.2678475881
0.2681870580
0.2683087763
0.2684858156
0.2684048441
0.2684048441
0.2828072518
0.2837034609
0.2842167615
0.2843221984
0.2843221984
0.2842694702
0.2849496333
0.2854357223
0.2855686875
0.2855686875
0.2853612876
0.2860983024
0.2862373146
0.2862194326
0.2862194326
0.2859507946
0.2870603856
0.2868086887
0.2872818465
0.2872818465
0.2868505242
0.2875354556
0.2879379541
0.2881813440
0.2881813440
0.2880643947
0.2888246882
0.2888167439
0.3537449076
0.3537449076
0.3558963678
0.3571033752
0.3612477410
0.3627430199
0.3627430199
0.3614973551
0.3597467938
0.3602849110
0.3656795644
0.3656795644
0.3683187189
0.3702681039
0.3759351473
0.3836466235
0.3836466235
0.3904406093
0.3949914064
0.3955688946
0.3950890744
0.3950890744
0.3940531088
0.3914443447
0.2959012663
0.2968938489
0.2968938489
0.2990920705
0.2991014757
0.2992047993
0.2974351160
0.2974351160
0.2959887403
0.2946285270
0.2937649852
0.2916726149
0.2916726149
0.2918216036
0.2928597691
0.2947893826
0.2970133242
0.2970133242
0.3009127486
0.3047187437
0.3321574702
0.3321574702
0.3308019092
0.3294879659
0.3265057607
0.3244851419
0.3244851419
0.3214464973
0.3201760275
0.3180749520
0.3172778720
0.3172778720
0.3157703390
0.3164687105
0.3162870362
0.3176960315
0.3176960315
0.3180666764
0.3203735079
0.3228100400
0.3272367218
0.3272367218
0.3321973696
0.3391297474
0.3448779943
0.3531233295
0.3531233295
0.3571324310
0.3606162757
0.3629077534
0.3636551549
0.3636551549
0.3082273799
0.3073228730
0.3048068555
0.3024826414
0.3024826414
0.2992337818
0.2976271046
0.2957712737
0.2948581494
0.2948581494
0.2939442713
0.2944506596
0.2933939408
0.2946576833
0.2946576833
0.2955885183
0.2971165961
0.2972770151
0.2980132974
0.2980132974
0.3006985846
0.3006619167
0.2999535868
0.2291386354
0.2291386354
0.2372018948
0.2479756176
0.2515412447
0.2581695356
0.2581695356
0.2685168520
0.2858828624
0.3007213914
0.3197689241
0.3197689241
0.3222542425
0.3408497761
0.3413837996
0.3403873768
0.3403873768
0.3390623180
0.3373870853
0.3347388098
0.3334047962
0.3334047962
0.3309724573
0.3296827020
0.3274152734
0.3257179235
0.3257179235
0.3231439400
0.3213304098
0.3191634006
0.3185336723
0.3185336723
0.3160869506
0.3140264344
0.3083041004
0.3111418236
0.3111418236
0.3133678042
0.3154213056
0.3165848026
0.3190196053
0.3190196053
0.3193345996
0.3201829124
0.3202884628
0.3189184162
0.3189184162
0.3156179504
0.3158123290
0.3175407152
0.3179101974
0.3179101974
0.3169760195
0.3161400385
0.3131943469
0.3100117409
0.3100117409
0.3064636116
0.3058950633
0.3050904407
0.3045491675
0.3045491675
0.3032319190
0.3031180702
0.3019009330
0.3007779933
0.3007779933
0.2998610115
0.2990887832
0.2987544282
0.2987429857
0.2987429857
0.2978556280
0.2980502246
0.2971688383
0.2971606904
0.2971606904
0.2960636942
0.2966097332
0.2964069153
0.2970371715
0.2970371715
0.2962364744
0.2967164063
0.2962406592
0.2965986277
0.2965986277
0.2973513247
0.2974715629
0.2978297543
0.2986273963
0.2986273963
0.2991763627
0.3008623813
0.3009420374
0.3011477404
0.3011477404
0.3012288220
0.2823695609
0.2808245308
0.2806774044
0.2806774044
0.2806115895
0.2814018013
0.2812089530
0.2812550837
0.2812550837
0.2805546188
0.2800940712
0.2803073041
0.2823355085
0.2823355085
0.2835738386
0.2848921058
0.2827896053
0.2819247013
0.2819247013
0.2820507147
0.2836431924
0.2854724134
0.2881096615
0.2881096615
0.2919903823
0.2975094056
0.3023595906
0.3081708277
0.3081708277
0.3126599080
0.3179316184
0.3222389859
0.3280961112
0.3280961112
0.3329046586
0.3370851561
0.3405269196
0.2139872456
0.2139872456
0.2144155155
0.2149602517
0.2144037185
0.2149767742
0.2149767742
0.2147082441
0.2151596173
0.2145760391
0.2151159575
0.2151159575
0.2147251320
0.2149768736
0.2143994288
0.2148031574
0.2148031574
0.2140659145
0.2144387648
0.2141540019
0.2149026934
0.2149026934
0.2145357372
0.2144368171
0.2134262558
0.2134132769
0.2134132769
0.2135898377
0.2133403721
0.2133891502
0.1298689855
0.1298689855
0.1305671181
0.1308700009
0.1311987608
0.1317677233
0.1317677233
0.1317888459
0.1324040945
0.1324599909
0.1330624197
0.1330624197
0.1329151051
0.1335652202
0.1333360235
0.1337263265
0.1337263265
0.2701275577
0.2721087697
0.2728792050
0.2741767771
0.2741767771
0.2787453883
0.2799378704
0.2809064147
0.2891655415
0.2891655415
0.2959677676
0.2982598326
0.3004259909
0.3004259909
0.2996283953
0.3045462849
0.3046396499
0.2722650241
0.2722650241
0.2731977200
0.2727235116
0.2733932299
0.2727248798
0.2727248798
0.2731402582
0.2729428988
0.2733110354
0.2725269371
0.2725269371
0.2735436092
0.2727164571
0.2735006441
0.2728111085
0.2728111085
0.2738314884
0.2728714500
0.2738542347
0.2731513046
0.2731513046
0.2738286626
0.2728709774
0.2738476563
0.2732180285
0.2732180285
0.2737982160
0.2727410821
0.2730989035
0.4104283753
0.4104283753
0.4121223411
0.4138752092
0.4150246627
0.4156651935
0.4156651935
0.4172713350
0.4181137627
0.4191393485
0.4205772514
0.4205772514
0.4220704251
0.4234174590
0.4236552398
0.4206346454
0.4206346454
0.4168980902
0.4134335064
0.4127728386
0.4103894247
0.4103894247
0.4071232894
0.4035588290
0.4012851193
0.3960239612
0.3960239612
0.3946606834
0.3925851502
0.3871988592
0.3375344425
0.3375344425
0.3366287998
0.3333722381
0.3314730760
0.3314395283
0.3314395283
0.3334729437
0.3341349499
0.3341256927
0.3336952177
0.3336952177
0.3349818198
0.3344951588
0.3338805874
0.3340394743
0.3340394743
0.3316864441
0.3291239643
0.3300261936
0.3285298029
0.3285298029
0.3300652897
0.3259485123
0.3257423468
0.3263509570
0.3263509570
0.3278402018
0.3272672894
0.3281657923
0.3282282981
0.3282282981
0.0919737816
0.0778033057
0.0525085972
0.0252507530
0.0252507530
0.0127692555
0.0127695835
0.0127831914
0.0127742867
0.0127742867
0.0128146020
0.0128328071
0.0128788254
0.0129023395
0.0129023395
0.0129605759
0.0129656941
0.0130487040
0.0130707872
0.0130707872
0.0131275241
0.0132001738
0.0132314744
0.0132424512
0.0132424512
0.0133424063
0.0134303146
0.0135304304
0.0136028412
0.0136028412
0.0136805761
0.0137918220
0.0138616167
0.0139348280
0.0139348280
0.0140554370
0.0140338349
0.3474810485
0.3480526593
0.3480526593
0.3477444572
0.3480209626
0.3478135674
0.3480295389
0.3480295389
0.3479142857
0.3478472017
0.3474971805
0.3479052406
0.3479052406
0.3477708002
0.3478400906
0.3480912553
0.3479938993
0.3479938993
0.3482811224
0.3478159288
0.3475279482
0.3477121407
0.3477121407
0.3475138553
0.3730651617
0.3733490961
0.3724943702
0.3724943702
0.3722537829
0.3706051581
0.3707750125
0.3699578211
0.3699578211
0.3706680459
0.3696445824
0.3701790140
0.3692134529
0.3692134529
0.3694223645
0.3681268528
0.3682602997
0.3677802162
0.3677802162
0.3679285426
0.3676487147
0.3677352216
0.3672950806
0.3672950806
0.3671850073
0.3667601237
0.1120168265
0.1121115791
0.1121115791
0.1121495651
0.1122299573
0.1121987618
0.1122166701
0.1122166701
0.1124442116
0.1122297027
0.1122786620
0.1124264362
0.1124264362
0.1122650502
0.1124422833
0.1124597166
0.1125288242
0.1125288242
0.1124245695
0.1123944906
0.1124623714
0.1122940740
0.1122940740
0.1123207997
0.1123068216
0.1122015188
0.1013256443
0.1013256443
0.1016764224
0.1007909406
0.1012317519
0.1006291032
0.1006291032
0.1014315221
0.1011169256
0.1020015493
0.1017679904
0.1017679904
0.1025830880
0.1024397665
0.1033955536
0.1029639567
0.1029639567
0.1037443663
0.1034541234
0.1042860419
0.1039403966
0.1039403966
0.1044483826
0.1038201449
0.1048165973
0.1042773786
0.1042773786
0.1047689444
0.1041483401
0.1047817549
0.1040769709
0.1040769709
0.1048515298
0.1047089268
0.1430060789
0.1431273399
0.1431273399
0.1438563218
0.1436361837
0.1439859838
0.1439859838
0.1437726007
0.1440974667
0.1439646537
0.1440995345
0.1440995345
0.1434833159
0.1439452000
0.1438010661
0.1439216422
0.1439216422
0.1436091399
0.1436522784
0.1439246296
0.1436812659
0.1436812659
0.1437043802
0.1440193365
0.1437927176
0.1440244093
0.1440244093
0.1437663344
0.1440960676
0.1441964890
0.1443531335
0.1443531335
0.1441884199
0.1442943216
0.1443610352
0.1443672923
0.1443672923
0.1443153173
0.1444925240
0.1446160310
0.1447668804
0.1447668804
0.1444501940
0.1445891889
0.1443914092
0.1622042483
0.1622042483
0.1623860079
0.1625844222
0.1625872719
0.1624171717
0.1624171717
0.1625662107
0.1630670941
0.1628373132
0.1634959948
0.1634959948
0.1633317508
0.1636600402
0.1633805141
0.1636903668
0.1636903668
0.1634250308
0.1637263284
0.1635193768
0.1638899834
0.1638899834
0.1636023583
0.1637267213
0.1641373986
0.1638034825
0.1638034825
0.1638591252
0.1642351143
0.1640136172
0.1643277200
0.1643277200
0.1641064640
0.1643929880
0.1641713656
0.1644902315
0.1644902315
0.1641453397
0.1643689445
0.1639724341
0.1640435825
0.1640435825
0.1635182701
0.1634335055
0.1635811463
0.1632576109
0.1632576109
0.1634968010
0.1630381040
0.1632608949
0.1627322784
0.1627322784
0.1625813806
0.1627640439
0.1622379427
0.1623909362
0.1623909362
0.1619952289
0.1622476591
0.1618844425
0.1621519641
0.1621519641
0.1617678789
0.1618213751
0.1618538297
0.1615224852
0.1615224852
0.1614069596
0.1615337295
0.1610506942
0.1611190423
0.1611190423
0.1607890214
0.1612320201
0.1610663657
0.1611367835
0.1611367835
0.1607492878
0.1612425056
0.1610493057
0.1612634419
0.1612634419
0.1608504417
0.1608449736
0.1610598065
0.1607627535
0.1607627535
0.1607789744
0.1610285487
0.1605834234
0.1607449895
0.1607449895
0.1604154693
0.1606731484
0.1603478875
0.1605582903
0.1605582903
0.1602300865
0.1604321489
0.1600728546
0.1603189219
0.1603189219
0.1599796635
0.1600293365
0.1601836276
0.1599866326
0.1599866326
0.1601418951
0.1605355220
0.1604704723
0.1608618705
0.1608618705
0.1606818508
0.1609819011
0.1606625948
0.1610087179
0.1610087179
0.1606987828
0.1611779857
0.1607963773
0.1610141936
0.1610141936
0.1608407378
0.1637601595
0.1638812644
0.1642267306
0.1642267306
0.1639602445
0.1642318852
0.1639826811
0.1640487300
0.1640487300
0.1636594474
0.1637123041
0.1634170548
0.1634887380
0.1634887380
0.1632892150
0.1635114520
0.1634280606
0.1637237824
0.1637237824
0.1634562028
0.1635843141
0.1633275319
0.1634045099
0.1634045099
0.1631215058
0.1633262321
0.1632300378
0.1637224636
0.1637224636
0.1638402219
0.1643798452
0.1645032714
0.1647473054
0.1647473054
0.1649008901
0.1643956042
0.1644146582
0.1639192153
0.1639192153
0.1282878116
0.1286069040
0.1285746996
0.1286274177
0.1286274177
0.1284188795
0.1286974110
0.1284400116
0.1284679100
0.1284679100
0.1280571213
0.1281977507
0.1279145604
0.1281898342
0.1281898342
0.1280012886
0.1283360843
0.1281265711
0.1283267968
0.1283267968
0.1281217978
0.1281269237
0.1282762253
0.1280503288
0.1280503288
0.1279910901
0.1281669847
0.1278939574
0.1280859365
0.1280859365
0.1278980683
0.1281013628
0.1279357659
0.1281515617
0.1281515617
0.1279996581
0.1282288612
0.1279262899
0.1281391276
0.1281391276
0.1277437434
0.1277016543
0.1279224952
0.1275955320
0.1275955320
0.1275581254
0.1279448620
0.1276511357
0.1276511357
0.1279599144
0.1275762339
0.1275738762
0.1236584892
0.1236584892
0.1250983862
0.0990912128
0.0537317824
0.0242486433
0.0242486433
0.0245007375
0.0244009926
0.0244898264
0.0244465851
0.0244465851
0.0244996736
0.0245080516
0.0246405848
0.0246261057
0.0246261057
0.0247272629
0.0247236913
0.0248989241
0.0249755790
0.0249755790
0.0250773955
0.0250642423
0.0252227568
0.0252866251
0.0252866251
0.0254557859
0.0255299048
0.0257406563
0.0257905608
0.0257905608
0.0259742566
0.0260073210
0.0262169763
0.0263680518
0.0263680518
0.0264654502
0.0265189465
0.0266000055
0.0266049776
0.0266049776
0.0862105986
0.0869645496
0.0873254977
0.0881254139
0.0881254139
0.0885619715
0.0883859683
0.0882399253
0.0879080105
0.0879080105
0.0873312424
0.0869571666
0.0869528547
0.0866366931
0.0866366931
0.0867478175
0.0869478663
0.0867284156
0.0867566529
0.0867566529
0.0870732616
0.0869724344
0.0872728886
0.0876518740
0.0876518740
0.0875841263
0.0879060369
0.0884429681
0.0884398878
0.0884398878
0.0886872865
0.0882083381
0.0880929874
0.0989985509
0.0989985509
0.0990980752
0.0988988201
0.0989337663
0.0986913595
0.0986913595
0.0987811572
0.0985052835
0.0984327826
0.0982832388
0.0982832388
0.0983459386
0.0981484870
0.0980998538
0.0982005870
0.0982005870
0.0980903608
0.0937934477
0.0939909590
0.0939174897
0.0939174897
0.0940015777
0.0938644373
0.0939581900
0.0939011186
0.0939011186
0.0940835477
0.0940449941
0.0941314590
0.0940352889
0.0940352889
0.0941165663
0.0940079357
0.0940207219
0.0939185557
0.0939185557
0.0939140220
0.0939915776
0.0939183603
0.0939896740
0.0939896740
0.0939404372
0.0940263770
0.0939900475
0.0940964545
0.0940964545
0.0940749798
0.0941842962
0.0941309972
0.0941556581
0.0941556581
0.3443481988
0.3444971352
0.3444248150
0.3438240813
0.3438240813
0.3436335786
0.3433405979
0.3430239775
0.3427175136
0.3427175136
0.3426628017
0.3430115841
0.3434130532
0.3439190245
0.3439190245
0.3450721125
0.3459010236
0.3460384898
0.3470392954
0.3470392954
0.3484974079
0.3489129709
0.3489276081
0.3487328077
0.3487328077
0.3477570710
0.3473280669
0.3467743620
0.3462335746
0.3462335746
0.3458817314
0.3447008099
0.3441888035
0.3428744173
0.3428744173
0.3431257336
0.3425202026
0.3424435110
0.3099134056
0.3099134056
0.3101355618
0.3097753277
0.3093335891
0.3082406743
0.3082406743
0.3077882555
0.3075278168
0.3073000963
0.3063792392
0.3063792392
0.3054882421
0.3044985845
0.3035570433
0.3029184358
0.3029184358
0.3026322001
0.3015957781
0.3009709717
0.3003645972
0.3003645972
0.3000344460
0.2997569935
0.2997165692
0.2995888012
0.2995888012
0.2997700464
0.2995744482
0.3002181065
0.3005762311
0.3005762311
0.3010692596
0.3009511702
0.3174789790
0.3161014918
0.3161014918
0.3143964123
0.3134907555
0.3132191743
0.3112444075
0.3112444075
0.3096393928
0.3077644861
0.3071960310
0.3080010554
0.3080010554
0.3077809851
0.3069547694
0.3070495399
0.3063594537
0.3063594537
0.3078611448
0.3100393748
0.3103495662
0.3084920308
0.3084920308
0.3061438699
0.3034272296
0.3015505859
0.3009635868
0.3009635868
0.3005226846
0.0859129552
0.0860401105
0.0860366311
0.0860366311
0.0859503450
0.0859899716
0.0861522667
0.0861159059
0.0861159059
0.0864163458
0.0863162511
0.0866295456
0.0865241843
0.0865241843
0.0867131029
0.0863789609
0.0865011248
0.0865011248
0.0861861272
0.0862166009
0.0858467991
0.0857818646
0.0857818646
0.0856221450
0.0853814436
0.0853087622
0.0851300498
0.0848191983
0.0848191983
0.0848565563
0.0845112755
0.0844886971
0.0844886971
0.0839914579
0.0840027230
0.3576128983
0.3588098541
0.3588098541
0.3599436896
0.3623848847
0.3593880334
0.3539984343
0.3539984343
0.3483026422
0.3462079188
0.3427195017
0.3437339379
0.3437339379
0.3433146965
0.3423998259
0.3402102465
0.3397354412
0.3397354412
0.3380639917
0.3378011706
0.3340560818
0.3307314244
0.3307314244
0.3279237324
0.3736260414
0.3748755382
0.3770134390
0.3770134390
0.3777757182
0.3776759129
0.3739854775
0.3715062133
0.3715062133
0.3677237964
0.3679030036
0.3689180180
0.3704687779
0.3704687779
0.3704357039
0.3706557479
0.3701768507
0.4060382098
0.4060382098
0.4002900111
0.3928935531
0.3853779150
0.3755542964
0.3755542964
0.3640189258
0.3593146597
0.3608491949
0.3646818984
0.3646818984
0.3668910771
0.3648440231
0.3650356516
0.3706733642
0.3706733642
0.3739911825
0.3732619798
0.3698184557
0.3680748877
0.3680748877
0.3697418309
0.3795070798
0.2958755381
0.2958969388
0.2958969388
0.2958052803
0.2959880575
0.2959217934
0.2960898181
0.2960898181
0.2959612430
0.2960155577
0.2955604215
0.2957412010
0.2957412010
0.2955760231
0.2954220560
0.2955009486
0.2958676779
0.2958676779
0.2955463629
0.2955621062
0.2954984896
0.2962884270
0.2962884270
0.2966539458
0.2972918797
0.2973510032
0.2974179538
0.2974179538
0.2970731158
0.2963971946
0.2951926886
0.2948297501
0.2948297501
0.2946980720
0.0997772709
0.0870885297
0.0720456030
0.0720456030
0.0507659413
0.0235409414
0.0235476911
0.0236227694
0.0236227694
0.0236425916
0.0237647642
0.0237529828
0.0238597930
0.0238597930
0.0238444201
0.0239653779
0.0239712646
0.0241037662
0.0241037662
0.0240967435
0.0242575751
0.0242731171
0.0243575437
0.0243575437
0.0243617178
0.0245187548
0.0246426079
0.0247928411
0.0247928411
0.0248889533
0.0250461684
0.0251839207
0.0253192174
0.0253192174
0.0253900092
0.0256043939
0.0257002496
0.0258137609
0.0258137609
0.0257556509
0.0258792775
0.0259117991
0.0259302283
0.0259302283
0.0259066060
0.0258796357
0.0586602310
0.0585334987
0.0585334987
0.0583034152
0.0581905818
0.0579893755
0.0579345030
0.0579345030
0.0577126514
0.0575891400
0.0575699155
0.0574032962
0.0574032962
0.0574036281
0.0573150197
0.0572891109
0.0571653200
0.0571653200
0.0572395730
0.0572505283
0.0572553004
0.0571402135
0.0571402135
0.0572010362
0.0571447770
0.0571515352
0.0570573660
0.0570573660
0.0570794827
0.0571319488
0.0570977535
