0.4092928873
0.4092928873
0.4092928873
0.4092928873
0.4092928873
0.4092928873
0.4092928873
0.4092928873
0.4092928873
0.4092928873
0.4092928873
0.4092928873
0.4092928873
0.4092928873
0.4092928873
0.4092928873
0.4092928873
0.4092928873
0.4092928873
0.4092928873
0.4092928873
0.4092928873
0.4092928873
0.4092928873
0.4092928873
0.4092928873
0.4092928873
0.4092928873
0.4092928873
0.4092928873
0.4092928873
0.4092928873
0.4092928873
0.4092928873
0.4092928873
0.4092928873
0.4092928873
0.4092928873
0.4092928873
0.4092928873
0.4092928873
0.4092928873
0.4092928873
0.4092928873
0.4092928873
0.4092928873
0.4092928873
0.4092928873
0.4092928873
0.4092928873
0.4092928873
0.4092928873
0.4092928873
0.4092928873
0.4092928873
0.4092928873
0.4092928873
0.4092928873
0.4092928873
0.4092928873
0.4092928873
0.4092928873
0.4092928873
0.4092928873
0.4092928873
0.4092928873
0.4092928873
0.4092928873
0.4092928873
0.4092928873
0.4092928873
0.4092928873
0.4092928873
0.4092928873
0.4092928873
0.4092928873
0.4092928873
0.4092928873
0.4092928873
0.4092928873
0.4092928873
0.4092928873
0.4092928873
0.4092928873
0.4092928873
0.4092928873
0.4092928873
0.4092928873
0.4092928873
0.4092928873
0.4092928873
0.4092928873
0.4092928873
0.4092928873
0.4092928873
0.4092928873
0.4092928873
0.4092928873
0.4092928873
0.4092928873
0.4092928873
0.4092928873
0.4092928873
0.4092928873
0.4092928873
0.4092928873
0.4092928873
0.4092928873
0.4092928873
0.4092928873
0.4092928873
0.4092928873
0.4092928873
0.4092928873
0.4092928873
0.4092928873
0.4092928873
0.4092928873
0.4092928873
0.4092928873
0.4092928873
0.4092928873
0.4092928873
0.4092928873
0.4092928873
0.4123300769
0.4068578029
0.3970053657
0.3970053657
0.3953308048
0.3935927395
0.3924512172
0.3913706153
0.3894871731
0.3894871731
0.3882578994
0.3864179399
0.3843371118
0.3821248813
0.3802798018
0.3802798018
0.3796305138
0.3793222342
0.3813470152
0.3845255198
0.3873829829
0.3873829829
0.3894649596
0.3908637541
0.3911893265
0.3927413884
0.3932148485
0.3932148485
0.3933339644
0.3925482751
0.3916293020
0.3909536793
0.3911700244
0.3911700244
0.3921278202
0.3928464363
0.3931238446
0.3920624413
0.3895887580
0.3895887580
0.3861452994
0.3826434849
0.3803661176
0.3757567305
0.3735665351
0.3735665351
0.3733639906
0.3735102982
0.3737292997
0.3748054999
0.3773108506
0.3773108506
0.3817925712
0.3858076181
0.3876930937
0.3898508895
0.3912886710
0.3912886710
0.3919742488
0.3937095873
0.3929139784
0.3925757755
0.3922327245
0.3922327245
0.3939344964
0.3964893184
0.3976406072
0.3955375650
0.2428252251
0.2428252251
0.2443228022
0.2425499453
0.2304287206
0.2323580791
0.2460585646
0.2460585646
0.2638100387
0.2613172807
0.2277436766
0.2209388963
0.2094962137
0.2094962137
0.2106316573
0.2242806018
0.1799608315
0.1796816385
0.1777316346
0.1777316346
0.1705689211
0.1702968379
0.1714769654
0.1732980388
0.1710007677
0.1710007677
0.1663678148
0.1650150459
0.1624923619
0.1646236557
0.1700808516
0.1700808516
0.1773222015
0.1842633699
0.1917448217
0.1937930582
0.1921264547
0.1921264547
0.1910340562
0.1848058963
0.2607336417
0.2640086421
0.2635845519
0.2635845519
0.2623470367
0.2609077971
0.2630809554
0.2637150120
0.2542553055
0.2542553055
0.2436550190
0.2425063721
0.2473430339
0.2528669768
0.2548216409
0.2548216409
0.2560242646
0.2542399604
0.2512948015
0.2479440378
0.3506805888
0.3506805888
0.3521084597
0.3562571798
0.3626751432
0.3695585072
0.3728039874
0.3728039874
0.3812260402
0.3947502915
0.4075883135
0.4169759095
0.4246148336
0.4246148336
0.4253612266
0.4195638133
0.4200549782
0.4263997210
0.4359607206
0.4359607206
0.4395169958
0.4352558954
0.4263933100
0.4138034255
0.3992084749
0.3992084749
0.3894209733
0.3837526931
0.3815016334
0.3831621999
0.4227538669
0.4227538669
0.4203589876
0.4196390097
0.4212239643
0.4241176152
0.4236821107
0.4236821107
0.4225961255
0.4210210944
0.4207811005
0.4206209987
0.4220443792
0.4220443792
0.4235226238
0.4239984557
0.4237461744
0.4223103250
0.4211265734
0.4211265734
0.4200880155
0.4202943917
0.4212656923
0.4215122298
0.4235233664
0.4235233664
0.3898787684
0.3915268416
0.3911451463
0.3911954613
0.3927609034
0.3927609034
0.3953210092
0.3960633845
0.3980999247
0.4058095012
0.4119487101
0.4119487101
0.4204482637
0.4302486888
0.4391007005
0.4489069791
0.4581782018
0.4581782018
0.4649442346
0.4714208149
0.4748747608
0.4807983732
0.4077856360
0.4077856360
0.4115669597
0.4144267105
0.4179864154
0.4211920642
0.4233299761
0.4233299761
0.4255767999
0.4268602920
0.4283932587
0.4312996739
0.4327361177
0.4327361177
0.4336747377
0.4343379844
0.4347629706
0.4346247992
0.4348673178
0.4348673178
0.4350658072
0.4351414085
0.4345745221
0.4342090187
0.4342489506
0.4342489506
0.4352237369
0.4362691451
0.4376337812
0.4387938913
0.4395914106
0.4395914106
0.4409851143
0.4425804415
0.4441323330
0.4446724298
0.4458441641
0.4458441641
0.4472899109
0.4473006176
0.4461391949
0.4464813786
0.4471744047
0.4471744047
0.4462445553
0.4471105256
0.4486709437
0.4487765925
0.4467061488
0.4467061488
0.4475596213
0.4481528439
0.4516548265
0.4527440693
0.4528148114
0.4528148114
0.4542820216
0.4562844972
0.4571323551
0.4566116875
0.4569327690
0.4569327690
0.4566920832
0.4555720654
0.4530940262
0.4501332811
0.4462760594
0.4462760594
0.4448904007
0.4430932130
0.4392708525
0.4337619654
0.4292101664
0.4292101664
0.4276572051
0.4236401457
0.4205186056
0.4190035728
0.4164976147
0.4164976147
0.4134688475
0.4088237126
0.4075707311
0.4053300003
0.3933964957
0.3933964957
0.3925466598
0.3962561205
0.4004753624
0.4092449122
0.4181169345
0.4181169345
0.4275679772
0.4377289308
0.4423488350
0.4451793070
0.4509251003
0.4509251003
0.4515118701
0.4463863425
0.4379650023
0.4276886132
0.4190883933
0.4190883933
0.4134329351
0.4133656324
0.4158887374
0.4195806264
0.4250079030
0.4250079030
0.4298888884
0.4326893897
0.4344284077
0.4360894450
0.4359272308
0.4359272308
0.4359582353
0.4374955839
0.4358089459
0.4347697584
0.4327889017
0.4327889017
0.4296534698
0.4283488186
0.4277889503
0.4272291509
0.4241730410
0.4241730410
0.4196651565
0.4142281352
0.4047925522
0.3952853402
0.3926882392
0.3926882392
0.3966848482
0.4019107201
0.4034435807
0.4054420152
0.4050389355
0.4050389355
0.4033975467
0.4016626600
0.4011316882
0.3999345646
0.3996161976
0.3996161976
0.3991256636
0.3957284728
0.3933044907
0.3898786678
0.3882612150
0.3882612150
0.3831791935
0.3800603703
0.3839211294
0.3897904657
0.3938504713
0.3938504713
0.3934185961
0.3946665835
0.3942244124
0.4137807074
0.4061899024
0.4061899024
0.4057993345
0.4098456219
0.4229105425
0.4406254285
0.4332289578
0.4332289578
0.4294607520
0.4313147192
0.4207684361
0.3980663101
0.3787148770
0.3787148770
0.3694775909
0.3734044477
0.3929083791
0.4086472116
0.4151310926
0.4151310926
0.4188816348
0.4250042559
0.4295418441
0.4310658074
0.2052705862
0.2052705862
0.2061882975
0.2058719632
0.2070029616
0.2051258022
0.2055338118
0.2055338118
0.2046080110
0.2014654131
0.1951490552
0.1896728572
0.1892169887
0.1892169887
0.1906378807
0.1893181574
0.2019213125
0.2123337139
0.2195456814
0.2195456814
0.2152295056
0.2125821524
0.2175030186
0.2274421613
0.2354950735
0.2354950735
0.2414802182
0.2382936678
0.2410410490
0.2328349777
0.2286203170
0.2286203170
0.2300199846
0.2286600376
0.2290335393
0.2224366545
0.2119828278
0.2119828278
0.2119289432
0.2123503718
0.2069320747
0.2017187728
0.1983373615
0.1983373615
0.1954479682
0.1923203690
0.1949641281
0.2041507863
0.2165885877
0.2165885877
0.2298546622
0.2317535275
0.2276963873
0.2365600415
0.2579224609
0.2579224609
0.2716768063
0.2803688041
0.2888075704
0.2934407952
0.2879009506
0.2879009506
0.2664712574
0.2347741620
0.2327002937
0.2268626633
0.2277696705
0.2277696705
0.2339466272
0.2400922675
0.2480492996
0.2520178938
0.2552117566
0.2552117566
0.2530415363
0.2521612623
0.2433598744
0.2406458882
0.2355383151
0.2355383151
0.2307478893
0.2239181543
0.2219604527
0.2106209679
0.2124381308
0.2124381308
0.2304565739
0.2529412009
0.2612649099
0.2671639967
0.2801168452
0.2801168452
0.2910592184
0.2922874697
0.2956876740
0.2936911092
0.2851385613
0.2851385613
0.2948815044
0.3026530184
0.2976514965
0.2882020299
0.2718894083
0.2718894083
0.2591245210
0.2431671994
0.2284804421
0.2209218282
0.2251278807
0.2251278807
0.2314474926
0.2262747304
0.2219685969
0.2208995265
0.2201457030
0.2201457030
0.2200672475
0.2176450285
0.2199154685
0.2233788671
0.2268654578
0.2268654578
0.2353656104
0.2461974047
0.2548388626
0.2556879615
0.2547612175
0.2547612175
0.2547875779
0.2553688067
0.2536091044
0.2525315468
0.2492131172
0.2492131172
0.2422300636
0.2357237384
0.2284454854
0.2233489152
0.2184150561
0.2184150561
0.2192065795
0.4264670333
0.4256599014
0.4266281347
0.4280465238
0.4280465238
0.4297452114
0.4317150877
0.4314259005
0.4330277787
0.4327613971
0.4327613971
0.4311209671
0.4293691412
0.4282891138
0.4257840205
0.4235669756
0.4235669756
0.4215749527
0.4205060196
0.4187158105
0.4180144936
0.4194750384
0.4194750384
0.4202664418
0.4238260017
0.4316530861
0.4332782955
0.4356919009
0.4356919009
0.4372249448
0.4396108485
0.4406735924
0.4434659751
0.4435845438
0.4435845438
0.4465418969
0.4488942907
0.4471661345
0.4421722467
0.4409992115
0.4409992115
0.4401692014
0.4378682644
0.4345364786
0.4295218154
0.4246629546
0.4246629546
0.4180569899
0.3696771259
0.3698489585
0.3669049313
0.3628850617
0.3628850617
0.3579361547
0.3567955168
0.3539588137
0.3535751981
0.3569817020
0.3569817020
0.3586327362
0.3612801110
0.3637304912
0.3673969650
0.3719935642
0.3719935642
0.3782199773
0.3793649508
0.3732731006
0.3699227682
0.3666333779
0.3666333779
0.3641262667
0.3607968358
0.3579029586
0.3535028189
0.3511327174
0.3511327174
0.3522479248
0.3521451295
0.3530333937
0.3532918522
0.3542379789
0.3542379789
0.3545545688
0.3550772711
0.3555947839
0.3570968744
0.3578214728
0.3578214728
0.3593632232
0.3632506743
0.3649713454
0.3681920472
0.3682596433
0.3682596433
0.3711810421
0.3697172616
0.3670429709
0.3624471201
0.3568843870
0.3568843870
0.3524127063
0.3500748406
0.3460279613
0.3406187459
0.3363859196
0.3363859196
0.3304102587
0.3261453830
0.3247475179
0.3051091115
0.3059805839
0.3059805839
0.3060597350
0.3059559518
0.3062607352
0.3057537788
0.3065072997
0.3065072997
0.3065642102
0.3046358988
0.3027038864
0.3008536584
0.3008607027
0.3008607027
0.3005625440
0.2993670433
0.2989873589
0.2992994751
0.2994051464
0.2994051464
0.3002890807
0.3010220970
0.3007377124
0.3030129477
0.3026676610
0.3026676610
0.3033362247
0.3043898823
0.3045842804
0.3053672496
0.3063697450
0.3063697450
0.3069790719
0.3088182172
0.3092380090
0.3973391125
0.3994160599
0.3994160599
0.4029577939
0.4056942336
0.4083998686
0.4110545581
0.4145121161
0.4145121161
0.4167807848
0.4187433962
0.4209534771
0.4226401395
0.4255207782
0.4255207782
0.4271358035
0.4291039276
0.4311650863
0.4322093547
0.4364107268
0.4364107268
0.4389090308
0.4372717748
0.4347085624
0.4329216355
0.4295900863
0.4295900863
0.4254638193
0.4212286233
0.4219280028
0.4206780962
0.4217932119
0.4217932119
0.4205436273
0.4180987728
0.2482961464
0.2498391495
0.2546482999
0.2546482999
0.2594133396
0.2633680052
0.2685521440
0.2730833000
0.2802569097
0.2802569097
0.2862568555
0.2942476440
0.3014846357
0.3064018149
0.3087042312
0.3087042312
0.3096836436
0.3103130201
0.3088916386
0.3078699775
0.3061065743
0.3061065743
0.3055961397
0.3056697753
0.3073892200
0.3095307088
0.3134690671
0.3134690671
0.3180167387
0.3211232396
0.3221429465
0.3237713744
0.3254202795
0.3254202795
0.3263868259
0.3287371784
0.3291515139
0.3308673492
0.3335620963
0.3335620963
0.3351729221
0.3391276069
0.3437545940
0.3488332034
0.3712940805
0.3712940805
0.3651165951
0.3606814325
0.3605181451
0.3580262645
0.3571529585
0.3571529585
0.3565384193
0.3603142882
0.3628439870
0.3664216425
0.3713754854
0.3713754854
0.3754274296
0.3804203003
0.3853314274
0.3869886723
0.3854607215
0.3854607215
0.3374561383
0.3289287646
0.3212475675
0.3164860010
0.3132544601
0.3132544601
0.3123072419
0.3106858603
0.3076310807
0.3048763990
0.3018550962
0.3018550962
0.2973976164
0.2933319228
0.2904573983
0.2900145956
0.2896597712
0.2896597712
0.2879093575
0.2884734575
0.2895206012
0.2910336641
0.2903274733
0.2903274733
0.2884029274
0.2880087209
0.2853799583
0.3906015075
0.3914234115
0.3914234115
0.3943479687
0.3975693878
0.3992288111
0.4021539371
0.4060767926
0.4060767926
0.4085156670
0.4104018542
0.4131096102
0.4146680241
0.4150107065
0.4150107065
0.4168239762
0.4176801619
0.4248407178
0.4265701431
0.4267596259
0.4267596259
0.4252481312
0.4240827912
0.4236074365
0.4235742200
0.4233906911
0.4233906911
0.4241089216
0.4245610748
0.4225162749
0.4212486537
0.4188632740
0.4188632740
0.4195138625
0.4191732034
0.4166797813
0.2097515213
0.2081584600
0.2081584600
0.2024386635
0.1990972284
0.1930782487
0.1900851717
0.1859833313
0.1859833313
0.1841684680
0.1773261242
0.1724422215
0.1684037832
0.1623180283
0.1623180283
0.1603202189
0.1630416468
0.1620772422
0.1648428081
0.1701174461
0.1701174461
0.1753939406
0.1811535421
0.1850251972
0.1874519004
0.1882947001
0.1882947001
0.1880657893
0.1852332121
0.1822262070
0.1818589477
0.1811131320
0.1811131320
0.1800151727
0.1787041569
0.1803184676
0.1805191196
0.1850048493
0.1850048493
0.1906639628
0.1945579409
0.1964871428
0.2005496055
0.2004206407
0.2004206407
0.1999186705
0.2011667029
0.2014940905
0.2030420990
0.2049787319
0.2049787319
0.2066663265
0.2095435328
0.2132113310
0.2147524316
0.2147882306
0.2147882306
0.2126279597
0.2120581175
0.2123080529
0.2122166278
0.2113990329
0.2113990329
0.2109513628
0.2102955903
0.2107914532
0.2108296660
0.2104723436
0.2104723436
0.2096090790
0.2094490016
0.2082808274
0.2079554399
0.2066633562
0.2066633562
0.2064904254
0.2046246747
0.2047013700
0.2046507219
0.2055489148
0.2055489148
0.2057447633
0.2055006832
0.2053151992
0.2046381804
0.2040159828
0.2040159828
0.2049189624
0.2055065286
0.2064493568
0.2055213345
0.2054751518
0.2054751518
0.2052529328
0.1901376662
0.1919835946
0.1903862728
0.1920793520
0.1920793520
0.1984128883
0.2091392253
0.2076568914
0.1993638251
0.1861359448
0.1861359448
0.1844515147
0.1615987789
0.1647296491
0.1671289866
0.1656656778
0.1656656778
0.1769361755
0.1751958168
0.1809839752
0.1879854886
0.1908047549
0.1908047549
0.1893234340
0.1905423615
0.1926563888
0.1975877657
0.2040618530
0.2040618530
0.2039249147
0.2027034773
0.1948058658
0.1911043080
0.1867499145
0.1867499145
0.1874570288
0.1840470846
0.1850237182
0.1886940939
0.2042022751
0.2042022751
0.2149232031
0.3781171017
0.3741092939
0.3690754558
0.3662928981
0.3662928981
0.3618609673
0.3579497758
0.3546964201
0.3523778915
0.3508786650
0.3508786650
0.3504440450
0.3484430539
0.3469753886
0.3458210003
0.3430669922
0.3430669922
0.3431630223
0.3430268086
0.3419312410
0.3396222082
0.3552224094
0.3552224094
0.3550044931
0.3545839075
0.3541843419
0.3539941366
0.3542268870
0.3542268870
0.3539382175
0.3543879218
0.3538323908
0.3553235488
0.3544676735
0.3544676735
0.3546499038
0.3534267311
0.3525376212
0.3523852071
0.3537320137
0.3537320137
0.3538295857
0.3549594268
0.3543631531
0.3547323464
0.3544930884
0.3544930884
0.3535401730
0.3521689239
0.3528166264
0.3532087162
0.3545912338
0.3545912338
0.3554298455
0.3552586788
0.3557560316
0.4204069597
0.4308065266
0.4308065266
0.4310860081
0.4250069797
0.4175367619
0.4070566354
0.4006991360
0.4006991360
0.3935554667
0.3981163644
0.4123403568
0.3989105013
0.3779071254
0.3779071254
0.3699673595
0.3728611162
0.3848580088
0.3858311050
0.3823892652
0.3823892652
0.3858811017
0.3969639003
0.4079773650
0.4255129632
0.4267826621
0.4267826621
0.4070750685
0.3951834148
0.4004511760
0.4044683052
0.4080101557
0.4080101557
0.4117519715
0.4146206436
0.4186446403
0.4201965840
0.4227358397
0.4227358397
0.4224858060
0.4228944892
0.4236687721
0.4230519154
0.4238912487
0.4238912487
0.4247583671
0.4305079104
0.4308227110
0.4321526256
0.4316209790
0.4316209790
0.4306139202
0.4314393316
0.4280057818
0.4255121904
0.4224926362
0.4224926362
0.4182404280
0.4130867695
0.4134656545
0.4135424968
0.4102607760
0.4102607760
0.4077604265
0.4062874404
0.4056088970
0.4034027661
0.4023233192
0.4023233192
0.4012190158
0.4004608525
0.3994661228
0.3967621149
0.3938540655
0.3938540655
0.3913102378
0.3877364400
0.3853470325
0.3816782957
0.3777414566
0.3777414566
0.3760527075
0.2912242590
0.2918798401
0.2925147563
0.2916762065
0.2916762065
0.2918938031
0.2921584245
0.2913527983
0.2919006515
0.2914654399
0.2914654399
0.2912134985
0.2907002067
0.2907074342
0.2900275854
0.2905250184
0.2905250184
0.2901623616
0.2904705528
0.2906479031
0.2909905181
0.2909305499
0.2909305499
0.2912516016
0.2910415734
0.2909040293
0.2903042803
0.2905770829
0.2905770829
0.2900705166
0.2907215456
0.2903353457
0.2905666352
0.2903367851
0.2903367851
0.2909364972
0.2902794743
0.2904733301
0.2902945741
0.2899642648
0.2899642648
0.3887424148
0.3902650268
0.3906958000
0.3898642302
0.3865488846
0.3865488846
0.3841359285
0.3810513263
0.3799687370
0.3792099571
0.3807232916
0.3807232916
0.3856452944
0.3910068134
0.3958297573
0.4001298244
0.4033819946
0.4033819946
0.4078733596
0.3822438599
0.3842221236
0.3845374530
0.3831203161
0.3831203161
0.3850329254
0.3870077886
0.3874317246
0.3867937254
0.3875409582
0.3875409582
0.3880230917
0.3878047442
0.3874080309
0.3892086616
0.3885946779
0.3885946779
0.3867505378
0.3840788811
0.3810033278
0.3794265036
0.3795653817
0.3795653817
0.3797349348
0.3847892104
0.3884976630
0.3905126619
0.3902475202
0.3902475202
0.3899697997
0.3901786069
0.3895525046
0.3913586637
0.3926112320
0.3926112320
0.3947900768
0.3958866858
0.3975549357
0.3986873890
0.3996218336
0.3996218336
0.3997812973
0.4017109635
0.4023217972
0.4027310831
0.4024320521
0.4024320521
0.4019278917
0.3999529479
0.3974273010
0.3958024375
0.3932525643
0.3932525643
0.3903964243
0.3881103972
0.3852270165
0.3830606412
0.3801828014
0.3801828014
0.3773446574
0.3732720282
0.3723038240
0.3725271759
0.3733481315
0.3733481315
0.3746993592
0.3757390713
0.3755910891
0.3743237730
0.3732248720
0.3732248720
0.3720505014
0.3712854128
0.3705537030
0.3715089908
0.3730201898
0.3730201898
0.3741422641
0.3749798275
0.3748088649
0.3749875140
0.3761386318
0.3761386318
0.3787276967
0.3941568852
0.3889401482
0.3847599833
0.3801415886
0.3801415886
0.3774027336
0.3780169293
0.3790319818
0.3806698250
0.3808611410
0.3808611410
0.3829037437
0.3866227999
0.3921221985
0.3991596663
0.4032323945
0.4032323945
0.4019776721
0.3993605594
0.3982999879
0.3998845276
0.4027844797
0.4027844797
0.4043554642
0.4049427823
0.4030902026
0.4018843559
0.3871626664
0.3871626664
0.3872740491
0.3873083316
0.3863298598
0.3857312834
0.3855516600
0.3855516600
0.3857529176
0.3867648006
0.3843804558
0.3834290155
0.3833218524
0.3833218524
0.3845030411
0.3863148813
0.3888131883
0.3897258583
0.3898026609
0.3898026609
0.3895238283
0.3877138113
0.3876493122
0.3882123423
0.3870383412
0.3870383412
0.3848751084
0.3817864441
0.3795438008
0.3775725046
0.3767922232
0.3767922232
0.3764235906
0.3770137609
0.3777653351
0.3768263515
0.3792162716
0.3792162716
0.3808028873
0.3810433389
0.3829666539
0.3822603681
0.3817001522
0.3817001522
0.3827123925
0.3836757428
0.3835931313
0.3816527508
0.3783758606
0.3783758606
0.3753977958
0.3727706363
0.3725003227
0.3706851750
0.3689794787
0.3689794787
0.3676390698
0.3670099708
0.3681724803
0.3700331717
0.3696506958
0.3696506958
0.3684556617
0.3668471451
0.3663454744
0.3653197279
0.3641469858
0.3641469858
0.3624981171
0.3602665397
0.3595465803
0.3584067610
0.3594392044
0.3594392044
0.3606782070
0.3636088894
0.3681799024
0.3717006040
0.3739389683
0.3739389683
0.3751645478
0.3756725567
0.3761135635
0.3772745109
0.3773311164
0.3773311164
0.3775789973
0.3756882917
0.3741878726
0.3735971360
0.3738565665
0.3738565665
0.3745526098
0.3758332320
0.2856242439
0.2880564483
0.2892628054
0.2892628054
0.2898044351
0.2907431425
0.2910132546
0.2917185165
0.2906748878
0.2906748878
0.2889543848
0.2888356345
0.2896642696
0.2910403411
0.2944959056
0.2944959056
0.2994975948
0.3035645677
0.3074337823
0.3102723650
0.3121063227
0.3121063227
0.3123512641
0.3122819115
0.3107481785
0.3109659680
0.3110665361
0.3110665361
0.3103371726
0.3111678075
0.3116748657
0.3126212697
0.3137966648
0.3137966648
0.3146435085
0.3141033576
0.3143156360
0.3144424945
0.3151307134
0.3151307134
0.3154585451
0.3164435700
0.3168490358
0.3185018899
0.3184258097
0.3184258097
0.3190886397
0.3201548453
0.3211906737
0.3221383833
0.3223917575
0.3223917575
0.3224656860
0.3223399631
0.3229861672
0.3248875043
0.3243473026
0.3243473026
0.3240766851
0.3242630541
0.3235687229
0.3237627007
0.3241799853
0.3241799853
0.3239905317
0.3234502699
0.3237209923
0.3238980694
0.3238457320
0.3238457320
0.3253717049
0.3259966553
0.3253479462
0.4159123118
0.4138481318
0.4138481318
0.4116386501
0.4126584907
0.4130368227
0.4141000588
0.4151284264
0.4151284264
0.4155332130
0.4163210011
0.4170303588
0.4178045916
0.4176041364
0.4176041364
0.4182232594
0.4186610101
0.4187286139
0.4194079644
0.4202972608
0.4202972608
0.4201955920
0.4207806287
0.4207653025
0.4211346457
0.4232058622
0.4232058622
0.4232350991
0.4238812387
0.4237494565
0.4238877681
0.4241433511
0.4241433511
0.4254765788
0.4248419047
0.4255247480
0.4254742006
0.4254847612
0.4254847612
0.4261487108
0.4276023033
0.4284271395
0.4290767965
0.4291032393
0.4291032393
0.4297325872
0.4306261180
0.4308076408
0.4323565406
0.4328541616
0.4328541616
0.4334282618
0.4332774674
0.4327470776
0.4335383447
0.4338732136
0.4338732136
0.4342302502
0.4360174467
0.2477719329
0.2500754142
0.2513775551
0.2513775551
0.2501958253
0.2496636284
0.2481430040
0.2484662910
0.2473057074
0.2473057074
0.2459150297
0.2465822692
0.2465079049
0.2443218415
0.2425851823
0.2425851823
0.2414101251
0.2414205150
0.2411945693
0.2386507067
0.2374883689
0.2374883689
0.2367453817
0.2392309749
0.2400051164
0.2396105404
0.2392114069
0.2392114069
0.2389711922
0.2383195111
0.2378623105
0.2375997742
0.2362410337
0.2362410337
0.2347018377
0.2331634534
0.2325868192
0.2335663519
0.2343451228
0.2343451228
0.2358591882
0.2364646734
0.2359637935
0.2343029332
0.2355302872
0.2355302872
0.3898156968
0.3872632304
0.3855764530
0.3838030590
0.3817366097
0.3817366097
0.3808201826
0.3814280486
0.3819527676
0.3816533752
0.3807080932
0.3807080932
0.3803809636
0.3801088922
0.3815176081
0.3828804926
0.3838238103
0.3838238103
0.3838698822
0.3838569441
0.3832304482
0.3836918351
0.3853922448
0.3853922448
0.3860370707
0.3867667138
0.3868856750
0.3849489023
0.3824267993
0.3824267993
0.3783734835
0.3749129887
0.3731374283
0.3734376286
0.3727069001
0.3727069001
0.3686676029
0.3646375370
0.3616374663
0.3619974518
0.3645941211
0.3645941211
0.3666968998
0.3683627505
0.3678606782
0.3674666216
0.3696582307
0.3696582307
0.3726594039
0.3750663608
0.3768621749
0.3781470469
0.3779502290
0.3779502290
0.3789688148
0.3834999784
0.3879046081
0.3899707010
0.3905969409
0.3905969409
0.3891906443
0.3863696333
0.3821450192
0.3768879953
0.3717767970
0.3717767970
0.3671001840
0.3635567528
0.3625188131
0.4783274630
0.4650523609
0.4650523609
0.4506843690
0.4428423036
0.4418650995
0.4542939198
0.4597045759
0.4597045759
0.4596292808
0.4539803097
0.4479820042
0.4434307527
0.4501056123
0.4501056123
0.4598673009
0.4641743144
0.4595587181
0.4540236467
0.4469744697
0.4469744697
0.4527337130
0.4579455526
0.4652466490
0.4671965568
0.4619399980
0.4619399980
0.4565152586
0.4537652166
0.4493325348
0.4454469175
0.4414751820
0.4414751820
0.4416417835
0.4427376882
0.4440085082
0.4451978761
0.4489596369
0.4489596369
0.4498852117
0.4511143319
0.2303070925
0.2329995945
0.2316710029
0.2316710029
0.2289431760
0.2265642145
0.2255076710
0.2255076710
0.2255076710
0.2217024309
0.2217024309
