0.1328790698
0.1328790698
0.1328790698
0.1328790698
0.1328790698
0.1328790698
0.1328790698
0.1328790698
0.1328790698
0.1328790698
0.1328790698
0.1328790698
0.1328790698
0.1328790698
0.1328790698
0.1328790698
0.1327412425
0.1326561874
0.1325081687
0.1326789359
0.1326789359
0.1331109827
0.1336410421
0.1335785871
0.1333071025
0.1333071025
0.1328812881
0.1324686966
0.1318353918
0.1305577615
0.1305577615
0.1290000777
0.1275453132
0.1259156179
0.1240744389
0.1240744389
0.1223339642
0.1211221375
0.1194853504
0.1178764180
0.1178764180
0.1163796692
0.1147886261
0.1134001629
0.1125262248
0.1125262248
0.2066260727
0.2084233307
0.2094996890
0.2094996890
0.2100571344
0.2106854489
0.2108166088
0.2103893090
0.2103893090
0.2100088528
0.2094714652
0.2092005401
0.2080387848
0.2080387848
0.2064613319
0.2052380843
0.2045011248
0.2037000919
0.2037000919
0.2030038279
0.2017831167
0.2016208159
0.2033384290
0.2033384290
0.2055238601
0.2067162321
0.2078310128
0.2089903955
0.2089903955
0.2084347273
0.2075186889
0.0000140028
0.0000005618
0.0000005618
0.0000000552
0.0000000552
0.0000000552
0.0000000552
0.0000000552
0.0000000552
0.0000000552
0.0000000552
0.0000000552
0.0000000552
0.0000000552
0.0000000552
0.0000000552
0.0000000552
0.0000000552
0.0000000552
0.0000000552
0.0000000552
0.0027502610
0.0027502610
0.0060976095
0.0116818475
0.0178572457
0.0240793475
0.0240793475
0.0316604057
0.0378233913
0.0449917638
0.0509944933
0.0509944933
0.0585710713
0.0657162137
0.0719756816
0.0786310421
0.0786310421
0.0864555898
0.0933474399
0.1015393724
0.1084749800
0.1084749800
0.1160021221
0.1224066621
0.1308012298
0.1378422140
0.1378422140
0.1459422549
0.1522451682
0.1599071644
0.1659368362
0.1659368362
0.1749587695
0.1802985655
0.1882314979
0.1946583997
0.1946583997
0.1989225854
0.1987235177
0.1985959084
0.1985567949
0.1985567949
0.1180172782
0.1186080681
0.1187568729
0.1185490222
0.1185490222
0.1184274458
0.1185019709
0.1184548331
0.1183067369
0.1183067369
0.1183192529
0.1184207180
0.1184838616
0.1183488233
0.1183488233
0.1184445351
0.1186602534
0.1191365471
0.1196497838
0.1196497838
0.1202171870
0.1207678928
0.1210874506
0.1211779074
0.1211779074
0.1004390671
0.1008785580
0.1012901419
0.1015772977
0.1015772977
0.1018716107
0.1024706979
0.1030336728
0.1033942981
0.1033942981
0.1039740864
0.1046094110
0.1050016511
0.1051343513
0.1051343513
0.1051782711
0.1051778793
0.1049404736
0.1046728252
0.1046728252
0.1048015571
0.1050953521
0.1053804893
0.1055646665
0.1055646665
0.1060786887
0.1065090950
0.1069623707
0.1699002996
0.1699002996
0.1698052704
0.1698860060
0.1699878931
0.1701005794
0.1701005794
0.1703314509
0.1708768425
0.1711474212
0.1713372785
0.1713372785
0.1714373462
0.1715380001
0.1719091746
0.1722000739
0.1722000739
0.1727335674
0.1732383276
0.1736671113
0.1740873659
0.1740873659
0.1746093215
0.1751870623
0.1755863493
0.1759587368
0.1759587368
0.1764023247
0.1768334949
0.1773730034
0.1777750580
0.1777750580
0.1783057454
0.1784512379
0.1786481695
0.1787345156
0.1787345156
0.1787516195
0.1787076332
0.1786678650
0.1786803165
0.1786803165
0.1787389596
0.1786920176
0.1784532585
0.1782221808
0.1782221808
0.0844182425
0.0850709762
0.0856805375
0.0860313494
0.0860313494
0.0863221215
0.0865521250
0.0867860010
0.0871198559
0.0871198559
0.0875071415
0.0879523223
0.0884303602
0.0885545046
0.0885545046
0.0888831634
0.0891175788
0.0894578693
0.0894974441
0.0894974441
0.0896595710
0.0898044438
0.0898527757
0.2453726956
0.2453726956
0.2453839415
0.2454181082
0.2455057406
0.2459553608
0.2459553608
0.2464553035
0.2468115429
0.2469432724
0.1698969489
0.1698969489
0.1687190300
0.1685548482
0.1686104868
0.1690715187
0.1690715187
0.1698597110
0.1702890061
0.1706581981
0.1697714595
0.1697714595
0.1702440731
0.1710005250
0.1953454293
0.1957771679
0.1957771679
0.1960689415
0.1963717060
0.1966423343
0.1971681175
0.1971681175
0.1974813194
0.1975928849
0.1976835580
0.1977181798
0.1977181798
0.2137103155
0.2140964052
0.2145973486
0.2149755630
0.2149755630
0.2152687919
0.2154962689
0.2155025743
0.2154411495
0.2154411495
0.2151485674
0.2149229096
0.2146673434
0.2146673434
0.2142526726
0.2137193867
0.2132741010
0.2126593641
0.2126593641
0.2026166481
0.1832361733
0.1632244687
0.1440477720
0.1440477720
0.1246726161
0.1062232376
0.0875422003
0.0695353741
0.0695353741
0.0521106082
0.0358136663
0.0193671843
0.0054144938
0.0054144938
0.0000000000
0.0000000000
0.3672805623
0.3666764625
0.3666764625
0.3663443483
0.3664571349
0.3668760068
0.3673159057
0.3673159057
0.3675656103
0.3679233422
0.3682888526
0.3688202816
0.3688202816
0.3691368782
0.3692478939
0.3691392815
0.3691216661
0.3691216661
0.3692704827
0.3694023249
0.3692367320
0.0488069088
0.0488069088
0.0494256082
0.0497561423
0.0493394952
0.0490261332
0.0490261332
0.0496136951
0.0500605633
0.0450377430
0.0418254789
0.0418254789
0.0417388531
0.0417045242
0.0417114210
0.0415279963
0.0415279963
0.0415262337
0.0790365003
0.0792611818
0.0797095344
0.0797095344
0.0805869902
0.0835458336
0.0866079649
0.0888350732
0.0888350732
0.0905269999
0.0920882757
0.0933410019
0.0941525239
0.0941525239
0.0946487455
0.0950658599
0.0955110739
0.0956159161
0.0956159161
0.0956057873
0.0956015746
0.0956198231
0.0956319212
0.0956319212
0.0956843603
0.0957503038
0.0957701227
0.0957799596
0.0957799596
0.0799272393
0.0798785097
0.0795975960
0.0788452900
0.0788452900
0.0775855475
0.0762342139
0.0749493672
0.0733447792
0.0733447792
0.0718887721
0.0703382905
0.0689797999
0.0680164977
0.0680164977
0.0681078526
0.0685753606
0.0691402963
0.0697371523
0.0697371523
0.0704038927
0.0706164121
0.0705706544
0.0704966526
0.0704966526
0.0704325183
0.0704694235
0.0712491571
0.0736641902
0.0736641902
0.0761580373
0.0768141929
0.0772021251
0.0776126172
0.0776126172
0.0777802768
0.0778716431
0.0780226510
0.0780110077
0.0780110077
0.0778377049
0.0775024277
0.0816049734
0.0814210415
0.0814210415
0.0814199780
0.0813413471
0.0813754673
0.0813668676
0.0813668676
0.0812900434
0.0812072037
0.0811883462
0.0811777521
0.0811777521
0.0812091634
0.0811523842
0.0811134237
0.0810066358
0.0810066358
0.0808153084
0.0806165829
0.0804644129
0.0803324210
0.0803324210
0.0803264529
0.0740672225
0.0739060361
0.0739002343
0.0739002343
0.0737648028
0.0737163790
0.0733603117
0.0729414513
0.0729414513
0.0724272795
0.0720158691
0.0717135949
0.0716363787
0.0716363787
0.0716058072
0.0717139906
0.0718157113
0.0716781140
0.0716781140
0.0715189576
0.0713216275
0.0710290830
0.0710072287
0.0710072287
0.0711357724
0.0713621409
0.0712656669
0.0710190129
0.0710190129
0.0707776845
0.0701501107
0.0701273842
0.0703458277
0.0703458277
0.0706096010
0.0707365524
0.0712252910
0.0713875595
0.0713875595
0.0711604653
0.0712901784
0.0723620262
0.0725232068
0.0725232068
0.0726620087
0.0735764220
0.0734200128
0.0719522698
0.0719522698
0.0705965669
0.0701978314
0.0689912357
0.0675199804
0.0675199804
0.0655759187
0.0651689508
0.0662164642
0.1056259979
0.1056259979
0.0995189612
0.0888784220
0.0744591303
0.0613324319
0.0613324319
0.0595567575
0.0598957584
0.0605003499
0.0610966496
0.0610966496
0.0616176407
0.0625629533
0.0634447616
0.0645150916
0.0645150916
0.0654373948
0.0661426271
0.0906738214
0.0906738214
0.0923579625
0.1450329844
0.1121882270
0.0918045927
0.0918045927
0.0916544366
0.0912033269
0.1750615780
0.0994395849
0.0994395849
0.0900458279
0.0899906980
0.0900088237
0.1398210211
0.1398210211
0.1089787617
0.0903430773
0.0901264866
0.0911132872
0.0911132872
0.1658181171
0.1166441847
0.0898644635
0.0904986309
0.0904986309
0.0904851098
0.3072520066
0.3039316156
0.2992996822
0.2992996822
0.2950747855
0.2898473779
0.2849241569
0.2805820179
0.2805820179
0.2766879992
0.2738962075
0.2704276978
0.2684470527
0.2684470527
0.1023616031
0.1024837620
0.1021683507
0.1010643553
0.1010643553
0.1007375835
0.1012122857
0.1012889029
0.1018181368
0.1018181368
0.1053127894
0.1048356565
0.1031832495
0.1019455953
0.1019455953
0.1014976573
0.1036700941
0.1083172881
0.1110807667
0.1110807667
0.1088081940
0.1052639342
0.0989358457
0.0925801066
0.0925801066
0.0826790482
0.0905294013
0.1112324372
0.1203456422
0.1203456422
0.0557337702
0.0529930617
0.0538725311
0.0555522459
0.0555522459
0.0521520094
0.0507560863
0.0508899194
0.5510116510
0.5510116510
0.5464534600
0.5446005221
0.5435016415
0.5426874359
0.5426874359
0.5421295398
0.5416736676
0.5413682691
0.5410072347
0.5410072347
0.5410345241
0.5407740921
0.5401873223
0.5398353389
0.5398353389
0.5397186607
0.5396012697
0.5394410555
0.5391877932
0.5391877932
0.6569170844
0.6568793151
0.6568596467
0.6567890138
0.6567890138
0.6567371087
0.6566860881
0.6566551808
0.6566784274
0.6566784274
0.6567009545
0.6567236216
0.6567290895
0.6567018830
0.6567018830
0.6564497487
0.6563649058
0.6554855861
0.6542506855
0.6542506855
0.6535036973
0.6526138220
0.6519528457
0.6512622391
0.6512622391
0.6503376519
0.6492047157
0.6481471015
0.6471346166
0.6471346166
0.6463469411
0.6455045603
0.6446939724
0.6440123151
0.6440123151
0.6434219226
0.6433049276
0.6431526064
0.6418818288
0.6418818288
0.6402368786
0.6377696651
0.6337859844
0.6302825813
0.6302825813
0.6221691063
0.6124389816
0.6029046422
0.5937823600
0.5937823600
0.5842465380
0.5748271525
0.5666872231
0.5583943785
0.5583943785
0.5522555537
0.5467659999
0.5427791769
0.5393532785
0.5393532785
0.5371621350
0.5358467217
0.5338477732
0.5327720091
0.5327720091
0.5317943762
0.5313282284
0.5298839822
0.5286073113
0.5286073113
0.5287675852
0.5274135189
0.5273001042
0.5272351070
0.5272351070
0.5272048970
0.5268159774
0.5270903695
0.5271443189
0.5271443189
0.5276209112
0.5272017543
0.5275105510
0.5276414476
0.5276414476
0.5280046828
0.5277697498
0.5276682791
0.5281209769
0.5281209769
0.5282012992
0.5280732688
0.5278658826
0.5279771103
0.5279771103
0.5287244965
0.5298157342
0.5306224721
0.5323721483
0.5323721483
0.5336980183
0.5347549506
0.5356787285
0.5377365490
0.5377365490
0.5392717545
0.5412898152
0.5419954428
0.5433077166
0.5433077166
0.5441235545
0.5449839018
0.5450593744
0.5458369460
0.5458369460
0.5465043885
0.5471514415
0.5473122632
0.5480804773
0.5480804773
0.5493113039
0.5507234029
0.5516914973
0.5527696940
0.5527696940
0.5540835680
0.5554320915
0.5567223382
0.5582622414
0.5582622414
0.5599859915
0.5617990934
0.5639180528
0.5662605293
0.5662605293
0.5681793538
0.5696643038
0.5705735455
0.5713435253
0.5713435253
0.5719514452
0.5725879751
0.5732054950
0.5736383061
0.5736383061
0.5739547838
0.5742687790
0.5745709453
0.5749143866
0.5749143866
0.5748799638
0.5748712605
0.5750285323
0.5754457647
0.5754457647
0.5758567271
0.5764363164
0.5771263918
0.5779489998
0.5779489998
0.5784976139
0.5783569679
0.5777975900
0.5777975900
0.5778785955
0.5778924935
0.5779641473
0.5780223063
0.5780223063
0.5782150730
0.5784474155
0.5786686885
0.5789607315
0.5792446656
0.5792446656
0.5794699370
0.5798399498
0.5804063169
0.5804063169
0.5808378789
0.5815554363
0.5823150397
0.5831725868
0.5831725868
0.5840448428
0.5848990608
0.5857857458
0.5866441583
0.5866441583
0.5875601155
0.5886069713
0.5898412212
0.5910290676
0.5910290676
0.5920317348
0.5928562464
0.5934736279
0.5940953453
0.5940953453
0.5943413299
0.5946971408
0.5951373796
0.5957256172
0.5957256172
0.5962025869
0.5967142066
0.5972720287
0.5978091456
0.5978091456
0.5983410192
0.5985979598
0.5986839412
0.5986128669
0.5986128669
0.5984229443
0.5982450228
0.5981645185
0.5980065304
0.5980065304
0.5977780861
0.5975543740
0.5973334419
0.5970997154
0.5970997154
0.5967232034
0.5963885412
0.5960959666
0.5958207519
0.5958207519
0.5955198438
0.5953139344
0.5952326626
0.5950998259
0.5950998259
0.5950125005
0.5949912816
0.5949074560
0.5947945575
0.5947945575
0.5945974143
0.5944527553
0.5942674377
0.5940258201
0.5940258201
0.5938463313
0.5936650823
0.5934285969
0.5932395857
0.5932395857
0.1086056969
0.1098523825
0.1171081423
0.1186576545
0.1186576545
0.1207847577
0.1191920384
0.1238524419
0.1192954834
0.1192954834
0.1209699427
0.1165514031
0.1141784680
0.1063067544
0.1063067544
0.1035039920
0.0980339333
0.0956851409
0.0888810610
0.0888810610
0.0868711524
0.0803624084
0.0805256410
0.0734323240
0.0734323240
0.0731539191
0.0698318268
0.0698155111
0.0654133640
0.0654133640
0.0661873822
0.0639110917
0.0663975282
0.0637811061
0.0637811061
0.0666232314
0.0651301846
0.0684534097
0.0676219930
0.0676219930
0.0692576540
0.0675747757
0.0687272522
0.0674409953
0.0674409953
0.0690414112
0.0673479412
0.0691865279
0.0672668270
0.0672668270
0.0688634593
0.0670143851
0.0672052060
0.0602450637
0.0602450637
0.0585833593
0.0515779044
0.0500730689
0.0428995584
0.0428995584
0.0411434932
0.0350776363
0.0323416601
0.0266851109
0.0266851109
0.0237519229
0.0188049384
0.0157875681
0.0111246519
0.0111246519
0.0078294343
0.0038607483
0.0013458309
0.0000001475
0.0000001475
0.0000001475
0.0000000454
0.0000000454
0.0000002421
0.0000002421
0.0000002421
0.0000002421
0.0000002421
0.0003234385
0.0003234385
0.0011975929
0.0026667872
0.0054082002
0.0069055679
0.0069055679
0.0083832320
0.0104321435
0.0119434086
0.0147331912
0.0147331912
0.0165377980
0.0182987625
0.0187564632
0.0183238720
0.0183238720
0.0191695509
0.0196058099
0.0197338748
0.0202012833
0.0202012833
0.0201456987
0.0210932015
0.0215472895
0.0223030723
0.0223030723
0.0233695091
0.0236178412
0.0242487613
0.0252702366
0.0252702366
0.0260288317
0.0262466610
0.0275575566
0.0283302817
0.0283302817
0.0285338713
0.0293193091
0.0308511373
0.0312344451
0.0312344451
0.0327094267
0.0321535819
0.0327628644
0.0328082427
0.0328082427
0.0330685975
0.0337955776
0.0326771654
0.0329837896
0.0329837896
0.0338341696
0.0326063161
0.0337689075
0.0326427126
0.0326427126
0.0305055937
0.0283863425
0.0275445439
0.0260482449
0.0260482449
0.0244239733
0.0217754336
0.0214563449
0.0187231234
0.0187231234
0.0179966207
0.0164774019
0.0147390593
0.0132461528
0.0132461528
0.0122171599
0.0104062771
0.0091626499
0.0068833573
0.0068833573
0.0060687008
0.0047399123
0.0034062645
0.0034062645
0.0019326261
0.0010131390
0.0003606567
0.0000000000
0.0607344106
0.0607344106
0.0607761896
0.0609231962
0.0979593851
0.1004065585
0.1004065585
0.1015392230
0.0979979060
0.0904487404
0.0904487404
0.0848047267
0.0793714446
0.0749651989
0.0704881853
0.0704881853
0.0671165603
0.0658850592
0.0650395089
0.0654871596
0.0654871596
0.0651426298
0.0644946101
0.0613458532
0.0598525843
0.0598525843
0.0593020448
0.0591901768
0.0593619845
0.0594473192
0.0594473192
0.0599081342
0.0601721526
0.0602314729
0.0605451969
0.0605451969
0.0638489406
0.0737475760
0.0854525730
0.0857853289
0.0857853289
0.0963837169
0.0997060744
0.1010272649
0.0886910125
0.0886910125
0.0799532928
0.0804100066
0.0746009814
0.0690684656
0.0690684656
0.0661394963
0.0647093678
0.0643997755
0.0642537613
0.0642537613
0.0641770159
0.0639086860
0.0640396456
0.0642349620
0.0642349620
0.0644625293
0.0644683260
0.0644099261
0.0653757417
0.0653757417
0.0761254347
0.0786484861
0.0696708700
0.0689022373
0.0689022373
0.0691492798
0.0675053067
0.0667694311
0.0643049319
0.0643049319
0.0634886824
0.0629497669
0.1004225209
0.1033667853
0.1033667853
0.1139207633
0.1273917983
0.1216990296
0.1136715125
0.1136715125
0.1011872422
0.0956709829
0.0937495725
0.0913188244
0.0913188244
0.0905087335
0.0898097681
0.0890970370
0.0891809327
0.0891809327
0.0894752338
0.0910104139
0.0918973789
0.0929160251
0.0929160251
0.0947718695
0.0960312515
0.0968995406
0.0983142657
0.0983142657
0.0993377139
0.1012209549
0.1022766529
0.1025852649
0.1025852649
0.1030492364
0.1042857795
0.1041712020
0.1048899413
0.1048899413
0.1049332453
0.1048147580
0.1046001615
0.1023195263
0.1023195263
0.1013675005
0.1020076942
0.1029916793
0.1031602594
0.1031602594
0.1026479608
0.1019547494
0.1013245059
0.1006601190
0.1006601190
0.0997809663
0.0997904802
0.0998492166
0.1001770345
0.1001770345
0.1006978763
0.1013068572
0.1020237047
0.1024561528
0.1024561528
0.1027131668
0.1034441876
0.1033649825
0.1044169216
0.1044169216
0.0869022023
0.0868757733
0.0868239092
0.0866429555
0.0866429555
0.0865336687
0.0867328156
0.0868050508
0.0866883835
0.0866883835
0.0866106290
0.0866465300
0.0867002004
0.0865461372
0.0865461372
0.0863442808
0.0860957178
0.0860852954
0.0860853318
0.0860853318
0.0862253947
0.0865285236
0.0869265155
0.0873372950
0.0873372950
0.0875639610
0.0876934029
0.0877310097
0.0877605800
0.0877605800
0.0877525064
0.0878397587
0.0878280152
0.0878618419
0.0878618419
0.0876482516
0.0877897494
0.0878692498
0.0879998724
0.0879998724
0.0882240421
0.0885643580
0.0887421007
0.0887543316
0.0887543316
0.0887995843
0.0890009091
0.0892836823
0.0894478155
0.0894478155
0.0896843685
0.0898470106
0.0896985360
0.0895544482
0.0895544482
0.0893373278
0.0888384937
0.0882938383
0.0878111288
0.0878111288
0.0878831173
0.0875311080
0.0871115633
0.0000180286
0.0000180286
0.0000000090
0.0000000090
0.0000000090
0.0000000090
0.0000000090
0.0000000090
0.0000000090
0.0000000090
0.0000000090
0.0000000090
0.0045228130
0.0154240114
0.0258502928
0.0375617946
0.0375617946
0.0502746663
0.0636677275
0.0764382788
0.0905556389
0.0905556389
0.1038788156
0.1184451489
0.1325445849
0.1462587218
0.1462587218
0.1615990063
0.1758166552
0.1913306953
0.2049951815
0.2049951815
0.2210784683
0.2356845332
0.2520589014
0.2520589014
0.2661496005
0.2823217514
0.2975761225
0.3123885024
0.3123885024
0.3204676205
0.3215143763
0.3219712826
0.3220852710
0.3220852710
0.3223269478
0.3228870837
0.3231764459
0.3231726375
0.3231726375
0.3233894827
0.3236296182
0.3239737285
0.3240288362
0.3240288362
0.3240899227
0.4520063158
0.4521484879
0.4523467593
0.4523467593
0.4524407568
0.4525034973
0.4525689780
0.4526320226
0.4526320226
0.4526567927
0.4526558544
0.4527164583
0.4527532623
0.4527532623
0.4526085623
0.4525156898
0.4525547178
0.4525712906
0.4525712906
0.4524795006
0.4523628214
0.4523365096
0.4523833044
0.4523833044
0.4522550188
0.4520940478
0.4519246746
0.3677537527
0.3677537527
0.3692102082
0.3701909796
0.3809662030
0.3833806279
0.3833806279
0.3667948897
0.3559775466
0.3416283841
0.3261209751
0.3261209751
0.3107450007
0.3032504228
0.2972278070
0.2927594489
0.2927594489
0.2865991535
0.2782817807
0.2664062561
0.2568888595
0.2568888595
0.2465591472
0.2372654119
0.2287792914
0.2194147597
0.2194147597
0.2109061446
0.2022524285
0.1924172819
0.1835721346
0.1835721346
0.1754947714
0.1668894526
0.2452291916
0.2456105580
0.2456105580
0.2464796866
0.2478267041
0.2486493493
0.2493137678
0.2493137678
0.2496742832
0.2504161834
0.2503726237
0.2510169042
0.2510169042
0.2513878849
0.2517958545
0.2524520419
0.2530287369
0.2530287369
0.2529607641
0.2527198613
0.2543773739
0.2549490436
0.2549490436
0.2550757527
0.2549085934
0.2540034170
0.2530066802
0.2530066802
0.2523769628
0.2521981692
0.2517473232
0.2519832635
0.2519832635
0.1217192817
0.1216436591
0.1218610368
0.1219914280
0.1219914280
0.1221094482
0.1224901929
0.1226805319
0.1227289471
0.1227289471
0.1224894898
0.1226837868
0.1231418222
0.1233483035
0.1233483035
0.1236155997
0.1243941517
0.1247606427
0.1254202803
0.1254202803
0.1258150014
0.1263038182
0.1267473464
0.1271405124
0.1271405124
0.1274496359
0.1279410089
0.1281738226
0.1281528937
0.1281528937
0.1284905447
0.1284188774
0.1286756180
0.1287111617
0.1287111617
0.1288024424
0.1042818725
0.0994888851
0.0932076833
0.0932076833
0.0930931427
0.0931884683
0.0929477760
0.0929776482
0.0929776482
0.0939342576
0.0938176616
0.0937221525
0.0936467901
0.0936467901
0.0934853088
0.0932720188
0.0936396975
0.0937533600
0.0937533600
0.0942357159
0.0945708597
0.0945886567
0.0947112561
0.0947112561
0.0950621488
0.0949710996
0.0950117433
0.0946614797
0.0946614797
0.0948589302
0.0950708934
0.0953087775
0.1512230436
0.1512230436
0.1530598274
0.1544734399
0.1552733127
0.1567707332
0.1567707332
0.1587641419
0.1606162716
0.1620279659
0.1638313375
0.1638313375
0.1659997267
0.1683792010
0.1698689563
0.1705741394
0.1705741394
0.1711648214
0.1720388933
0.1725974781
0.1738936478
0.1738936478
0.1749014964
0.1757872108
0.1761108038
0.1764451795
0.1764451795
0.1766729082
0.1765267635
0.1770277708
0.1776478417
0.1776478417
0.1787411274
0.1790599469
0.1791217741
0.1786564420
0.1786564420
0.1775078426
0.1756103610
0.1736955420
0.1710161688
0.1710161688
0.1677088832
0.1643082031
0.1616970579
0.1592066904
0.1592066904
0.1563195844
0.1532482505
0.1503778896
0.1503778896
0.1472596699
0.3361587531
0.3366950075
0.3369891200
0.3369891200
0.3370573268
0.3371921040
0.3373898233
0.3375965057
0.3375965057
0.3378811451
0.3381963361
0.3385049093
0.3387224402
0.3387224402
0.3386683514
0.3385213625
0.3381216981
0.3375445196
0.3375445196
0.3368789374
0.3363143961
0.3357787464
0.2496505209
0.2496505209
0.2496206905
0.2495321984
0.2492035747
0.2485702416
0.2485702416
0.2478974666
0.2468598193
0.2458226370
0.2446541981
0.2446541981
0.2438000060
0.2431450235
0.2426613101
0.2428001470
0.2428001470
0.2432204612
0.2436915899
0.2441105905
0.2445874928
0.2445874928
0.2453386890
0.2462033835
0.2469813993
0.2476106346
0.2476106346
0.2071050233
0.2068970421
0.2066729985
0.2063514796
0.2063514796
0.2059484930
0.2056681554
0.2054384001
0.2051322184
0.2051322184
0.2046595477
0.2043634689
0.2040379164
0.2034759751
0.2034759751
0.2030605032
0.2027749704
0.2024110521
0.2017421781
0.2017421781
0.2013419397
0.2009932127
0.2004148243
0.2000825976
0.2000825976
0.1994758344
0.1986868774
0.1978389413
0.1975217342
0.1975217342
0.1973677323
0.1971205057
0.1967158781
0.1962442336
0.1962442336
0.1960099212
0.0000069553
0.0000000000
0.0000000000
0.0000000000
0.0030695981
0.0106508547
0.0187522015
0.0286306287
0.0286306287
0.0378840436
0.0482007619
0.0581323532
0.0693285353
0.0693285353
0.0801090771
0.0902989642
0.1006484232
0.1119944905
0.1119944905
0.1224411157
0.1337095263
0.1396707434
0.1403657253
0.1403657253
0.1409643894
0.1412989579
0.1414523661
0.1415283423
0.1415283423
0.1414731411
0.1414559720
0.1415458067
0.1416359546
0.1416359546
0.1416368813
0.1414645045
0.1413073237
0.1411857750
0.1411857750
0.1836736063
0.1827529459
0.1817817398
0.1810950799
0.1810950799
0.1807819857
0.1802602586
0.1798624463
0.1791627916
0.1791627916
0.1781890883
0.1776585688
0.1773995024
0.1768796760
0.1768796760
0.1765036957
0.1763055830
0.1763430603
0.1761446892
0.1761446892
0.1757751583
0.1756128627
0.1757197011
0.1755815805
0.1755815805
0.1753729257
0.1748590446
0.1741636450
0.1736878389
0.1736878389
0.1736055687
0.1732841878
0.1725847447
0.1717046059
0.1717046059
0.1708135891
0.1699908370
0.1693188462
0.1686079059
0.1686079059
0.1024108837
0.1033666027
0.1049493743
0.1060697149
0.1060697149
0.1065448503
0.1063345271
0.1044885747
0.1008672575
0.1008672575
0.0972223602
0.0927000421
0.0884758363
0.0834888202
0.0834888202
0.0789250739
0.0745571323
0.0728567707
0.0727910610
0.0727910610
0.0728145654
0.0728837308
0.0744115861
0.0745081273
0.0745081273
0.0740744698
0.0735956144
0.0736172571
0.0739724443
0.0739724443
0.1425434739
0.1536723467
0.1666891405
0.1708296118
0.1708296118
0.1679267929
0.1524219266
0.1914528752
0.1774849303
0.1774849303
0.1703215585
0.1727541461
0.1446664632
0.1639619603
0.1639619603
0.1680632899
0.1682063379
0.1434484356
0.1389871717
0.1389871717
0.1684180713
0.2074792169
0.1763125027
0.1686951616
0.1686951616
0.2136519134
0.2233854207
0.2317092793
0.2392885036
0.2392885036
0.2452144890
0.2478702906
0.2497522563
0.2480563067
0.2480563067
0.2457227762
0.2434971309
0.2408069152
0.2384769113
0.2384769113
0.2365160448
0.2342060027
0.2296250595
0.2247448573
0.2247448573
0.2215086386
0.2171707090
0.2129681210
0.2097026601
0.2097026601
0.2040385370
0.2017595120
0.1985974910
0.1946206986
0.1946206986
0.1911793062
0.1896935886
0.1853714961
0.1840351080
0.1840351080
0.1831596584
0.1826473222
