0.1853137237
0.1853137237
0.1853137237
0.1853137237
0.1853137237
0.1853137237
0.1853137237
0.1853137237
0.1853137237
0.1853137237
0.1853137237
0.1853137237
0.1853137237
0.1853137237
0.1853137237
0.1853137237
0.1853137237
0.1853137237
0.1853137237
0.1853137237
0.1853137237
0.1853137237
0.1853137237
0.1853137237
0.1853137237
0.1853137237
0.1853137237
0.1853137237
0.1853137237
0.1853137237
0.1853137237
0.1853137237
0.1853137237
0.1853137237
0.1853137237
0.1853137237
0.1853137237
0.1853137237
0.1863633474
0.1873062457
0.1883667097
0.1883667097
0.1882847121
0.1891094089
0.1889177144
0.1896349961
0.1896349961
0.1897887169
0.1904215157
0.1904604064
0.1906167030
0.1906167030
0.1908048601
0.1915486649
0.1915629336
0.1921590662
0.1921590662
0.1925544371
0.1936407340
0.1938898863
0.1953081078
0.1953081078
0.1951101551
0.1960079715
0.1963607189
0.1975299774
0.1975299774
0.1978598352
0.1988544747
0.1990563518
0.1994498917
0.1994498917
0.1993219209
0.1999907721
0.2000898037
0.2014308074
0.2014308074
0.2023363794
0.2030492956
0.2033187624
0.2040147162
0.2040147162
0.2048281749
0.2054698962
0.2054771398
0.2064721644
0.2064721644
0.2062311058
0.2067713001
0.2070023267
0.2080373226
0.2080373226
0.2081746065
0.2093681825
0.2097525901
0.0000000000
0.0000000000
0.0000000000
0.0000000000
0.0000000000
0.0062885732
0.0062885732
0.0094949455
0.0145474698
0.0213153216
0.0310354956
0.0310354956
0.0437030962
0.0594699045
0.0782501926
0.0983094441
0.0983094441
0.1183406269
0.1362531868
0.1510773487
0.1645249861
0.1645249861
0.1755891980
0.1774109878
0.1793119851
0.1806160062
0.1806160062
0.1820810574
0.1829167196
0.1843544222
0.1858506413
0.1858506413
0.1869425447
0.1875140956
0.1884810751
0.1897768628
0.1897768628
0.1910889402
0.1922995263
0.1936568636
0.1948692353
0.1948692353
0.1965740929
0.1984705240
0.1999800018
0.2018382911
0.2018382911
0.2026363013
0.2043696846
0.2063383463
0.2082779714
0.2082779714
0.2101521070
0.2114300955
0.2129794116
0.2150763027
0.2150763027
0.2169393771
0.2186746718
0.2204916144
0.2225678928
0.2225678928
0.2246625840
0.2258162177
0.2148818835
0.2148818835
0.2174949671
0.2203771974
0.2236184881
0.2265660612
0.2292655912
0.2292655912
0.2321571094
0.2346868034
0.2377442113
0.2418447133
0.2418447133
0.2469276613
0.2521571143
0.2576911724
0.2576911724
0.2628659723
0.2674026884
0.2712772945
0.2744974024
0.2744974024
0.2777513825
0.2805751357
0.2830706502
0.2855691335
0.2855691335
0.2875346994
0.2891129129
0.2909302367
0.2933986304
0.2933986304
0.2966429145
0.2995300312
0.3019378845
0.3039043251
0.3039043251
0.3419023983
0.3420698337
0.3418954071
0.3415671875
0.3415671875
0.3398867418
0.3389886079
0.3403536195
0.3409388600
0.3409388600
0.3398522868
0.3380822985
0.3377845664
0.3388674810
0.3388674810
0.3398068736
0.3001562939
0.2276559445
0.1208411810
0.1208411810
0.0239162716
0.0000000019
0.0000000019
0.1745032103
0.1745032103
0.1747725656
0.1756451165
0.1768094312
0.1774252306
0.1774252306
0.1779126428
0.1795105844
0.1808920708
0.1821869474
0.1821869474
0.1835576902
0.1853808970
0.1875571822
0.1911428015
0.1911428015
0.1947355419
0.1761120458
0.1151122712
0.0237732658
0.0237732658
0.0000000227
0.0000000113
0.1346995489
0.1323367202
0.1323367202
0.1308941894
0.1298165801
0.1331613223
0.1397077247
0.1397077247
0.1442022512
0.1395467141
0.1371913401
0.0684526676
0.0684526676
0.0424077759
0.0201035489
0.0016240972
0.0005156572
0.0005156572
0.3692752459
0.3584727611
0.3612621276
0.3646458835
0.3646458835
0.3724342837
0.3862343205
0.3841067141
0.3840156563
0.3840156563
0.3926362995
0.3926960331
0.3867057947
0.2538905193
0.2538905193
0.2529659667
0.2515507189
0.2504117738
0.2495655374
0.2495655374
0.2487757220
0.2482031175
0.2479214287
0.2475819676
0.2475819676
0.2471108565
0.2466544209
0.2805071529
0.2782045116
0.2782045116
0.2799650507
0.2803693671
0.2797176091
0.2742733279
0.2742733279
0.2702646581
0.2684106342
0.2361111193
0.2364412662
0.2364412662
0.2363382468
0.2350741153
0.2348064377
0.2350596604
0.2350596604
0.2351176532
0.2343357276
0.2339959903
0.2346468257
0.2346468257
0.2686121999
0.2715821119
0.2746931602
0.2783747476
0.2783747476
0.2829982214
0.2876104049
0.2921698251
0.2961035251
0.2961035251
0.2963202212
0.2924741873
0.0000000132
0.0000000132
0.0000000132
0.0000000132
0.0000000132
0.0000000132
0.0000000132
0.0000000132
0.0000000132
0.0000000132
0.0000000132
0.0000000132
0.0000000132
0.0000000132
0.0000000132
0.0000000132
0.0000000132
0.0000000132
0.0000000132
0.0000000132
0.0000000132
0.0000000132
0.0000000132
0.0000000132
0.0049173871
0.0476967604
0.1054487697
0.1054487697
0.1563127633
0.1827084439
0.1824205832
0.2027527320
0.2027527320
0.2346768384
0.2658756882
0.2668080702
0.2586779797
0.2586779797
0.2596252930
0.2591284954
0.2553205961
0.2502520468
0.2502520468
0.2440780684
0.2452294098
0.2500678920
0.2533462664
0.2533462664
0.2557465742
0.2558301575
0.2539113563
0.2480726317
0.2480726317
0.2391345781
0.2400745833
0.2534901335
0.0000000246
0.0000000246
0.0000000246
0.0000000246
0.0000000246
0.0000000246
0.0000000246
0.0000000246
0.0000000246
0.0000000246
0.0000000246
0.0000000246
0.0000000246
0.0000000246
0.0000000246
0.0000000246
0.0000000246
0.0000000246
0.0000000246
0.0000000246
0.0000000246
0.0000000246
0.0000000246
0.0000000246
0.0000000246
0.0000000246
0.0000000246
0.0000000246
0.0000000246
0.0000000246
0.0000000246
0.0000000246
0.0000000246
0.0000000246
0.1806453395
0.1806453395
0.1835066688
0.1860469878
0.1880265914
0.1895485543
0.1895485543
0.1910483725
0.1922820132
0.1945223873
0.1960832343
0.1960832343
0.1980375276
0.1999462155
0.2021418931
0.2048977491
0.2048977491
0.2080774965
0.2114640294
0.2143676307
0.2169686777
0.2169686777
0.2197481546
0.2216240729
0.2230965333
0.2241513834
0.2241513834
0.2249614073
0.2253549685
0.3293815247
0.3314077284
0.3314077284
0.3322517244
0.3326262179
0.3325596525
0.3322469920
0.3322469920
0.3314223043
0.3306528063
0.3295845319
0.3289204256
0.3289204256
0.3285287747
0.3278398510
0.3273440357
0.3266819954
0.3266819954
0.3334408331
0.3300101513
0.3180334374
0.3136979478
0.3136979478
0.3124313515
0.3109272834
0.3091825793
0.3086142707
0.3086142707
0.3095336849
0.3118561851
0.3125758509
0.3135287423
0.3135287423
0.3170584497
0.3231049742
0.3252763606
0.3249967413
0.3249967413
0.3264663601
0.3296548100
0.3320317136
0.3334601004
0.3334601004
0.3341931308
0.3344309362
0.3342691774
0.3342124718
0.3342124718
0.3326146485
0.3375283558
0.3349271585
0.3284746529
0.3284746529
0.3192721903
0.3041206012
0.2941401496
0.2897498035
0.2897498035
0.2876142858
0.2864314442
0.2867541558
0.2877850994
0.2877850994
0.2895453356
0.2909938112
0.2929338808
0.2948579323
0.2948579323
0.2972680957
0.2993757352
0.3012417742
0.3044285039
0.3044285039
0.3070978319
0.3083423433
0.3086935909
0.3094822646
0.3094822646
0.3103540904
0.0000000908
0.0000000927
0.0000000927
0.0000000927
0.0000000927
0.0000000927
0.0000000927
0.0000000927
0.0000000927
0.0000000927
0.0000000927
0.0000000927
0.0000000927
0.0000000927
0.0000000927
0.0000000927
0.0000000927
0.0000000927
0.0000000927
0.0000000927
0.0000000927
0.0000000927
0.0000000927
0.0000000927
0.2631480002
0.2629919517
0.2628123862
0.2626312311
0.2626312311
0.2624055483
0.2621750884
0.2620975483
0.2621154236
0.2621154236
0.2619634246
0.2617794821
0.2617771605
0.2614830788
0.2614830788
0.2612259490
0.2608377395
0.2605176957
0.2603698972
0.2603698972
0.2600958602
0.2597109862
0.2593283107
0.2588571866
0.2588571866
0.2583455018
0.2579148977
0.2564117715
0.2559556691
0.2559556691
0.2557198923
0.2553145507
0.2547306179
0.2543816517
0.2543816517
0.2540529600
0.2537048348
0.2533486176
0.2530682589
0.2530682589
0.2527540652
0.2523462316
0.2519644367
0.2514889544
0.2514889544
0.2509282872
0.2504122863
0.2500588219
0.2495682973
0.2495682973
0.2488725269
0.2651786968
0.2638324344
0.2618746911
0.2618746911
0.2596812440
0.2572012469
0.2541470518
0.2522236402
0.2522236402
0.2503256617
0.2480557247
0.2460476785
0.2440203298
0.2440203298
0.2412657393
0.2396411433
0.2380635391
0.2367898485
0.2367898485
0.2353128960
0.2338935468
0.2317824385
0.2296372670
0.2296372670
0.2273756110
0.2253152284
0.2231920903
0.2209402314
0.2209402314
0.2192364429
0.2170747341
0.2153147502
0.2136509271
0.2136509271
0.2115242658
0.2097135572
0.2068168058
0.2043765223
0.2043765223
0.1953220262
0.1795267536
0.1362111363
0.0544495892
0.0544495892
0.0058557691
0.0844745631
0.1541041832
0.1658684708
0.1658684708
0.2378512935
0.2336221739
0.2222868020
0.2204762099
0.2204762099
0.2235263869
0.2189035402
0.2151787382
0.2150786865
0.2150786865
0.2156424443
0.2154609082
0.2182995352
0.2182995352
0.2198063348
0.2184584932
0.2156210790
0.2142604228
0.2226062890
0.2226062890
0.2260567327
0.2241222201
0.2206691076
0.1001568287
0.1001568287
0.0482374524
0.0219042813
0.0064132377
0.0064132377
0.0024942088
0.0250797507
0.0615958800
0.0885540664
0.0885540664
0.1687113993
0.1719946846
0.1734652487
0.1723614114
0.1723614114
0.1690697096
0.1671137814
0.1646102191
0.1607506887
0.1607506887
0.1573202030
0.1596887338
0.1603881080
0.1601707955
0.1601707955
0.1627858916
0.1641244541
0.1644914872
0.1691158635
0.1691158635
0.1747647245
0.1771909989
0.1848653035
0.2014148132
0.2014148132
0.2117490027
0.2131851920
0.2120843891
0.2106480596
0.2106480596
0.2102726762
0.2096445573
0.2091753053
0.2094728168
0.2094728168
0.2097434681
0.2104875905
0.0999874525
0.0612397721
0.0612397721
0.0360600551
0.0142313984
0.0009786961
0.0025914461
0.0025914461
0.0089661462
0.0220553853
0.0440534566
0.0450992424
0.0450992424
0.0465812333
0.0475089169
0.0484455789
0.0490626303
0.0490626303
0.0498408980
0.0500329719
0.0498019228
0.0507242485
0.0507242485
0.0512247588
0.0519161238
0.0530601132
0.0527179208
0.0527179208
0.0534222545
0.0532992917
0.0538073603
0.0548558742
0.0548558742
0.0554177056
0.0000001362
0.0007869425
0.0025717618
0.0025717618
0.0050599241
0.0090994038
0.0145651483
0.0214975261
0.0214975261
0.0300096102
0.0400747039
0.0519547297
0.0647369501
0.0647369501
0.0788184263
0.0940914547
0.1087442091
0.1248200179
0.1248200179
0.1401499585
0.1553809357
0.1692127222
0.1818000360
0.1818000360
0.1915616341
0.1989737957
0.2034520473
0.2053292466
0.2053292466
0.2055690735
0.2057959217
0.2058073044
0.2068939362
0.2068939362
0.2069837207
0.2070669276
0.2071846847
0.2073922453
0.2073922453
0.2074846444
0.2075771616
0.2076322682
0.2076322330
0.2076322330
0.2075089756
0.2073427833
0.2071514290
0.2069296761
0.2069296761
0.2068121780
0.2066408909
0.2065589492
0.2064179977
0.2064179977
0.2064678353
0.2063897945
0.2063987696
0.2064404154
0.2064404154
0.2064266921
0.2063982277
0.2065053946
0.2054811831
0.2054811831
0.2054968299
0.2055297113
0.2055261675
0.2054472502
0.2054472502
0.2054552702
0.2054303431
0.1862583168
0.1243943331
0.1243943331
0.0873784269
0.0576972781
0.0285903165
0.0046583453
0.0046583453
0.0037168744
0.0382706756
0.0872756379
0.1317181848
0.1317181848
0.1616722983
0.1782721527
0.1905165771
0.2105756374
0.2105756374
0.2069586769
0.2031591378
0.1999108258
0.1981033547
0.1981033547
0.1971831766
0.1976809901
0.1989302012
0.1997225893
0.1997225893
0.2009478936
0.2031871297
0.2052789829
0.2069684096
0.2069684096
0.2082036165
0.2124021125
0.2152445600
0.2125183380
0.2125183380
0.2065092394
0.2043994749
0.2040212825
0.1981969988
0.1981969988
0.1923220733
0.1869976495
0.1811300019
0.1748899063
0.1748899063
0.1701162768
0.1649334793
0.1595317429
0.1531681832
0.1531681832
0.1469659838
0.1419197561
0.1009703293
0.0780305542
0.0780305542
0.0651125597
0.0547357828
0.0454704743
0.0323629491
0.0323629491
0.0196072154
0.0084023240
0.0010185146
0.0069855651
0.0069855651
0.0128235482
0.0220791024
0.0361670173
0.0361670173
0.0568822452
0.0854448432
0.1238272328
0.1724468711
0.1724468711
0.2239462803
0.2596182494
0.2672819206
0.2762729648
0.2832471160
0.2832471160
0.2800712956
0.2732589168
0.2626962948
0.2626962948
0.2573148160
0.2450119388
0.2294974319
0.2113301978
0.2113301978
0.1978641523
0.1911350519
0.1983544325
0.2115885418
0.2115885418
0.2155445317
0.2204087692
0.2258330198
0.2291723062
0.2291723062
0.2316490191
0.2352127467
0.2400873894
0.1782121338
0.1782121338
0.1776470053
0.1775095692
0.1775438780
0.1776431372
0.1776431372
0.1775223213
0.1770051473
0.1770538138
0.1772075403
0.1772075403
0.1766110129
0.1754080891
0.1746556072
0.1744151095
0.1744151095
0.1741015828
0.1743179060
0.1748534991
0.1741088451
0.1741088451
0.1731694946
0.1730374589
0.1727400314
0.1750820007
0.1750820007
0.1727928804
0.1709433274
0.1691260340
0.1680571476
0.1680571476
0.1680396487
0.1670735522
0.1661312312
0.1653555570
0.1653555570
0.1645346940
0.1634057581
0.1623598659
0.1614023232
0.1614023232
0.1603896024
0.0607847939
0.0614606645
0.0618620641
0.0618620641
0.0622864927
0.0621340279
0.0623024224
0.0619948578
0.0619948578
0.0621169510
0.0620461470
0.0619960683
0.0621142865
0.0621142865
0.0622443418
0.0627478369
0.0636937230
0.0646101229
0.0646101229
0.0655768957
0.0667244158
0.0676516915
0.0687423677
0.0687423677
0.0699388308
0.0706074989
0.0712730270
0.0719583369
0.0719583369
0.0731498727
0.0745229647
0.0760624523
0.0774732393
0.0774732393
0.0788870461
0.0801717630
0.0818809632
0.0835340230
0.0835340230
0.0852754827
0.0865565463
0.0875889501
0.0891624594
0.0891624594
0.0906494708
0.1233671778
0.1199358299
0.1162377371
0.1162377371
0.1126422956
0.1090526896
0.1057690893
0.1027149881
0.1027149881
0.0995527971
0.0968092840
0.0954989404
0.0948623931
0.0948623931
0.0939961396
0.0938600197
0.0945993541
0.0954959342
0.0954959342
0.0971500515
0.0991987098
0.1006424916
0.1020332047
0.1020332047
0.1045066114
0.1075000031
0.1105665200
0.1142667489
0.1142667489
0.1186844939
0.1216659411
0.1236338577
0.1252617753
0.1252617753
0.1267668511
0.1281095030
0.1293965585
0.1305920483
0.1305920483
0.1323267385
0.1336321904
0.1353175049
0.1379331037
0.1379331037
0.1420963987
0.1453385251
0.1483892438
0.1513169292
0.1513169292
0.2005961761
0.2024172619
0.2020045486
0.2024477655
0.2024477655
0.2025039116
0.2026065172
0.2026254365
0.2012408760
0.2012408760
0.1989894140
0.1959096768
0.1918784053
0.1881115231
0.1881115231
0.1864757912
0.1836834926
0.1817811949
0.1792970550
0.1792970550
0.1750953436
0.1702038456
0.1641445488
0.0994006137
0.0994006137
0.0730122362
0.0586640819
0.0421107559
0.0214705974
0.0214705974
0.0032587008
0.0010224014
0.0217742810
0.0515530401
0.0515530401
0.0782672901
0.1004393695
0.1290899011
0.1913153483
0.1913153483
0.1932503508
0.1939547121
0.1945983473
0.1947776615
0.1947776615
0.1950400249
0.1944468796
0.1939324287
0.1953111545
0.1953111545
0.1968278359
0.1991504507
0.2012666301
0.2037595669
0.2037595669
0.2067778134
0.2091462973
0.2110824311
0.2116905350
0.2116905350
0.2097070810
0.2085472529
0.2095475662
0.2094515491
0.2094515491
0.0000000057
0.0000000057
0.0000000057
0.0000000057
0.0000000057
0.0000000057
0.0000000057
0.0000000057
0.0000000057
0.0000000057
0.0000000057
0.0000000057
0.0000000057
0.0000000057
0.0000000057
0.0000000057
0.0000000057
0.0000000057
0.0000000057
0.0000000057
0.0000000057
0.0000000057
0.0000000057
0.0000000057
0.0000000057
0.0000000057
0.4248704214
0.4143486284
0.2549931838
0.2549931838
0.2275129202
0.2228494855
0.2124116819
0.2091961300
0.2091961300
0.2078339402
0.2069714042
0.2053962235
0.2039787249
0.2039787249
0.2031352070
0.2026425377
0.2021481919
0.2021481919
0.3049859020
0.3137126878
0.3146079455
0.3149682240
0.3149682240
0.3152156991
0.3155145607
0.3154699507
0.3133303085
0.3133303085
0.3125798764
0.3122633986
0.3128968567
0.3135220442
0.3135220442
0.3141347143
0.3142695501
0.3138982464
0.3140931131
0.3140931131
0.3144171427
0.3145811493
0.3141744629
0.3143073196
0.3143073196
0.3141072823
0.3137299431
0.3128719867
0.3116965431
0.3116965431
0.3100872607
0.3083591881
0.3086995043
0.3084945870
0.3084945870
0.0000025015
0.0000074818
0.0000074818
0.0000074818
0.0000074818
0.0000074818
0.0000074818
0.0000074818
0.0000074818
0.0000074818
0.3384708394
0.3513526712
0.3620866881
0.3523453573
0.3523453573
0.3483598647
0.3560704621
0.3592923287
0.3649644708
0.3649644708
0.3688562491
0.3643547710
0.3552984853
0.3447633993
0.3447633993
0.3531890247
0.3656215382
0.3737680708
0.3721493278
0.3721493278
0.3688489376
0.3629470854
0.3545102583
0.3499891469
0.3499891469
0.3526807242
0.3542149789
0.3590351886
0.3651378267
0.3651378267
0.3714611672
0.3731494116
0.3753368413
0.3780929210
0.3780929210
0.0000019763
0.0000011896
0.0000011896
0.0000000397
0.0000000397
0.0000000397
0.0000006657
0.0000006657
0.0000006657
0.0000006657
0.0000006657
0.3978304734
0.3973447060
0.3998956183
0.3998956183
0.3998376772
0.4013868473
0.3990996498
0.4011121240
0.4011121240
0.4014134659
0.3992016706
0.3984765293
0.3966240957
0.3966240957
0.3965540038
0.3989621661
0.4004937886
0.4026538039
0.4026538039
0.4041674520
0.4059347092
0.4019675561
0.4033147298
0.4033147298
0.4049070354
0.4077042260
0.4092494405
0.4082851620
0.4082851620
0.4087592116
0.4171642981
0.4224737794
0.4235311572
0.4235311572
0.4244089040
0.4247903542
0.4212726329
0.4190442100
0.4190442100
0.4175106107
0.4159008863
0.4119063656
0.0040053443
0.0040053443
0.0040050461
0.0039933986
0.0039891634
0.0039804916
0.0039804916
0.0039694406
0.0039475231
0.0039347618
0.0039121748
0.0039121748
0.0039161709
0.0039016294
0.0038941604
0.0038732165
0.0038732165
0.0038370859
0.0037999272
0.0037999272
0.0037995273
0.0037995273
0.0037937163
0.0037771701
0.0037843448
0.0037872155
0.0037872155
0.0037872155
0.0037895092
0.0037929960
0.0037930008
0.0037930008
0.0038012462
0.0038011021
0.0038020383
0.0038051153
0.0038051153
0.0037968890
0.0037967460
0.0037965522
0.0037965522
0.0037965522
0.0032694875
0.0026554726
0.0021338752
0.0016185016
0.0016185016
0.0012495583
0.0008617380
0.0006188650
0.0003681687
0.0003681687
0.0002319258
0.0001245942
0.0000002307
0.0000002251
0.0000002251
0.0000002251
0.0000002251
0.0000001002
0.0922513688
0.0922513688
0.0930832098
0.0940040214
0.0948261340
0.0956675987
0.0956675987
0.0965239287
0.0973885017
0.0980795699
0.0987958964
0.0987958964
0.0995166882
0.1003867476
0.1010159995
0.1017014657
0.1017014657
0.1024325125
0.1030575535
0.1035772497
0.1040015600
0.1040015600
0.1043607510
0.1046683094
0.1049243431
0.1049243431
0.1051064726
0.1054675651
0.1060050223
0.1066585021
0.1985940543
0.1985940543
0.2723856442
0.2321330092
0.1843465340
0.1926844603
0.1926844603
0.2101281566
0.2194628174
0.1724275744
0.1724275744
0.2342081525
0.2555039522
0.2346039323
0.2176401277
0.2176401277
0.2047381148
0.1928942136
0.1793398986
0.1664733867
0.1664733867
0.1498833704
0.1295186200
0.1054040812
0.0777449972
0.0777449972
0.0473966711
0.0188048881
0.0013980695
0.0000000000
0.0000000000
0.2013030121
0.2010895145
0.2009713722
0.2009351620
0.2009351620
0.2008976238
0.2007511927
0.2006278115
0.2004307022
0.2004307022
0.2003396386
0.2001189076
0.1998439833
0.1994172376
0.1994172376
0.1991310126
0.1988942277
0.1981308010
0.1978995892
0.1978995892
0.1977485154
0.1976254850
0.1975414897
0.1973250137
0.1973250137
0.1970469257
0.1968390495
0.1966325573
0.1963787631
0.1963787631
0.1960899774
0.1957473682
0.1954610963
0.1951243838
0.1951243838
0.1948687062
0.1945972161
0.1943001474
0.1939379399
0.1939379399
0.1936858042
0.1933805479
0.1930894799
0.1581723392
0.1581723392
0.1423794086
0.1337006894
0.1208232048
0.0980254271
0.0980254271
0.0581460045
0.0123064013
0.0113542477
0.1252622492
0.1252622492
0.1944907916
0.2183187955
0.2757983545
0.2753999048
0.2753999048
0.2749254285
0.2744592379
0.2739993928
0.2735198989
0.2735198989
0.2727809844
0.2719828393
0.2709503713
0.2698213729
0.2698213729
0.2686962191
0.2675882854
0.2661531157
0.2648090919
0.2648090919
0.2633384488
0.2618082897
0.2594348823
0.2582156933
0.2582156933
0.2565438749
0.2219804303
0.1915335729
0.1497468112
0.1497468112
0.0897933918
0.0230018965
0.1481702463
0.1476280026
0.1476280026
0.1471084481
0.1466905873
0.1472175531
0.1481762779
0.1481762779
0.1497260468
0.1514825448
0.1596354718
0.1654712321
0.1654712321
0.1773275986
0.1958838227
0.2028498862
0.2070762631
0.2070762631
0.2053108892
0.1918016596
0.1730292460
0.1625042601
0.1625042601
0.1520587232
0.1453899106
0.0940600851
0.0707141243
0.0707141243
0.0552881718
0.0394855206
0.0207365597
0.0033976794
0.0033976794
0.0029346477
0.0121066420
0.0367103802
0.0787171248
0.0787171248
0.1330028578
0.1882533292
0.2274233320
0.2280180013
0.2280180013
0.2287100244
0.2292924192
0.2296614156
0.2300952265
0.2300952265
0.2303261378
0.2305294063
0.2298703302
0.2298819557
0.2298819557
0.2299624676
0.2299953824
0.2298541499
0.2299847382
0.2299847382
0.2298177881
0.2298256959
0.2296147944
0.2298285908
0.2298285908
0.2298524611
0.2298223093
0.2293294715
0.2488501116
0.2488501116
0.2471685052
0.2467412826
0.2469126260
0.2470748189
0.2470748189
0.2472771501
0.2464221957
0.2464019494
0.2463174311
0.2463174311
0.2448238778
0.2445122857
0.2445491713
0.2441348811
0.2441348811
0.2432111074
0.2420610487
0.2403841156
0.2394715839
0.2394715839
0.2371196917
0.2345084745
0.2330200783
0.2308053783
0.2308053783
0.2288052632
0.2855123015
0.2869285535
0.2167477591
0.2167477591
0.1630864391
0.1188946878
0.0776605050
0.0119757943
0.0119757943
0.3107315010
0.3115241435
0.2881574714
0.2578737361
0.2578737361
0.2047438173
0.1280156414
0.0437619062
0.3219151714
0.3219151714
0.3225634987
0.2946354720
0.2406023309
0.1758478949
0.1758478949
0.1150731708
0.0597611027
0.3332377716
0.3324782431
0.3324782431
0.3320964201
0.3314433922
0.3308090246
0.3304466023
0.3304466023
0.3300157438
0.3294813566
0.3289888967
0.3283625376
0.3283625376
0.3275604066
0.3262822094
0.3250503142
0.3242017247
0.3242017247
0.3233931230
0.3226919168
0.3224119140
0.3217520170
0.3217520170
0.3209929272
0.3200692152
0.3198128575
0.3192264316
0.3192264316
0.3188202330
0.3186114153
0.3181540229
0.3172752587
0.3172752587
0.2754273907
0.3032030239
0.3068229733
0.3068229733
0.3046438031
0.3161339622
0.3340828911
0.3382052281
0.3382052281
0.3387709938
0.3436035820
0.3485048869
0.3338504644
0.3338504644
0.3053809673
0.3159897539
0.3387271817
0.3309677634
0.3309677634
0.4292400810
0.4332045109
0.4349335348
0.4351767390
0.4351767390
0.4322063667
0.4274612487
0.4222900331
0.4161098171
0.4161098171
0.4086954661
0.4010259011
0.3940239124
0.3871464545
0.3871464545
0.3803318654
0.3723431351
0.3638059235
0.3551146085
0.3551146085
0.3460865552
0.3370452304
0.3287420971
0.3187230520
0.3187230520
0.3094260412
0.2978309710
0.2867181017
0.2777399592
0.2777399592
0.2698740794
0.2638369941
0.2613956741
0.2603863709
0.2603863709
0.2584584282
0.2567160824
0.2556762157
0.2549980778
0.2549980778
0.2546891155
0.2543509842
0.2536677127
0.2529621742
0.2529621742
0.2526469295
0.2520296211
0.2508324436
0.2511891794
0.2511891794
0.2517534833
0.4597551277
0.4143520858
0.3605062416
0.3605062416
0.3056338558
0.2401973955
0.2302297326
0.2347554811
0.2347554811
0.2233911889
0.2193267530
0.2278735480
0.2435566466
0.2435566466
0.2645553325
0.2644341508
0.2545680779
0.2371649263
0.2371649263
0.2209757190
0.2109665117
0.2144863564
0.2085622852
0.2085622852
0.1978041824
0.1933834337
0.1828857787
0.1768823970
0.1768823970
0.1747930708
0.1725584736
0.1711242356
0.1705376650
0.1705376650
0.1675961855
0.1676785793
0.1634506332
0.1571275398
0.1571275398
0.1518571798
0.1469407138
0.1425826047
0.1363124913
0.1363124913
0.1293554375
0.1205627491
0.1145189156
0.4231637325
0.4231637325
0.3308833422
0.2936020367
0.2884617271
0.3243715137
0.3243715137
0.3037915405
0.2712650738
0.2479032440
0.2486406527
0.2486406527
0.2458399705
0.2369693867
0.2437988964
0.2454078198
0.2454078198
0.2465422580
