0.3333212914
0.3333212914
0.3333212914
0.3333212914
0.3333212914
0.3333212914
0.3333212914
0.3336834554
0.3318587705
0.3323167427
0.3323167427
0.3311246036
0.3311728914
0.3288943146
0.3285423471
0.3285423471
0.3261961138
0.3259025179
0.3233988693
0.3227215149
0.3227215149
0.6328456460
0.6221146475
0.6090602906
0.5971068927
0.5971068927
0.5879218108
0.5793394691
0.5720740233
0.5682626732
0.5682626732
0.5637138369
0.5597893910
0.5631486243
0.5705379543
0.5705379543
0.5736612445
0.5743726462
0.5695697854
0.3146643863
0.3146643863
0.3108235396
0.3104626086
0.3073159990
0.3076056924
0.3076056924
0.3055583388
0.3062431608
0.3035808592
0.3035808592
0.3042373204
0.3017687786
0.3011297235
0.2983370462
0.2983370462
0.2986475586
0.2965471002
0.2960002990
0.2929004562
0.2956008771
0.2956008771
0.2972646810
0.2985474814
0.2973122807
0.2973122807
0.2963190950
0.2945401347
0.2930005553
0.2893405616
0.2893405616
0.2870923293
0.2827495918
0.2793597985
0.2747938481
0.2747938481
0.2733780096
0.2710456557
0.5344238301
0.5182340147
0.5182340147
0.5033036455
0.4924502976
0.4820940075
0.4720459085
0.4720459085
0.4648345804
0.4601109015
0.4581869741
0.4607942991
0.4607942991
0.4682002364
0.4780218496
0.4862014990
0.4927219384
0.4927219384
0.5019033462
0.5114386601
0.5122080224
0.5101879420
0.5101879420
0.5042090648
0.4994017141
0.4957986756
0.4953536807
0.4953536807
0.5079558949
0.5171866132
0.5222277124
0.5281601561
0.5281601561
0.5239118745
0.5218477491
0.5072504916
0.4862580085
0.4862580085
0.4762806940
0.4761847107
0.4767227256
0.4770323307
0.4770323307
0.4772893717
0.4767012618
0.4765395451
0.4764045301
0.4764045301
0.4763282257
0.4767013528
0.4771885132
0.4780969840
0.4780969840
0.4787626730
0.4793191709
0.4795655836
0.4792823020
0.4792823020
0.4793160032
0.4791258769
0.4793563403
0.4796438808
0.4796438808
0.4800174001
0.4805889683
0.4814090985
0.4822114357
0.4822114357
0.4830997644
0.4839935382
0.1255922890
0.4840166151
0.4840166151
0.1286738044
0.4832841492
0.1321191676
0.4833191723
0.4833191723
0.1289581484
0.4835464820
0.1249173790
0.4838703437
0.4838703437
0.1230383091
0.4837513101
0.1228773064
0.4835752926
0.4835752926
0.1232575324
0.4824536190
0.1238315415
0.4807412806
0.4807412806
0.1244152686
0.4797080758
0.1250616703
0.4804039549
0.4804039549
0.1257843224
0.4803153619
0.1268758236
0.4796227908
0.4796227908
0.1282738788
0.4422591242
0.1291785054
0.4792338868
0.4792338868
0.1392483215
0.1947916275
0.1504611904
0.1924650949
0.1924650949
0.1635599606
0.2459391123
0.1788002145
0.1890291274
0.1890291274
0.2005812581
0.2137375417
0.2234673389
0.2333555559
0.2333555559
0.2396203134
0.2391737984
0.2353725977
0.2720188224
0.2720188224
0.2683533546
0.2598625846
0.2767690645
0.2846837019
0.2846837019
0.2891161484
0.2905609240
0.2936704108
0.2906067461
0.2906067461
0.2866444385
0.2840555789
0.2848895682
0.2865767673
0.2865767673
0.2861862624
0.2846098267
0.2841283177
0.2825197055
0.2825197055
0.2791768520
0.2744902625
0.2714007051
0.2709509745
0.2709509745
0.2737100460
0.2759748669
0.2755512991
0.2748980933
0.2748980933
0.2723367388
0.2667342720
0.2648386341
0.2658932675
0.2658932675
0.2657214352
0.2641255192
0.2603878659
0.2539916088
0.2539916088
0.2501688799
0.2503132877
0.2513124909
0.2505148956
0.2505148956
0.2526783500
0.2593391218
0.2644112875
0.2660119606
0.2660119606
0.2640722843
0.2565580555
0.2473650360
0.2412151847
0.2412151847
0.2375966840
0.2361200434
0.2328463454
0.2518395363
0.2518395363
0.2494810116
0.2489135991
0.2485003924
0.2466551796
0.2466551796
0.2460575258
0.2454997611
0.2460095260
0.2467199492
0.2467199492
0.2460247046
0.2447485867
0.2434495861
0.2432939611
0.2432939611
0.2430914741
0.2418676755
0.2410302556
0.2396464770
0.2396464770
0.2378930195
0.2368153556
0.2384571185
0.2421539880
0.2421539880
0.2440031119
0.2442004996
0.2445727234
0.2442728626
0.2442728626
0.2432295163
0.2419513089
0.2415725668
0.2415725668
0.2402858883
0.2392465776
0.2385231479
0.2373971751
0.2373971751
0.2357850708
0.2350818360
0.2339365866
0.2338720727
0.2338720727
0.2354061055
0.2380430913
0.2393736163
0.2402944387
0.2402944387
0.2413684496
0.2422054333
0.2430195544
0.2438662564
0.2438662564
0.2461440720
0.2475012178
0.2873825965
0.2897765730
0.2880512346
0.2880512346
0.2825684637
0.2714552007
0.2614687039
0.2614687039
0.2586537421
0.2590395013
0.2576579674
0.2551779686
0.2551779686
0.2583638885
0.2649480189
0.2672658035
0.2656044581
0.2656044581
0.2692800046
0.2738206005
0.2779747064
0.2785703131
0.2785703131
0.2790014233
0.2809093311
0.2754395331
0.2734981371
0.2734981371
0.2683289929
0.2633787005
0.2621661500
0.2646422874
0.2646422874
0.2676760356
0.2695703509
0.2712812003
0.2740676326
0.2740676326
0.2746052946
0.2779568175
0.2811325102
0.2830297510
0.2830297510
0.2840811211
0.2833722183
0.2826286456
0.2824931841
0.2824931841
0.2845665110
0.2880102027
0.2094803247
0.2131572978
0.2131572978
0.2170002272
0.2220699455
0.2293554157
0.2352047525
0.2352047525
0.2416539494
0.2482143862
0.2520736517
0.2513454761
0.2513454761
0.2473595528
0.2427638447
0.2397417319
0.2390118153
0.2390118153
0.2386598333
0.2329019517
0.2313608091
0.2330860300
0.2330860300
0.2341331278
0.2366841864
0.2426089675
0.2463479777
0.2463479777
0.2467505931
0.2468811519
0.2459972765
0.2452638049
0.2452638049
0.2465178129
0.2488858005
0.2516904356
0.2533957031
0.2533957031
0.2550606062
0.2567399732
0.2577022134
0.2583394979
0.2583394979
0.2574395488
0.2544010346
0.2502053973
0.2451263309
0.2451263309
0.2385685685
0.2309437113
0.2289084463
0.2283406794
0.2283406794
0.2270833283
0.2258924802
0.2252650667
0.2263909117
0.2263909117
0.2294288092
0.2340981268
0.2372921829
0.2375861241
0.2375861241
0.2324669765
0.2272877183
0.2245170487
0.2217168410
0.2217168410
0.2168443291
0.2127489959
0.2115213637
0.2102192833
0.2102192833
0.2097709465
0.2088283603
0.2090907762
0.2045553743
0.2045553743
0.2029168250
0.2034332719
0.2035993954
0.2038862079
0.2038862079
0.2077863231
0.2105044449
0.2444115101
0.2448496789
0.2448496789
0.2448610057
0.2448166192
0.2454759614
0.2463712443
0.2463712443
0.2472299228
0.2475617476
0.2482334499
0.2494970227
0.2494970227
0.2523078866
0.2558720008
0.2574181567
0.2580271164
0.2580271164
0.2584902621
0.2599524209
0.2611760326
0.2608159665
0.2608159665
0.2613927137
0.2606275943
0.2590178861
0.2571338601
0.2571338601
0.3399034597
0.3346524731
0.3299543755
0.3218363813
0.3218363813
0.3146722975
0.3060661472
0.3056954265
0.3068565846
0.3068565846
0.3014829003
0.2964919064
0.2976974577
0.3071565732
0.3071565732
0.3139798898
0.3133827012
0.3142341535
0.3089350740
0.3089350740
0.3056175569
0.3081028135
0.3099250407
0.3087299783
0.3087299783
0.3063114791
0.3057203827
0.3023322564
0.2999843015
0.2999843015
0.3002921893
0.2980432112
0.2965692005
0.2934567759
0.2934567759
0.2899807205
0.2913580164
0.2911760648
0.2939314769
0.2939314769
0.2978294947
0.3009185346
0.2990171007
0.2954773708
0.2954773708
0.2947974110
0.2844313031
0.2833478426
0.2930387616
0.2930387616
0.2932843710
0.3007316316
0.3050075946
0.3089841565
0.3089841565
0.3110342180
0.3087726823
0.3033930632
0.3000638575
0.3000638575
0.2997135813
0.2930921169
0.2872531649
0.2872531649
0.2847839882
0.2846986615
0.2401649147
0.2407260049
0.2407260049
0.2416236303
0.2434291258
0.2428060143
0.2421468125
0.2418839878
0.2418839878
0.2420249936
0.2421080648
0.2425514951
0.2425514951
0.2429056573
0.2429761807
0.2430111135
0.2433563864
0.2433563864
0.2438093815
0.2429044642
0.2417484980
0.2405400123
0.2405400123
0.2388222102
0.2385838342
0.2373022428
0.2356577115
0.2356577115
0.2347690120
0.2341137229
0.2341304761
0.2335053482
0.2335053482
0.2327334311
0.2312926044
0.2304927415
0.2303152920
0.2303152920
0.2304250432
0.2303406308
0.2306190827
0.2311362158
0.2311362158
0.2316052010
0.2318294224
0.2321793658
0.2323923375
0.2323923375
0.2327412167
0.2337372524
0.2350464419
0.2345884045
0.2345884045
0.2343581478
0.2355299947
0.2359874007
0.2358783475
0.2358783475
0.2353461558
0.2347068673
0.2346207352
0.2346136850
0.2346136850
0.2345399605
0.2345239372
0.2348496558
0.2350624218
0.2350624218
0.2354757639
0.2354701760
0.2350646632
0.2346193836
0.2346193836
0.2347899722
0.2351103435
0.2355540780
0.2360200329
0.2360200329
0.2359739609
0.2356831622
0.2357021965
0.2348565404
0.2348565404
0.2346056911
0.2346551807
0.2345894882
0.2338868192
0.2338868192
0.2330610766
0.2318143188
0.2309852181
0.2318879177
0.2318879177
0.2332172803
0.2348287284
0.2375388510
0.2391204405
0.2391204405
0.2405009308
0.2428113636
0.2437974825
0.2813379899
0.2813379899
0.2809765153
0.2794040550
0.2766411539
0.2732221877
0.2732221877
0.2698507542
0.2670285303
0.2647103922
0.2620597277
0.2620597277
0.2593656224
0.2567628024
0.2546484900
0.2530351131
0.2530351131
0.2525080526
0.2520690525
0.2523105533
0.2528774019
0.2528774019
0.2534554246
0.2531783639
0.2528322385
0.2526993999
0.2526993999
0.2519085798
0.2518742657
0.2494260904
0.2445082798
0.2445082798
0.2413293644
0.2388670841
0.2375575572
0.2378838278
0.2378838278
0.2400787986
0.2446726831
0.2508881100
0.2533786972
0.2533786972
0.2568329544
0.2587016638
0.2616320074
0.2671246663
0.2671246663
0.2629527233
0.2549147964
0.2518845011
0.2554388624
0.2554388624
0.2584655709
0.2557705907
0.2568435664
0.2602493280
0.2602493280
0.2615731484
0.3911230698
0.3948861719
0.3983407493
0.3983407493
0.3998597991
0.3999356067
0.3989398232
0.3981940278
0.3981940278
0.3983920320
0.3992327115
0.3989619856
0.3977561439
0.3977561439
0.3972204258
0.3972458667
0.3967624575
0.3960945459
0.3960945459
0.3964242037
0.3966533893
0.3965127503
0.3962615325
0.3962615325
0.3957326330
0.3944854704
0.3940802782
0.3936870739
0.3936870739
0.3931367519
0.3921206320
0.3914824723
0.3914675973
0.3914675973
0.3913563380
0.3909929698
0.3910122236
0.3901461312
0.3901461312
0.3891782157
0.3879386113
0.3881489012
0.3883695873
0.3883695873
0.3895501307
0.3921765956
0.3917426764
0.3839011625
0.3839011625
0.3726910391
0.3792774453
0.2537698458
0.2537344622
0.2537344622
0.2532534918
0.2534933491
0.2545155423
0.2559218571
0.2559218571
0.2575937729
0.2600074799
0.2630418477
0.2654414146
0.2654414146
0.2664254575
0.2676918215
0.2688120207
0.2688070772
0.2688070772
0.2692352976
0.2697832724
0.2703282096
0.2700160790
0.2700160790
0.2690750331
0.2688880964
0.2677102312
0.2660959598
0.2660959598
0.2635708670
0.2618850686
0.2602164886
0.2578946338
0.2578946338
0.2562352869
0.2557117323
0.2559013946
0.2559013946
0.2564098279
0.2569388098
0.2572036909
0.2571078365
0.2573129642
0.2573129642
0.2575429765
0.2582224348
0.2591641166
0.2595383490
0.2595383490
0.2602967959
0.2609745492
0.2625462506
0.2625462506
0.2643341623
0.2657608205
0.2665737779
0.2666100264
0.2666100264
0.2654629021
0.2633557994
0.2617890802
0.2611001444
0.2611001444
0.2620688182
0.2631738116
0.4090758019
0.4039599005
0.4039599005
0.3969598310
0.3868846395
0.3810647628
0.3779948388
0.3779948388
0.3706428757
0.3633626543
0.3574507287
0.3523404322
0.3523404322
0.3480586713
0.3406754639
0.3331647550
0.3285033605
0.3285033605
0.3236599709
0.3202400929
0.3177290638
0.3159385998
0.3159385998
0.3144735790
0.3129071072
0.3117100977
0.3113229828
0.3113229828
0.3112397077
0.3107744958
0.3099663537
0.3091271450
0.3091271450
0.3091166090
0.3109661404
0.3150168568
0.3175248394
0.3175248394
0.3180913561
0.3183250983
0.3181056125
0.3177311344
0.3177311344
0.3174445632
0.3146900200
0.3115916570
0.3119688716
0.3119688716
0.3115429754
0.3112027411
0.3098418266
0.3088868209
0.3088868209
0.3088192134
0.3094087890
0.3124228252
0.3155528032
0.3155528032
0.3146563382
0.3216712821
0.3286796811
0.3362979930
0.3362979930
0.3386062532
0.3390185301
0.3387677408
0.3429119805
0.3429119805
0.3481477150
0.3548066977
0.3628406245
0.3710474213
0.3710474213
0.3778395409
0.3840748152
0.2983917260
0.3028735215
0.3028735215
0.3061799216
0.3168307348
0.3129781762
0.3156960620
0.3156960620
0.3167706850
0.3224950072
0.3276856421
0.3349537418
0.3349537418
0.3389442276
0.3365877345
0.3272305223
0.3137985735
0.3137985735
0.2987733905
0.2889044453
0.2873393545
0.2968961363
0.2968961363
0.3044727959
0.3080508757
0.3080016548
0.3091399087
0.3091399087
0.3140243332
0.2527055149
0.2522404615
0.2522852972
0.2522852972
0.2525394256
0.2538983479
0.2546956958
0.2537858593
0.2537858593
0.2524083180
0.2523054381
0.2535497587
0.2548145513
0.2548145513
0.2548625876
0.2552863064
0.2564369661
0.2594148606
0.2594148606
0.2563203054
0.2532178556
0.2504165436
0.2493350735
0.2493350735
0.2472849734
0.2485061626
0.2528296232
0.2556263829
0.2556263829
0.2573039228
0.2580681661
0.2583242918
0.2565024229
0.2565024229
0.2561517206
0.2593857345
0.2635473293
0.2666133173
0.2666133173
0.2688939654
0.2713871198
0.2747630438
0.2785638212
0.2785638212
0.2817820927
0.2839294028
0.2850541683
0.2862888216
0.2862888216
0.2882505776
0.2903147801
0.2913611002
0.2926734981
0.2926734981
0.2947456235
0.2972258234
0.2995636437
0.3013211412
0.3013211412
0.3017505315
0.3004548179
0.2988915448
0.2960434602
0.2960434602
0.2934796782
0.2923239261
0.2917811839
0.2916768868
0.2916768868
0.2922501643
0.2933310096
0.2949730123
0.2964898240
0.2964898240
0.2964144316
0.2967242077
0.3017316784
0.3049428653
0.3049428653
0.2973751543
0.2882711031
0.2871561724
0.2919328411
0.2919328411
0.2932745564
0.2950895657
0.2980615241
0.2996114192
0.2996114192
0.3005196811
0.3030359922
0.3053044483
0.3074943915
0.3074943915
0.3093273780
0.3114302454
0.3139553110
0.3724413363
0.3724413363
0.3670588458
0.3657577030
0.3631864628
0.3629420587
0.3629420587
0.3723616844
0.3801365415
0.3817846605
0.3800581935
0.3800581935
0.3683228666
0.3523878314
0.3566235413
0.3433711585
0.3433711585
0.3173403674
0.3011720213
0.2929650112
0.2929650112
0.2911791568
0.2935510726
0.2929109342
0.3024628048
0.3024628048
0.3153527487
0.3152916183
0.3142677486
0.3154449817
0.3154449817
0.3159940576
0.3142564085
0.3157393083
0.3179818740
0.3179818740
0.3183611228
0.3158315453
0.3110000291
0.3071512761
0.3071512761
0.3053176216
0.3070317011
0.3102033350
0.3106268596
0.3106268596
0.3084914724
0.3037417377
0.2964356006
0.2905487703
0.2905487703
0.2861353099
0.2795325791
0.2705217013
0.3411525182
0.3411525182
0.3386205743
0.3365069862
0.3354236983
0.3360481998
0.3360481998
0.3378183001
0.3439611258
0.3505673880
0.3543961216
0.3543961216
0.3570144285
0.3578845031
0.3586132995
0.3602788694
0.3602788694
0.3612850258
0.3618136813
0.3620580464
0.3624088853
0.3624088853
0.3628350253
0.3628144348
0.3628377017
0.3632096312
0.3632096312
0.3637390392
0.3146818389
0.3233705610
0.3260270074
0.3260270074
0.3213318462
0.3135641287
0.3041705156
0.2967111604
0.2967111604
0.2886463382
0.2804655360
0.2692164508
0.2654088030
0.2654088030
0.2673236009
0.2733525354
0.2804220824
0.2884541252
0.2884541252
0.2927196787
0.2910529553
0.2891085833
0.2909680107
0.2909680107
0.2951422762
0.3066934930
0.3539746523
0.3457910363
0.3457910363
0.3339795241
0.3318063819
0.3288829217
0.3315407352
0.3315407352
0.3351668653
0.3398993510
0.3461345088
0.3525505611
0.3525505611
0.3594805521
0.3652075645
0.3699428314
0.3730275295
0.3730275295
0.3744891212
0.3756983270
0.3767690971
0.3780504045
0.3780504045
0.3803285738
0.3824027552
0.3827020371
0.3820424507
0.3820424507
0.3811319664
0.3804599528
0.3800276780
0.3793187837
0.3793187837
0.3784069970
0.3779138792
0.3776259541
0.3780111942
0.3780111942
0.3791089739
0.3802490411
0.3807292687
0.3805240986
0.3805240986
0.3804766393
0.3799540726
0.3796055407
0.3795639993
0.3795639993
0.3798381466
0.3802055850
0.3810212098
0.3822645777
0.3822645777
0.3821614430
0.3817680306
0.3008593583
0.3009087578
0.3009087578
0.2995889867
0.3027529512
0.3050719000
0.3047361547
0.3047361547
0.3053718305
0.3065567409
0.3112626742
0.3157325533
0.3157325533
0.3167244406
0.3149021063
0.3069892646
0.2970303446
0.2970303446
0.2864018350
0.2771380206
0.2432218395
0.2459314339
0.2459314339
0.2493121504
0.2524698938
0.2534402088
0.2518681802
0.2518681802
0.2536582217
0.2625459268
0.2729722658
0.2741262484
0.2741262484
0.2730486163
0.2694937350
0.2675886609
0.2657229526
0.2657229526
0.2641276035
0.2624443912
0.2620999040
0.2604035972
0.2604035972
0.2612830931
0.2620760765
0.2644111989
0.2702938358
0.2702938358
0.2706339067
0.2662261894
0.2623687000
0.2635627539
0.2635627539
0.2648688775
0.2687717459
0.2745718435
0.2784154633
0.2784154633
0.2782502285
0.2752454180
0.2733979952
0.2745543305
0.2745543305
0.2754094887
0.2752235858
0.2743240382
0.2739319812
0.2739319812
0.2738481317
0.2737199035
0.2742776612
0.2748469106
0.2748469106
0.2748016140
0.2745960266
0.2746025543
0.2743003330
0.2743003330
0.2736683920
0.2751297963
0.2787667895
0.2834127612
0.2834127612
0.2859067106
0.2859436338
0.2553496414
0.2519913923
0.2519913923
0.2498112753
0.2476931578
0.2462805206
0.2463670913
0.2463670913
0.2443630056
0.2415004233
0.2402967634
0.2412258858
0.2412258858
0.2477630386
0.2537152866
0.2588181567
0.2634663929
0.2634663929
0.2606527731
0.2637354548
0.2832984400
0.2832984400
0.3056865809
0.3195321164
0.3229976701
0.3216983466
0.3216983466
0.3134683532
0.2987575169
0.2827789299
0.2646320070
0.2646320070
0.2597401740
0.2642019050
0.2785013848
0.2936410099
0.2936410099
0.2945514106
0.2868100500
0.2828453750
0.2836575103
0.2836575103
0.2891233251
0.2881499627
0.2767859671
0.2776453581
0.2776453581
0.2785130562
0.2797972112
0.2832282234
0.2864981422
0.2864981422
0.2882538253
0.2910989139
0.2935749496
0.2960818351
0.2960818351
0.2995081201
0.2987422839
0.2989937308
0.2974172007
0.2974172007
0.2947639263
0.2919536678
0.2915349024
0.2906634828
0.2906634828
0.2922998180
0.2892145136
0.2966626429
0.3022472023
0.3022472023
0.3028108050
0.3028199898
0.3009152984
0.3018249421
0.3018249421
0.2999707579
0.2965558389
0.2958743495
0.2958267852
0.2958267852
0.2977896370
0.3001482588
0.2992866235
0.3007299534
0.3007299534
0.3017921696
0.3057307331
0.3040948412
0.3024830683
0.3024830683
0.2990589686
0.2997463180
0.3036099777
0.3044791897
0.3044791897
0.3052541390
0.3042208362
0.2994212655
0.2936141953
0.2936141953
0.2912757166
0.2914263833
0.2898179005
0.2872759446
0.2872759446
0.2842171505
0.2832315127
0.2823921626
0.2808638356
0.2808638356
0.2795514677
0.2804744167
0.2810554881
0.2815105440
0.2815105440
0.2820114246
0.2817539654
0.2808914605
0.2803576107
0.2803576107
0.2805356899
0.2818085635
0.2832503194
0.2845257706
0.2845257706
0.2860310190
0.2869036410
0.2872692467
0.2880101776
0.2880101776
0.2889043101
0.2890060337
0.2883352892
0.2876683351
0.2876683351
0.2869734295
0.2864544815
0.2861466743
0.2860662002
0.2860662002
0.2860591594
0.2858362988
0.2855367098
0.2852422767
0.2852422767
0.2847045033
0.2840061145
0.2833844886
0.2836683553
0.2836683553
0.2842786807
0.2848324460
0.2857934994
0.2871319065
0.2871319065
0.2886239116
0.2897142156
0.2896187857
0.2895211650
0.2895211650
0.2901998767
0.2907734830
0.2912071680
0.2931197952
0.2931197952
0.2946910104
0.2954364496
0.2948232516
0.2938167399
0.2938167399
0.2933884830
0.2943667582
0.2932434953
0.2909819429
0.2909819429
0.2890376742
0.2875699634
0.2875738369
0.2884912374
0.2884912374
0.2882375132
0.2874057998
0.2867534233
0.3358496273
0.3358496273
0.3359492290
0.3361943408
0.3355038473
0.3351964194
0.3351964194
0.3345115288
0.3335792385
0.3322818740
0.3307793744
0.3307793744
0.3290725181
0.3271909411
0.3257680606
0.3258592955
0.3258592955
0.3265563370
0.3277569812
0.3013420550
0.2949906071
0.2949906071
0.2921813824
0.2922396225
0.2946533264
0.2991146943
0.2991146943
0.2999174161
0.2997538721
0.3001499399
0.3011583008
0.3011583008
0.3016006517
0.3042734767
0.3365730321
0.3386345821
0.3386345821
0.3396891056
0.3390224213
0.3391983165
0.3383496652
0.3383496652
0.3359095918
0.3338257231
0.3337020414
0.3353971057
0.3353971057
0.3371244669
0.3375581732
0.3377712142
0.3371259842
0.3371259842
0.2984711084
0.3042515707
0.3078727061
0.3111489682
0.3111489682
0.3142847352
0.3148935915
0.3156319377
0.3161699847
0.3161699847
0.3178065798
0.3192990659
0.3128225558
0.3078532058
0.3078532058
0.3377671979
0.3387217401
0.3396659364
0.3395522953
0.3395522953
0.3393579441
0.3405383756
0.3408043577
0.3155791014
0.3155791014
0.3174472409
0.3197065081
0.3205943296
0.3177289282
0.3177289282
0.3441509492
0.3471317175
0.3508801434
0.3508801434
0.3557272391
0.3565127210
0.3549007161
0.3534967955
0.3295033894
0.3295033894
0.3358078323
0.3407397578
0.3419473831
0.3342360712
0.3342360712
0.3299796243
0.3547931761
0.3591695333
0.3591695333
0.3644098952
0.3702805818
0.3746766215
0.3770323984
0.3770323984
0.3315770506
0.3332735621
0.3359181142
0.3364213096
0.3364213096
0.3332910844
0.3267324446
0.3792085525
0.3707589420
0.3707589420
0.3673163157
0.3608482825
0.3537460245
0.3525622585
0.3525622585
0.3462176416
0.3313306433
0.3359522688
0.3383145155
0.3383145155
0.3469451598
0.3506349832
0.3568288122
0.3651426224
0.3651426224
0.1844179512
0.1890268249
0.2003855607
0.2169770503
0.2169770503
0.2317271628
0.2386384125
0.3478271301
0.3479337671
0.3479337671
0.3444962555
0.3405830270
0.3379270899
0.3395078644
0.3395078644
0.2390958719
0.2348905754
0.2256521142
0.2207640423
0.2207640423
0.2189763977
0.2143217372
0.3406440237
0.3438382160
0.3438382160
0.3457641829
0.3453361831
0.3446444372
0.3428728480
0.3428728480
0.3429008965
0.2151891420
0.2208840293
0.2263762280
0.2263762280
0.2392992606
0.2503355490
0.2523347440
0.3404874475
0.3404874475
0.3458230494
0.3497391775
0.3506614943
0.3522450309
0.3522450309
0.3526576860
0.3478693990
0.3498749279
0.3517057805
0.3517057805
0.3524104282
0.3500703609
0.3451513551
0.3463631944
0.3463631944
0.3505906703
0.3541929086
0.3244928015
0.3251261261
0.3251261261
0.3290281517
0.3346565794
0.3419393935
0.3426105295
0.3426105295
0.3409448234
0.3415775101
0.3439177799
0.3472809431
0.3472809431
0.3488451265
0.3495605196
0.3495981233
0.3466212938
0.3466212938
0.3464761714
0.3537041034
0.3580607663
0.3597984083
0.3597984083
0.3560276426
0.3536794188
0.3521206484
0.3514010675
0.3514010675
0.3484405230
0.3446197705
0.3438824326
0.3453979532
0.3453979532
0.3465556571
0.3460277905
0.3442284524
0.3421478271
0.3421478271
0.3419605446
0.3425542440
0.3411896062
0.3384894425
0.3384894425
0.3364688713
0.3335056254
0.3471227618
0.3472350983
0.3472350983
0.3523380691
0.3607409645
0.3684841355
0.3665823269
0.3665823269
0.3672717375
0.3697929211
0.3710920940
0.3643587130
0.3643587130
0.3642093459
0.3651753205
0.3663523885
0.3714143158
0.3714143158
0.3766308623
0.3742664860
0.3729668891
0.3706433262
0.3706433262
0.3666051571
0.3618574168
0.3588141010
0.3574025922
0.3574025922
0.3573799710
0.3577040194
0.3578716876
0.3591526550
0.3591526550
0.3622578596
0.3648739617
0.3644122405
0.3651268351
0.3651268351
0.3638989606
0.3620976557
0.3610790941
0.3606039354
0.3606039354
0.3610061788
0.3617970833
0.3625666676
0.3630139033
0.3630139033
0.3645617673
0.3668265765
0.3685978744
0.3689654240
0.3689654240
0.3688437357
0.3694077014
0.3695531256
0.3694080942
0.3694080942
0.3692053146
0.3700187007
0.3699593750
0.3693419881
0.3693419881
0.3697956002
0.3718233142
0.3726113553
0.3697778389
0.3697778389
0.3676982769
0.3664241139
0.3659403183
0.3653291127
0.3653291127
0.3662722135
0.3661380988
0.3658401437
0.3657910920
0.3657910920
0.3663293250
0.3668690179
0.3675439807
0.3677960941
0.3677960941
0.3676789577
0.3692183960
0.3704797238
0.3698721698
0.3698721698
0.3701705618
0.3707579205
0.3717668787
0.3730051823
0.3730051823
0.3741519884
0.3750547634
0.3752120886
0.3744131586
0.3744131586
0.3729940411
0.3723549711
0.3717093719
0.3727864951
0.3727864951
0.3742594508
0.3752363359
0.3767054815
0.3768772486
0.3768772486
0.3766773422
0.3761953690
