0.0981331479
0.0981331479
0.0981331479
0.0981331479
0.0981331479
0.0981331479
0.0981331479
0.0981331479
0.0981331479
0.0981331479
0.0981331479
0.0981331479
0.0981331479
0.0981331479
0.0981331479
0.0981331479
0.0981331479
0.0981331479
0.0981331479
0.0981331479
0.0981331479
0.0981331479
0.0982988189
0.0984357522
0.0986147525
0.0986147525
0.0987915406
0.0989681325
0.0991121638
0.0992898905
0.0992898905
0.0994352939
0.0995599214
0.0996453399
0.0997023619
0.0997023619
0.0997222953
0.0998328922
0.0999409332
0.1001144631
0.1001144631
0.1001815975
0.1003331146
0.1004937961
0.1006811385
0.1006811385
0.1009127416
0.1010997418
0.1011458084
0.1011249067
0.1011249067
0.1010256118
0.1010461396
0.1010651169
0.1011053488
0.1011053488
0.1011398330
0.1011778337
0.1012078168
0.1013191841
0.1013191841
0.1013967570
0.1014188122
0.1013539118
0.1013539118
0.1012975616
0.1011752906
0.1011061756
0.1009288418
0.1009288418
0.1007794174
0.1006065278
0.1004559461
0.1002683419
0.1001455734
0.1001455734
0.0999454680
0.0997777849
0.0996207125
0.0996207125
0.0994129436
0.0994010371
0.0992341838
0.0991238778
0.0991238778
0.0990616855
0.0994351549
0.0994163862
0.0996585020
0.0996585020
0.0994836565
0.0992954217
0.0991528347
0.0990332342
0.0990332342
0.0989300987
0.0988133068
0.0987010877
0.0986772290
0.0986772290
0.0985114499
0.0984478414
0.0984063928
0.0983722676
0.0983722676
0.0983881014
0.0983972474
0.0985431559
0.0985380453
0.0985380453
0.0991129382
0.0992447534
0.0997368128
0.0997335661
0.0997335661
0.0996621502
0.0996331978
0.0994965960
0.0992776943
0.0992776943
0.0991311780
0.0990168397
0.0989279466
0.0988289885
0.0988289885
0.0985871843
0.0985258917
0.0982354316
0.0980931926
0.0980931926
0.0979076139
0.0976415235
0.0975205119
0.0972693970
0.0972693970
0.0969303686
0.0968830276
0.0966282877
0.0964490895
0.0964490895
0.0962067877
0.0960534675
0.0957494954
0.0955369447
0.0955369447
0.0954360423
0.0950235209
0.0948018652
0.0945986761
0.0945986761
0.0942833658
0.0940940478
0.0937767446
0.0937336772
0.0937336772
0.0934810753
0.0933455533
0.0932335157
0.0928394219
0.0928394219
0.0926681327
0.0923519803
0.0919791521
0.0919464675
0.0919464675
0.0914775101
0.0913683827
0.0910778489
0.0909319647
0.0909319647
0.0908432186
0.0904879389
0.0903139326
0.0897451677
0.0897451677
0.0890251354
0.0889344469
0.0882807012
0.0877972256
0.0877972256
0.0874052979
0.0867919391
0.0862543591
0.0854336031
0.0854336031
0.0853388546
0.0846284585
0.0840392238
0.0838584269
0.0838584269
0.0832653569
0.0830174419
0.0826745254
0.0824239527
0.0824239527
0.0820869561
0.0816003546
0.0815564273
0.0811599742
0.0811599742
0.0806537058
0.0803706010
0.0797296356
0.0794281174
0.0794281174
0.0790817579
0.0784885544
0.0783003576
0.0778677641
0.0778677641
0.0777316116
0.0771980455
0.0767471591
0.0765583618
0.0765583618
0.0758965757
0.0756092823
0.0754082960
0.0749168312
0.0749168312
0.0746866723
0.0743948390
0.0743361826
0.0740108692
0.0740108692
0.0736617941
0.0736119692
0.0731179583
0.0727774099
0.0727774099
0.0726315215
0.0721283840
0.0719248423
0.0716980380
0.0716980380
0.0713629498
0.0712885144
0.0710586529
0.0710257266
0.0710257266
0.0708517629
0.0704858919
0.0704533335
0.0702261323
0.0702261323
0.0701256980
0.0700607368
0.0699132422
0.0698780487
0.0698780487
0.0697713221
0.0696167886
0.0696102481
0.0696064084
0.0696064084
0.0695601692
0.0695267677
0.0695387091
0.0695421592
0.0695421592
0.0695669362
0.0695504234
0.0695532893
0.0695563803
0.0695563803
0.0695536547
0.0695605623
0.0890234706
0.0894818933
0.0894818933
0.0896641994
0.0891431885
0.0885474676
0.0878441372
0.0878441372
0.0867450404
0.0865303014
0.0865075996
0.0865474483
0.0865474483
0.0873249808
0.0879714524
0.0887394967
0.0896534871
0.0896534871
0.0909248936
0.0918992895
0.0926333980
0.0932850770
0.0932850770
0.0930933351
0.0929709058
0.0926618320
0.0921981794
0.0921981794
0.0917540801
0.0911515519
0.0899679093
0.0899679093
0.0894765729
0.0889936664
0.0886249075
0.0880318702
0.0871365121
0.0871365121
0.0863362094
0.0856487759
0.0854010129
0.0850986644
0.0850986644
0.0850881128
0.0853571613
0.0853290757
0.0853290757
0.0851104030
0.0848219456
0.0847839761
0.0851801809
0.0851801809
0.0856454806
0.0855247482
0.0849158664
0.0846085797
0.0846085797
0.0844723671
0.0840121938
0.0833019034
0.0827361502
0.0827361502
0.0823242244
0.0821388168
0.0818428813
0.0821780437
0.0821780437
0.0824982211
0.0828977225
0.0833697827
0.0837514777
0.0837514777
0.0839763211
0.0841593687
0.0842807184
0.0844332507
0.0844332507
0.0846244665
0.0846707830
0.0846620497
0.0845090040
0.0845090040
0.0844268580
0.0844134159
0.0843254590
0.0843479314
0.0843479314
0.0843544130
0.0843208345
0.0842458594
0.0841998360
0.0841998360
0.0841521308
0.0841699109
0.0841933004
0.1881063260
0.1881063260
0.1876374777
0.1867998253
0.1864940080
0.1861612594
0.1861612594
0.1859628286
0.1852503206
0.1849385973
0.1850015330
0.1850015330
0.1857916674
0.1864480143
0.1868485759
0.1869786026
0.1869786026
0.1869685088
0.1870799014
0.1872148605
0.1882169105
0.1882169105
0.1889598595
0.1901118332
0.1908408982
0.1904472022
0.1904472022
0.1897503174
0.1886467550
0.1880950967
0.1876920077
0.1876920077
0.1874695827
0.1878611336
0.1890290461
0.1894783175
0.1894783175
0.1901761755
0.1902774468
0.1894999013
0.1885976010
0.1885976010
0.1878946052
0.1871449911
0.1870255348
0.1872911857
0.1872911857
0.1875690089
0.1873695566
0.1864646507
0.1860127208
0.1860127208
0.1859374251
0.1858723736
0.1857253766
0.1856008381
0.1856008381
0.1856017065
0.1858529744
0.1867090050
0.1874287922
0.1874287922
0.1877680940
0.1873553201
0.1866781382
0.1860186441
0.1860186441
0.1858938529
0.1859757903
0.1859152510
0.1860154891
0.1860154891
0.1861038729
0.1861624602
0.1861745263
0.1864987147
0.1864987147
0.1876746610
0.1881222476
0.1882854117
0.1880589557
0.1880589557
0.1872197673
0.1868378349
0.1867668284
0.1867626226
0.1867626226
0.1864646282
0.1864633810
0.1865444844
0.2073572626
0.2073572626
0.2058494010
0.2041019036
0.2016288601
0.1988816890
0.1988816890
0.1972726998
0.1978090278
0.1999231157
0.2023475959
0.2023475959
0.2030654922
0.2004894937
0.1976274925
0.1946942644
0.1946942644
0.1910055936
0.1882592951
0.1864366127
0.1853176892
0.1853176892
0.1846717334
0.1847542520
0.1844643246
0.1836249569
0.1836249569
0.1817906306
0.1781501615
0.1747544708
0.1724391266
0.1724391266
0.1706274429
0.1700030326
0.1695892031
0.1686540265
0.1686540265
0.1671987628
0.1656422472
0.1637782029
0.1620218986
0.1620218986
0.1609909615
0.1604918674
0.1600163247
0.1602478328
0.1602478328
0.1606161668
0.1610230407
0.1625632880
0.1625399046
0.1625399046
0.1617314324
0.1610330631
0.1598788217
0.1594111529
0.1594111529
0.1595155991
0.1594999111
0.1594291217
0.1593559293
0.1593559293
0.1593742128
0.1594980983
0.1602105078
0.1613525154
0.1613525154
0.1616015336
0.1617408274
0.1612548750
0.1609733416
0.1609733416
0.1607758778
0.1606967579
0.1610914126
0.1612292948
0.1612292948
0.1616366416
0.1625603165
0.1644000767
0.1654751838
0.1654751838
0.1661298807
0.1667313315
0.1674123046
0.1679627998
0.1679627998
0.1688237790
0.1696868229
0.1710350291
0.1719523551
0.1719523551
0.1723361354
0.1724465324
0.1720781661
0.1721719734
0.1721719734
0.1719140212
0.1716375576
0.1717294426
0.1722049624
0.1722049624
0.1731117322
0.1742842054
0.1745947338
0.1744260692
0.1744260692
0.1740212327
0.1729009482
0.1722705347
0.1722705347
0.0806821390
0.0807206520
0.0808669585
0.0811990966
0.0811990966
0.0813532831
0.0815512587
0.0817040462
0.0818056018
0.0818225284
0.0818225284
0.0817493817
0.0815489126
0.0811357143
0.0811357143
0.0807683450
0.0805374061
0.0803981021
0.0804804698
0.0804804698
0.0805760480
0.0806014235
0.0804801673
0.0805679217
0.0805679217
0.0807610848
0.0808949052
0.0809011040
0.0809482341
0.0809482341
0.0808754356
0.0808667510
0.0810041755
0.0810546323
0.0810546323
0.0810771607
0.0810616036
0.0811352070
0.0811110617
0.0811110617
0.0811708112
0.0812326421
0.0813019056
0.0813130764
0.0813130764
0.0813724561
0.0814973975
0.0815738314
0.0817266845
0.0817266845
0.0818119806
0.0818385554
0.0818228777
0.0818225719
0.0818225719
0.0818936884
0.0820754282
0.0822323748
0.0826146129
0.0826146129
0.0827406703
0.0828458064
0.0828507937
0.0828091497
0.0828091497
0.0828010566
0.0828785987
0.0829902954
0.0830606016
0.0830606016
0.0829739135
0.0828829515
0.0828686346
0.0828288665
0.0828288665
0.0828671361
0.0829662748
0.0831332500
0.0830824855
0.0830824855
0.0828289594
0.0824536041
0.0822651755
0.0821526188
0.0821526188
0.0822181455
0.0822122317
0.0823663661
0.0825922812
0.0825922812
0.0828938755
0.0831430105
0.0832764577
0.0834380296
0.0834380296
0.0835324147
0.0835828853
0.0837235634
0.0837451354
0.0837451354
0.0839107076
0.0840163246
0.0840630113
0.1691808667
0.1691808667
0.1704598255
0.1713110731
0.1706474801
0.1699080123
0.1699080123
0.1698314990
0.1703990830
0.1707946165
0.1713439078
0.1713439078
0.1713614765
0.1701636010
0.1677687080
0.1648863767
0.1648863767
0.1625075594
0.1606764116
0.1596079411
0.1596948390
0.1596948390
0.1611386665
0.1635165098
0.1662966568
0.1685847941
0.1685847941
0.1698930484
0.1704290098
0.1701442618
0.1706843886
0.1706843886
0.1716793222
0.1733065535
0.1747096343
0.1755899299
0.1755899299
0.1761673527
0.1762461661
0.1761378578
0.1768554709
0.1768554709
0.1775354125
0.1791459781
0.1802571576
0.1818643913
0.1818643913
0.1830455567
0.1848761032
0.1854664540
0.1859970121
0.1859970121
0.1855699787
0.1846254446
0.1826896875
0.1816982169
0.1816982169
0.1806403300
0.1798601159
0.1786559720
0.1780056526
0.1780056526
0.1771312721
0.1777079467
0.1793347269
0.1810061947
0.1810061947
0.1812321241
0.1813918375
0.1806864584
0.1813091798
0.1813091798
0.1822222919
0.1837816181
0.1851421317
0.1863489942
0.1863489942
0.1876761828
0.1898575710
0.1925402450
0.1944654578
0.1944654578
0.1960675329
0.1976418684
0.1979975050
0.1992457979
0.1992457979
0.2000200740
0.2018606936
0.2028860282
0.2049559929
0.2049559929
0.2053001238
0.2050634010
0.2040961780
0.2027168465
0.2027168465
0.1878564202
0.1882200271
0.1877101838
0.1868460602
0.1868460602
0.1865824805
0.1867797095
0.1874741776
0.1885933172
0.1885933172
0.1894073046
0.1892647892
0.1882552204
0.1864162694
0.1864162694
0.1853143232
0.1847858062
0.1847639243
0.1850614300
0.1850614300
0.1853503114
0.1863011001
0.1886865233
0.1906894257
0.1906894257
0.1898434881
0.1880162270
0.1856992697
0.1838048706
0.1838048706
0.1832821755
0.1815469296
0.1808690172
0.1808690172
0.1794293970
0.1779856566
0.1780521027
0.1789685663
0.1815421310
0.1815421310
0.1837130056
0.1837852258
0.1853133229
0.1869216081
0.1869216081
0.1895328185
0.1914883554
0.1932162321
0.1932162321
0.1967252243
0.1994762941
0.2003929327
0.2020340161
0.2020340161
0.2039087923
0.2057799935
0.2066200411
0.2068962344
0.2068962344
0.2070675988
0.2076120198
0.2087176700
0.2102248599
0.2102248599
0.2110802832
0.2125377043
0.2138282889
0.2138258431
0.2138258431
0.2136887429
0.2139604679
0.2138789028
0.2148330056
0.2148330056
0.2164168127
0.2198298502
0.2224605474
0.2242273308
0.2242273308
0.2247523298
0.2248149150
0.2238322081
0.2219647901
0.2219647901
0.2203785874
0.2188790927
0.2173898207
0.2147618396
0.2147618396
0.2100424744
0.2045971294
0.2003464635
0.1968748824
0.1968748824
0.1933532700
0.1915003976
0.1925952165
0.1944892594
0.1944892594
0.1973589764
0.2016322029
0.2084172609
0.2154343151
0.2154343151
0.2198546628
0.2236867807
0.2272201046
0.2296063073
0.2296063073
0.2327370362
0.2349543852
0.2363002733
0.2369459594
0.2369459594
0.2353875076
0.2346500666
0.2341110093
0.2351259503
0.2351259503
0.2368884253
0.2375900710
0.2383325424
0.2364845443
0.2364845443
0.2315577938
0.2296742432
0.2278425657
0.2131397166
0.2131397166
0.1852172341
0.1756665919
0.1708748623
0.1697895054
0.1697895054
0.1706027695
0.1706984989
0.1698545464
0.1683658680
0.1683658680
0.1672517922
0.1674264168
0.1679214922
0.1689560066
0.1689560066
0.1702813018
0.1724873993
0.1851880621
0.1983605950
0.1983605950
0.1818800944
0.1862510889
0.2056678435
0.2093198293
0.2093198293
0.2107827113
0.2110429931
0.2123097822
0.2127154493
0.2127154493
0.2066271360
0.1893844164
0.1935830489
0.2117287001
0.2117287001
0.2184447466
0.2212301917
0.2220308947
0.2220298903
0.2220298903
0.2214246839
0.2225611283
0.2236813507
0.2244286003
0.2244286003
0.2235731389
0.2165826802
0.2068195275
0.2001903442
0.2001903442
0.1966659120
0.1946672683
0.1921954286
0.1921522239
0.1921522239
0.1921663122
0.1924964430
0.1927036777
0.1930895028
0.1930895028
0.1928463152
0.1928328804
0.1942416223
0.1953286009
0.1953286009
0.1956447138
0.1965814369
0.1966427278
0.1966061196
0.1966061196
0.1959502167
0.1958597390
0.1951280827
0.1932024610
0.1932024610
0.1920941513
0.1926143167
0.1940057031
0.1958981495
0.1958981495
0.1972129834
0.1982666738
0.1991193521
0.2006897996
0.2006897996
0.2024884258
0.2046999242
0.2066498355
0.2086431190
0.2086431190
0.2091768552
0.2079802267
0.2059239681
0.2038766500
0.2038766500
0.2022546207
0.2013624613
0.2013319510
0.2023594026
0.2023594026
0.2047401560
0.2067286267
0.2077869362
0.2077411151
0.2077411151
0.2073880869
0.2059854714
0.2046753264
0.2037823926
0.2037823926
0.2042175093
0.2050595879
0.2057165956
0.2051889774
0.2051889774
0.2039881721
0.2030132579
0.2014606834
0.2004639665
0.2004639665
0.1984749552
0.1969614538
0.1959911472
0.1952154962
0.1952154962
0.1945739791
0.1939705151
0.1908247540
0.1868230604
0.1868230604
0.1824712963
0.1785180716
0.1768826639
0.1763578449
0.1763578449
0.1766829730
0.1769304801
0.1778342899
0.1780440048
0.1780440048
0.1789949473
0.1812753824
0.1823564698
0.1822475386
0.1822475386
0.1820340562
0.1827434167
0.1867945747
0.1925386135
0.1925386135
0.1983641739
0.2029347058
0.2027776761
0.2030901046
0.2030901046
0.2035807371
0.2044930438
0.2061831797
0.2072113028
0.2072113028
0.2069181364
0.2054456081
0.2035021763
0.2035454375
0.2035454375
0.2047140145
0.2054191314
0.2070935844
0.2070935844
0.2076648495
0.2072255620
0.2171314070
0.2405528131
0.2143823825
0.2143823825
0.2080450728
0.2105240328
0.2143861103
0.2192043741
0.2192043741
0.2248353534
0.2309721568
0.2361841176
0.2361841176
0.2382418044
0.2400882950
0.2415052389
0.2373626605
0.2373626605
0.2335642012
0.2305383726
0.2295723927
0.2286382353
0.2286382353
0.2277201958
0.2274892059
0.2268860473
0.2237117403
0.2237117403
0.2203319277
0.2200328812
0.2200992991
0.2203652006
0.2203652006
0.2204723890
0.2216829699
0.2215380164
0.2208833609
0.2208833609
0.2209153794
0.2202072958
0.2200857003
0.2201635542
0.2201635542
0.2084109480
0.2085741984
0.2075057184
0.2069970369
0.2069970369
0.2068474748
0.2071208367
0.2078124393
0.2079975245
0.2079975245
0.2081446662
0.2086261311
0.2095631980
0.2097077078
0.2097077078
0.2100698249
0.2096323144
0.2085330324
0.2084213275
0.2084213275
0.2090920890
0.2099130892
0.2109129284
0.2120595470
0.2120595470
0.2121867705
0.2113529879
0.2095990050
0.2082740475
0.2082740475
0.2064894068
0.2056006687
0.2051939191
0.2055161084
0.2055161084
0.2062137253
0.2074371776
0.2077550742
0.2075796300
0.2075796300
0.2065552747
0.2046925987
0.2041168930
0.2027987477
0.2027987477
0.2028020844
0.2027656402
0.2027543805
0.2023134472
0.2023134472
0.2012248264
0.2004809561
0.1997824115
0.1996501226
0.1996501226
0.1999462567
0.2001949971
0.2003973760
0.2005497823
0.2005497823
0.2007188832
0.2019098844
0.2021131318
0.2016282366
0.2016282366
0.2009520931
0.1997662068
0.1995357873
0.2011842717
0.2011842717
0.2018063352
0.2022490555
0.2024286053
0.2027145251
0.2027145251
0.2029488340
0.2045839829
0.2069269763
0.2077183091
0.2077183091
0.2085986998
0.2078552556
0.2073349640
0.2069173959
0.2069173959
0.2065484571
0.2062132423
0.2056317863
0.2058484747
0.2058484747
0.2065001499
0.2078101687
0.2091528070
0.2098681298
0.2098681298
0.2102050324
0.2101070770
0.2106904662
0.2119650114
0.2119650114
0.2143865510
0.2167648042
0.2189377675
0.2199340163
0.2199340163
0.2200852597
0.2194785947
0.2192752355
0.2192056969
0.2192056969
0.2199802339
0.2197739492
0.2188643280
0.2171053387
0.2171053387
0.2147431662
0.2132537856
0.2122041353
0.2118341807
0.2118341807
0.2109496931
0.2101135841
0.2099005698
0.2096970634
0.2096970634
0.1734900298
0.1752220409
0.1795009807
0.1813431425
0.1813431425
0.1782265065
0.1754630063
0.1706749973
0.1658017051
0.1658017051
0.1597991941
0.1588767567
0.1588626957
0.1595368648
0.1595368648
0.1605477707
0.1629566126
0.1663855144
0.1713289487
0.1713289487
0.1769820061
0.1773260806
0.1766309891
0.1740866902
0.1740866902
0.1736059015
0.1746364870
0.1772644508
0.1802045678
0.1802045678
0.1825415772
0.1848212233
0.1866173099
0.1876891724
0.1876891724
0.1865901698
0.1842980445
0.1830953600
0.1835869052
0.1835869052
0.1853382342
0.1831048267
0.1794756553
0.1733703591
0.1733703591
0.1668870355
0.1619406760
0.1597250848
0.1587705945
0.1587705945
0.1600092956
0.1612949259
0.1616566974
0.1612197473
0.1612197473
0.1614272460
0.1607425269
0.1591491032
0.1577227053
0.1577227053
0.1581350369
0.1591071848
0.1596143818
0.1607450127
0.1607450127
0.1635493500
0.1659549915
0.1665399703
0.1684191838
0.1684191838
0.1692035213
0.1698546285
0.1709421424
0.1714337327
0.1714337327
0.1728884893
0.1729413302
0.1739053330
0.1739053330
0.1729841339
0.1730368261
0.1741999789
0.1760541011
0.1752419549
0.1752419549
0.1771966044
0.1784067797
0.1812746381
0.1836684664
0.1836684664
0.1867769703
0.1900332662
0.1941095470
0.1941095470
0.1976114073
0.2022652078
0.2060941762
0.2097264784
0.2097264784
0.2127660249
0.2154207822
0.2181921819
0.2201663118
0.2201663118
0.2220966814
0.2233968736
0.2252009436
0.2266706222
0.2266706222
0.2270242745
0.2254915967
0.2206637220
0.2134860598
0.2134860598
0.2060037743
0.2001890405
0.1980335451
0.1974575520
0.1974575520
0.1980338808
0.1987282651
0.1987724602
0.1976956608
0.1976956608
0.1956973127
0.1934424242
0.1917085763
0.1905525119
0.1905525119
0.1906331067
0.1910639988
0.1907360908
0.1905524246
0.1905524246
0.1896687039
0.1886380108
0.1875764898
0.1873289326
0.1873289326
0.1877684218
0.1883312817
0.1880595853
0.1892357807
0.1892357807
0.1892808556
0.1899346787
0.1902265496
0.1904567249
0.1904567249
0.1898584073
0.1875229054
0.1857461708
0.1851789259
0.1851789259
0.1852500092
0.1853147591
0.1855971642
0.1860116375
0.1860116375
0.1875410022
0.1915165763
0.1962425140
0.1964635053
0.1964635053
0.1987963392
0.1954510647
0.1923768063
0.1926603017
0.1926603017
0.1989683672
0.1988914655
0.1990378069
0.1992502266
0.1992502266
0.2001163461
0.2012500793
0.2024813030
0.2027903876
0.2027903876
0.2025511496
0.2017880557
0.2009632427
0.2003902195
0.2003902195
0.2000855696
0.2001437049
0.2006735784
0.2013429139
0.2013429139
0.2019983750
0.2026862409
0.2025964675
0.2019693890
0.2019693890
0.2008604424
0.1996948186
0.1988228590
0.1988402876
0.1988402876
0.1989236697
0.1992346180
0.1990807531
0.1986967696
0.1986967696
0.1980713930
0.1979575741
0.1978609007
0.1978307225
0.1978307225
0.1979100662
0.1979548330
0.1983242783
0.1988059806
0.1988059806
0.1997748710
0.2000740278
0.1995347816
0.1989903243
0.1989903243
0.1975458670
0.1974745972
0.1973759992
0.1973822608
0.1973822608
0.1973948420
0.1974190189
0.1974070741
0.1974869278
0.1974869278
0.1979265226
0.1990213524
0.1996267712
0.1998212021
0.1998212021
0.1993921296
0.1988982975
0.1982845152
0.1979823700
0.1979823700
0.1979253633
0.1978125012
0.1977483188
0.1978863711
0.1978863711
0.1985051532
0.1991587517
0.1995140849
0.1995072496
0.1995072496
0.1992794776
0.1991446410
0.1996930665
0.2009805898
0.2009805898
0.2013603313
0.2026165144
0.2030315076
0.2027520518
0.2027520518
0.2017468919
0.2008432813
0.2011777281
0.2016473897
0.2016473897
0.2016061910
0.2008609265
0.1991509050
0.1974537833
0.1974537833
0.1953922851
0.1942424719
0.1371835557
0.1373767772
0.1373767772
0.1375421421
0.1375417687
0.1373180301
0.1371808684
0.1371808684
0.1368808043
0.1367838164
0.1367580099
0.1368540429
0.1368540429
0.1368966036
0.1371246095
0.1373217032
0.1375199724
0.1375199724
0.1374473280
0.1374002165
0.1368997560
0.1365169286
0.1365169286
0.1361357760
0.1360642438
0.1360476922
0.1359691309
0.1359691309
0.1358812215
0.1354977273
0.1352299318
0.1352500369
0.1352500369
0.1353899685
0.1354506048
0.1353880543
0.1350891363
0.1350891363
0.1348093691
0.1344878859
0.1332158511
0.1332158511
0.1331667344
0.1328871354
0.1327174885
0.1328064504
0.1328064504
0.1330195096
0.1336279382
0.1337738020
0.1339266391
0.1338337993
0.1338337993
0.1338938141
0.1340526054
0.1342806880
0.1342806880
0.1345768647
0.1350493285
0.1355515214
0.1354595935
0.1354595935
0.1353978837
0.1348581627
0.1345170824
0.1343456362
0.1343456362
0.1343691002
0.1347909530
0.1351972921
0.1354051912
0.1354051912
0.2154239654
0.2159732052
0.2165784783
0.2172026423
0.2172026423
0.2169159970
0.2161025165
0.2153802773
0.2146911685
0.2146911685
0.2145522999
0.2148973162
0.2154123351
0.2157688031
0.2157688031
0.2162718259
0.2167965192
0.2171702088
0.2178212068
0.2178212068
0.2176458655
0.2171664497
0.2159505278
0.2158602855
0.2158602855
0.2161116997
0.2163770070
0.2165291178
0.2163244927
0.2163244927
0.2159842935
0.2157686151
0.2163603321
0.2168872533
0.2168872533
0.2169995943
0.2168007309
0.2162880273
0.2158444079
0.2158444079
0.2155256480
0.2145864926
0.2145388647
0.2141314761
0.2141314761
0.2141429305
0.2145930910
0.2158491791
0.2168992349
0.2168992349
0.2171879938
0.2168802372
0.2165780921
0.2160756963
0.2160756963
0.2161598680
0.2168146547
0.2182507044
0.2196157294
0.2196157294
0.2200354955
0.2198042276
0.2184914485
0.2168969902
0.2168969902
0.2160723755
0.2153956963
0.2151694469
0.1863549229
0.1863549229
0.1868934072
0.1879679208
0.1885074405
0.1886043202
0.1886043202
0.1869580250
0.1851262064
0.1848601204
0.1842757653
0.1842757653
0.1843786647
0.1845275262
0.1846203502
0.1842795440
0.1842795440
0.1839982676
0.1837963727
0.1834696942
0.1831150576
0.1831150576
0.1832849484
0.1834407498
0.1834071491
0.1836168669
0.1836168669
0.1840791854
0.1845006089
0.1849816575
0.1848258547
0.1848258547
0.1841739467
0.1830853930
0.1829376247
0.1827823758
0.1827823758
0.2523563743
0.2538949178
0.2544681710
0.2557245596
0.2557245596
0.2555115281
0.2552867654
0.2541018641
0.2539692875
0.2539692875
0.2527541966
0.2528752760
0.2519618678
0.2524692817
0.2524692817
0.2524159858
0.2534395852
0.2541969034
0.2554909656
0.2554909656
0.2549131735
0.2548992556
0.2543773756
0.2552727480
0.2552727480
0.2560173096
0.2574608714
0.2580449082
0.2585869459
0.2585869459
0.2581317833
0.2580451062
0.2564495321
0.2560233210
0.2560233210
0.2552087292
0.2556535659
0.2559388424
0.2576606844
0.2576606844
0.2583263151
0.2590782077
0.2586678225
0.2582196282
0.2582196282
0.2114387678
0.2109413627
0.2110181280
0.2111375466
0.2111375466
0.2115476467
0.2116515072
0.2118487233
0.2115778361
0.2115778361
0.2112849558
0.2111814976
0.2114454446
0.2114252281
0.2114252281
0.2115570418
0.2120440662
0.2121156543
0.2132599903
0.2132599903
0.2135257648
0.2132923049
0.2129708724
0.2121175572
0.2121175572
0.2120248653
0.2121856621
0.2123850416
0.2127402526
0.2127402526
0.2127129937
0.2128081223
0.2128409540
0.2144600387
0.2144600387
0.2151934146
0.2155547324
0.2156382958
0.2143461015
0.2143461015
0.2134515726
0.2127715344
0.2123527911
0.2117240637
0.2117240637
0.2109821485
0.2102252829
0.2108678887
0.2110179867
0.2110179867
0.2118260950
0.2127184760
0.2127660128
0.2124747086
0.2124747086
0.2125419141
0.2135858232
0.2150817513
0.2164415072
0.2164415072
0.2180229976
0.2191631935
0.2183648679
0.2185949558
0.2185949558
0.2178982218
0.2195489999
0.2214072573
0.2227417026
0.2227417026
0.2229723456
0.2223574978
0.2220023442
0.2223330818
0.2223330818
0.2232105878
0.2253166526
