0.2056970917
0.2056970917
0.2056970917
0.2056970917
0.2056970917
0.2056970917
0.2056970917
0.2056970917
0.2056970917
0.2056970917
0.2056970917
0.2056970917
0.2056970917
0.2056970917
0.2056970917
0.2056970917
0.2056970917
0.2056970917
0.2056970917
0.2056970917
0.2056970917
0.2056970917
0.2017540831
0.2009573561
0.2006869583
0.2016451114
0.2016451114
0.2023102790
0.2030260930
0.2050270107
0.2081125422
0.2081125422
0.2098568987
0.2105180562
0.2101225563
0.2083747502
0.2083747502
0.2072622729
0.2066183097
0.2066248089
0.2074680193
0.2074680193
0.2082540107
0.2093125868
0.2114314238
0.2133575187
0.2133575187
0.2157183344
0.2182091943
0.2198560985
0.2198560985
0.2214410554
0.2229871884
0.2234714548
0.2403085256
0.2423684192
0.2423684192
0.2445644975
0.2457028979
0.2476901102
0.2496671045
0.2496671045
0.2507460655
0.2523444900
0.2540321887
0.2540321887
0.2546516290
0.2561986333
0.2577016525
0.2581937834
0.2581937834
0.2592014204
0.2605130812
0.2608590826
0.2619672705
0.2619672705
0.2632772893
0.2635654412
0.2644773691
0.2654156625
0.2654156625
0.2654719054
0.2667016293
0.2671320571
0.2676445668
0.2676445668
0.2677704161
0.2688754861
0.2688702805
0.2694792165
0.2694792165
0.2691169169
0.2698113749
0.2699062852
0.2700667141
0.2700667141
0.2697833313
0.2706133652
0.2706581067
0.2708928466
0.2708928466
0.2707516324
0.2716057919
0.2716504536
0.2721974314
0.2721974314
0.2718810042
0.2724521238
0.2727800071
0.2732397270
0.2732397270
0.2730699802
0.2734950195
0.2741396100
0.2741108541
0.2741108541
0.2412325440
0.2424285098
0.2437962123
0.2445884341
0.2445884341
0.2452621288
0.2459930354
0.2462487764
0.2468689382
0.2468689382
0.2474726773
0.2476098795
0.2476999256
0.2474250927
0.2474250927
0.2465615331
0.2463542660
0.2447582948
0.2430484893
0.2430484893
0.2408042078
0.2396824633
0.2390464740
0.2380573111
0.2380573111
0.2373256581
0.2371969403
0.2362596673
0.2354632791
0.2354632791
0.2357298926
0.2356080936
0.2358556520
0.2360870719
0.2360870719
0.2360573221
0.2360967769
0.2362220953
0.2368355324
0.2368355324
0.2380025599
0.2401103116
0.2424595474
0.2437895658
0.2437895658
0.2448608628
0.2457366956
0.2466615409
0.2478996874
0.2478996874
0.2483414054
0.2488364062
0.2492650029
0.2490013986
0.2490013986
0.2486945851
0.1940011431
0.1942485426
0.1942512855
0.1942512855
0.1942718168
0.1939900453
0.1941033326
0.1937588909
0.1937588909
0.1937002362
0.1932817573
0.1933889310
0.1930473766
0.1930473766
0.1929034394
0.1923919242
0.1927951752
0.1927499391
0.1927499391
0.1927553552
0.1922932057
0.1923116885
0.1927066969
0.1927066969
0.1923636827
0.1926982031
0.1923531459
0.1923213447
0.1923213447
0.1915763775
0.1915701595
0.1905986991
0.1895235916
0.1895235916
0.1881981581
0.1884037422
0.1880572061
0.1884159977
0.1884159977
0.1881151013
0.1879470497
0.1879703315
0.1872275571
0.1872275571
0.1870613454
0.1862500333
0.1861497621
0.1858525110
0.1858525110
0.1856630366
0.1855388899
0.1849142773
0.1839967546
0.1839967546
0.1829614937
0.1817155235
0.1811074972
0.1811059141
0.1811059141
0.1805300303
0.1807360976
0.1813299544
0.1811518306
0.1811518306
0.1813082204
0.1823330300
0.1826546125
0.1836581243
0.1836581243
0.1854313554
0.1860406917
0.1866436408
0.1880268107
0.1880268107
0.1887184730
0.1898409630
0.1918999784
0.1938228641
0.1938228641
0.1963336858
0.1991785507
0.2017238678
0.2045860320
0.2045860320
0.2084670459
0.2120743849
0.2154722194
0.2189984676
0.2189984676
0.2209518661
0.2226715598
0.2244120139
0.2248799062
0.2248799062
0.2252589130
0.2258813110
0.2252299616
0.2247607003
0.2247607003
0.2245287139
0.2231365049
0.2217400667
0.2205301227
0.2205301227
0.2181284251
0.2503211207
0.2496312412
0.2492478409
0.2492478409
0.2481565839
0.2479154375
0.2480609369
0.2475333375
0.2475333375
0.2466044327
0.2457176973
0.2449263408
0.2445936569
0.2445936569
0.2451621349
0.2466607091
0.2489602774
0.2516871320
0.2516871320
0.2531265925
0.2542961673
0.2559070360
0.2559070360
0.2582061981
0.2592091086
0.2593114376
0.2589832833
0.2580104320
0.2580104320
0.2581607149
0.2577626501
0.2566644433
0.2554187370
0.2554187370
0.2537969331
0.2525316693
0.2504358187
0.2504358187
0.2496144020
0.2485938007
0.2488977730
0.2482249947
0.2482249947
0.2475639275
0.2457823376
0.2203744196
0.2206680781
0.2206680781
0.2203728198
0.2205494259
0.2201233044
0.2205032360
0.2205032360
0.2204835329
0.2208920958
0.2205187227
0.2209815706
0.2209815706
0.2211762929
0.2215029797
0.2211628951
0.2216292922
0.2216292922
0.2214162549
0.2215278957
0.2214303679
0.2214660998
0.2214660998
0.2211620415
0.2214172607
0.2212880413
0.2212448077
0.2212448077
0.2209631868
0.2211124273
0.2210372586
0.2894912116
0.2894912116
0.2876453730
0.2802421887
0.2714553529
0.2680212403
0.2680212403
0.2675443590
0.2691834047
0.2702155643
0.2699854765
0.2699854765
0.2698648007
0.2696637280
0.2704715920
0.2705656876
0.2705656876
0.2700565448
0.2691110316
0.2682224167
0.2685629025
0.2685629025
0.2689446803
0.2702712704
0.2720019090
0.2727293588
0.2727293588
0.2734415286
0.0804566551
0.0800718923
0.0792664083
0.0792664083
0.0784143253
0.0779447135
0.0776887516
0.0773383637
0.0773383637
0.0777972050
0.0783814236
0.0784042874
0.0790183166
0.0790183166
0.0803062582
0.0804993494
0.0810967713
0.0816699145
0.0816699145
0.0819305187
0.0824491363
0.0830423670
0.0828427029
0.0828427029
0.0834146193
0.0838538745
0.0839530093
0.0845558311
0.0845558311
0.0848417378
0.0868266542
0.0904098831
0.0935908626
0.0935908626
0.0955227245
0.0969948611
0.0984649917
0.0987317015
0.0987317015
0.0979651786
0.0978638969
0.0982320672
0.0976834889
0.0976834889
0.0993761998
0.0962986591
0.0933240458
0.0886972384
0.0886972384
0.0838539409
0.0820536868
0.0858783303
0.0893515993
0.0893515993
0.0908982950
0.0909992135
0.0921033442
0.0943001745
0.0943001745
0.0963646629
0.0982662863
0.0999005754
0.0999699300
0.0999699300
0.1000751823
0.1036103923
0.1029009101
0.1037249035
0.1037249035
0.1049785057
0.1061112933
0.1081814080
0.1071873694
0.1071873694
0.1065087163
0.1067080412
0.1060902373
0.1041945436
0.1041945436
0.1032231820
0.1018152805
0.1002127928
0.0989833893
0.0989833893
0.0979672916
0.0967192572
0.0962993556
0.0959122202
0.0959122202
0.0951840077
0.0949263523
0.0944728865
0.0929492496
0.0929492496
0.0870264971
0.0790780209
0.0817930007
0.0779073447
0.0779073447
0.0790898130
0.0774306345
0.0765047519
0.0761359974
0.0761359974
0.0754541491
0.0757203736
0.0756779512
0.0753023112
0.0753023112
0.0760867671
0.0761382313
0.0763911703
0.0775013673
0.0775013673
0.0773954264
0.0616937795
0.0616790703
0.0614150216
0.0614150216
0.0609062425
0.0608296467
0.0604773797
0.0603447929
0.0603447929
0.0596914027
0.0595065822
0.0593859118
0.0590420772
0.0590420772
0.0594970650
0.0592620226
0.0769927995
0.0780613195
0.0780613195
0.0799999864
0.0900417329
0.0805843534
0.0722214811
0.0722214811
0.0700836073
0.0717091210
0.0757163293
0.0765119679
0.0765119679
0.0760705922
0.0760666912
0.0754634070
0.0745619550
0.0745619550
0.0738415046
0.0732171503
0.0721303412
0.0716152515
0.0716152515
0.0709549575
0.0701350929
0.0697589672
0.0696740572
0.0696740572
0.0687685958
0.1847096516
0.1845313552
0.1848923091
0.1848923091
0.1853954515
0.1865328217
0.1874693391
0.1874693391
0.1874729443
0.1895724980
0.1917026645
0.1933675438
0.1959447130
0.1959447130
0.1974422247
0.2004741430
0.1977863657
0.1957471022
0.1957471022
0.1941663607
0.1939319625
0.1949919851
0.1949919851
0.1969369152
0.2003077530
0.2010404942
0.2023959033
0.2023959033
0.2029677616
0.2035509646
0.2033220797
0.2031371554
0.2031371554
0.2024551584
0.2023399658
0.2038999409
0.2081870690
0.2081870690
0.2120439223
0.2170238530
0.2336087637
0.2338354334
0.2338354334
0.2335780556
0.2338346382
0.2333970702
0.2334747891
0.2334747891
0.2331619848
0.2335629720
0.2334469379
0.2332944513
0.2332944513
0.2330365037
0.2363464805
0.2328757354
0.2307775030
0.2307775030
0.2311156034
0.2346994689
0.2382328614
0.2326924755
0.2326924755
0.2320665251
0.2314643697
0.2276780335
0.2235380757
0.2235380757
0.2207563779
0.2203201870
0.2208346278
0.2215531226
0.2215531226
0.2225178966
0.2229623508
0.2219218134
0.2194671528
0.2194671528
0.2154603753
0.2285368459
0.2288262705
0.2288812200
0.2288812200
0.2284371957
0.2264229810
0.2249294558
0.2244808140
0.2244808140
0.2256832027
0.2274325772
0.2270714161
0.2259453906
0.2259453906
0.2238525827
0.2224307793
0.2222041058
0.2239957402
0.2239957402
0.2259654126
0.2276677276
0.2281876356
0.2264293271
0.2264293271
0.2231946588
0.2186747655
0.2146022244
0.2119728946
0.2119728946
0.2425930222
0.2416490032
0.2405534219
0.2392181961
0.2392181961
0.2395787123
0.2419134672
0.2443494930
0.2473195140
0.2473195140
0.2500913123
0.2533341198
0.2529535061
0.2506096884
0.2506096884
0.2484934364
0.2459106583
0.2447710675
0.2520432091
0.2520432091
0.2328691146
0.2411265585
0.2482860899
0.2519755682
0.2519755682
0.2547626347
0.2583696995
0.2631898292
0.2690163970
0.2690163970
0.2745275344
0.2801732456
0.2853388317
0.2886434244
0.2886434244
0.2899170111
0.2873312774
0.2817731297
0.2745813367
0.2745813367
0.2693519013
0.2662948249
0.2668298010
0.2713543021
0.2713543021
0.2763436150
0.2787292910
0.2778594667
0.2741927390
0.2741927390
0.2711878301
0.2702946432
0.0946743871
0.0949385384
0.0949385384
0.0955639695
0.0953056332
0.0948901293
0.0944522540
0.0944522540
0.0941925837
0.0996437161
0.1092660440
0.1083765512
0.1083765512
0.1099181511
0.1104356180
0.1116943535
0.1111461429
0.1111461429
0.1052726740
0.0977703913
0.0927052159
0.0890395835
0.0890395835
0.0882594195
0.0891837643
0.0886094268
0.0883120784
0.0883120784
0.0880656273
0.0885076111
0.0904067491
0.0935681943
0.0935681943
0.0969202555
0.0997532170
0.1015183197
0.2130900322
0.2130900322
0.2147238143
0.2170940233
0.2185704369
0.2218094446
0.2218094446
0.2260449197
0.2263762257
0.2232092282
0.2193095651
0.2193095651
0.2162366205
0.2151428937
0.2147436311
0.2149755582
0.2149755582
0.2147805106
0.2141745004
0.2126440566
0.2108415867
0.2108415867
0.2093741305
0.2075302215
0.2065207635
0.2301076582
0.2301076582
0.2321161141
0.2330499188
0.2328079518
0.2330866906
0.2330866906
0.2344040163
0.2345378956
0.2361616466
0.2386958666
0.2386958666
0.2420227774
0.2437326088
0.2450880831
0.2445126771
0.2445126771
0.2451194338
0.2466010830
0.2486767975
0.2514862968
0.2514862968
0.2530930433
0.2536504027
0.2548704690
0.2560310750
0.2560310750
0.2561869847
0.2569733111
0.2930153907
0.2884950729
0.2884950729
0.2864430839
0.2834166406
0.2811488074
0.2811488074
0.2809899451
0.2824054080
0.2853673951
0.2862375911
0.2859913431
0.2859913431
0.2852381474
0.2840688491
0.2832526476
0.2834317976
0.2834317976
0.2832700523
0.2839776305
0.2870014713
0.2870014713
0.2886062492
0.2873220198
0.2847494998
0.2814810527
0.2814810527
0.2783918588
0.2755955161
0.2747389199
0.2760143138
0.2760143138
0.2772323253
0.2779424393
0.2773343038
0.2770089978
0.2770089978
0.2766417402
0.2760335565
0.2767192378
0.2806074855
0.2806074855
0.2847594328
0.2862758147
0.2854061499
0.2833387203
0.2833387203
0.2793323990
0.2769137058
0.2763586560
0.2777351618
0.2777351618
0.2798630425
0.2819807144
0.2826313354
0.2818005947
0.2818005947
0.2799886795
0.2783564912
0.2769364183
0.2771868173
0.2771868173
0.2793575419
0.2825029288
0.2833563453
0.2815423204
0.2815423204
0.2760920242
0.2698900789
0.2653771547
0.2625578910
0.2625578910
0.2641155171
0.2657973604
0.0862515481
0.0860279625
0.0860279625
0.0838131809
0.0816187805
0.0794391792
0.0788474977
0.0788474977
0.0793769898
0.0796575076
0.0796640180
0.0791070126
0.0791070126
0.0780361784
0.0769977336
0.0758919982
0.0757990476
0.0757990476
0.0756252781
0.0751708889
0.0738678662
0.0724800779
0.0724800779
0.0718995822
0.0717630459
0.0704121126
0.0686743001
0.0686743001
0.0670689779
0.0667996707
0.0659440313
0.0649277731
0.0649277731
0.2155499459
0.2160150278
0.2157367003
0.2153274996
0.2153274996
0.2145292917
0.2145313788
0.2135377448
0.2128738322
0.2128738322
0.2112986982
0.2107707628
0.2103337632
0.2100642754
0.2100642754
0.2094982729
0.2094738347
0.2098051511
0.2094627504
0.2094627504
0.2097012165
0.2093926901
0.2098112096
0.2098779830
0.2098779830
0.2098808895
0.2098688962
0.2103525181
0.2103131913
0.2103131913
0.2105435650
0.2101864346
0.2106403504
0.2107226377
0.2107226377
0.2110883466
0.2107922738
0.2112732395
0.2111362685
0.2111362685
0.2111697328
0.2110155332
0.2112877485
0.2112376673
0.2112376673
0.2113531009
0.2110307751
0.2108882918
0.2108474021
0.2108474021
0.2105537740
0.0335292522
0.0332881419
0.0328342883
0.0328342883
0.0324508498
0.0320878807
0.0315218263
0.0313762375
0.0313762375
0.0313147677
0.0317378807
0.0318727210
0.0322088358
0.0322088358
0.0329340981
0.0333314496
0.0339217492
0.0343333074
0.0343333074
0.0342863091
0.0342850387
0.0343899281
0.0341971299
0.0341971299
0.0342784157
0.0335890657
0.0698792036
0.0675877022
0.0675877022
0.0676377743
0.0707532342
0.0765284874
0.0840685990
0.0840685990
0.0918466055
0.0989441744
0.1064807400
0.1161296006
0.1161296006
0.1278566084
0.1369821951
0.1420026183
0.1439603585
0.1439603585
0.1405328147
0.1371774612
0.1354403383
0.1342277818
0.1342277818
0.1333092686
0.1319232315
0.1288610374
0.2124249271
0.2124249271
0.2136830371
0.2117129401
0.2064102532
0.2001767023
0.2001767023
0.1949193215
0.1933335805
0.1961951568
0.1990350140
0.1990350140
0.1994267423
0.1963918554
0.2735329228
0.2735009848
0.2735009848
0.2730979271
0.2730706934
0.2725965577
0.2723083939
0.2723083939
0.2722796507
0.2720422192
0.2724505218
0.2732045927
0.2732045927
0.2737241647
0.2741092059
0.2740997987
0.2740864785
0.2740864785
0.0399064316
0.0395244787
0.0390005027
0.0388715181
0.0388715181
0.0450164508
0.0411069003
0.0392829950
0.0395211925
0.0395211925
0.0394412057
0.0403580947
0.0403622193
0.0395566326
0.0395566326
0.0388404187
0.0382957800
0.0381455338
0.0386109052
0.0386109052
0.2541238875
0.2529662845
0.2501520626
0.2475288100
0.2475288100
0.2457630871
0.2461039576
0.2469471817
0.2469471817
0.2495136782
0.2519903320
0.2524413796
0.2509017795
0.2509017795
0.2493467092
0.2504495267
0.2546407339
0.2586085880
0.2586085880
0.2605144342
0.2626512277
0.2630127162
0.2619706638
0.2619706638
0.1851152694
0.1874427922
0.1881922445
0.1882371372
0.1882371372
0.1882344225
0.1913570393
0.1994176607
0.2076536666
0.2076536666
0.2126552421
0.2153865076
0.2163965524
0.2155630471
0.2155630471
0.2118538246
0.2073934464
0.2058946932
0.2059146546
0.2059146546
0.2054668198
0.2049863852
0.2053671956
0.2053748645
0.2053748645
0.2054934116
0.2056742304
0.2051002743
0.2045557189
0.2045557189
0.2039297504
0.2027167687
0.2011397378
0.2024839711
0.2024839711
0.2069270733
0.2129093727
0.2184541355
0.2226748561
0.2226748561
0.2234974996
0.2209586791
0.2192713593
0.2192616723
0.2192616723
0.2185469650
0.2178956578
0.2175372984
0.2170661186
0.2170661186
0.2150301168
0.2129999760
0.2403559296
0.2405836343
0.2405836343
0.2404579605
0.2404827457
0.2400862561
0.2405251284
0.2405251284
0.2403605428
0.2405605874
0.2404321234
0.2406446553
0.2406446553
0.2401412366
0.2401676290
0.2395584231
0.2398099430
0.2398099430
0.2396985375
0.2397308939
0.2391663736
0.2394273067
0.2394273067
0.2390864900
0.2389717536
0.2385246480
0.2385011556
0.2385011556
0.2387352755
0.2384719311
0.2034383728
0.2023030185
0.2023030185
0.2010730506
0.1999603494
0.1991118813
0.1981461755
0.1981461755
0.2056741001
0.2100962756
0.2114035201
0.2130011937
0.2130011937
0.2149521124
0.2161490702
0.2160265218
0.2162551990
0.2162551990
0.2168694852
0.2181595033
0.2191713098
0.2206311492
0.2206311492
0.2208518362
0.2202862739
0.2248617785
0.2303694882
0.2303694882
0.2319204404
0.2331660347
0.2348708504
0.2368164949
0.2368164949
0.2373473398
0.2360611311
0.2317150540
0.2273890807
0.2273890807
0.2251631200
0.1783354328
0.1777646068
0.1779166506
0.1779166506
0.1781079566
0.1795350412
0.1815905346
0.1844904083
0.1844904083
0.1873322016
0.1881529716
0.1879632613
0.1872840377
0.1872840377
0.1865894851
0.1869436319
0.1874986073
0.1879619659
0.1879619659
0.1879154500
0.1872786802
0.1866768189
0.1858310269
0.1858310269
0.1857254789
0.1866875422
0.1875865936
0.1886985292
0.1886985292
0.1896002880
0.1895598497
0.1894584662
0.1894992270
0.1894992270
0.1889045793
0.1894809484
0.1902020202
0.1916559026
0.1916559026
0.1939463547
0.1965648047
0.2004431615
0.2071308289
0.2071308289
0.2126111531
0.2177616620
0.2215584805
0.2232287810
0.2232287810
0.2242711968
0.2266066477
0.0740701204
0.0763701780
0.0763701780
0.0791038295
0.0808431270
0.0816971922
0.0813626900
0.0813626900
0.0806744701
0.0809998890
0.0820404926
0.0830346667
0.0830346667
0.0831752257
0.0829048172
0.0820442701
0.0810052157
0.0810052157
0.0802947949
0.0798351922
0.0804554872
0.0818549719
0.0818549719
0.0820505328
0.0822228049
0.0819151168
0.0806066193
0.0806066193
0.0791322032
0.0777587442
0.0767763805
0.0764666255
0.0764666255
0.0766474780
0.0780364322
0.0805353050
0.0802859931
0.0802859931
0.0794001557
0.0791353962
0.0795194024
0.0805639618
0.0805639618
0.0822777568
0.0838920703
0.0846134421
0.0848183300
0.0848183300
0.0847362961
0.0844564272
0.0852677053
0.0862305518
0.0862305518
0.0872624124
0.0869944718
0.0864420271
0.0848513374
0.0848513374
0.0831651130
0.0813645974
0.0797757984
0.0797757984
0.0792492101
0.0795771219
0.0796805800
0.0790240339
0.0790240339
0.0779540522
0.0774563084
0.0777356633
0.0780289280
0.0780289280
0.0782003559
0.0779019254
0.0771829303
0.0761795879
0.0761795879
0.0752122722
0.0740795814
0.0731536266
0.0715919185
0.0715919185
0.0702041032
0.0696735932
0.0703634347
0.0707687686
0.0707687686
0.2422047916
0.2076477020
0.1806829103
0.1642905938
0.1642905938
0.1599008251
0.1650587005
0.1732863514
0.1784090387
0.1784090387
0.1790148308
0.1771197523
0.1737863935
0.1697606391
0.1697606391
0.1671633131
0.1679333793
0.1727221040
0.1831108870
0.1831108870
0.1973117559
0.2080647669
0.2120596305
0.2083735652
0.2083735652
0.2013607506
0.1980316817
0.2055741964
0.2343062436
0.2343062436
0.2449242667
0.2494108217
0.2353064039
0.2167581594
0.2167581594
0.2122902022
0.2161122240
0.2352744214
0.2525308647
0.2525308647
0.2513835124
0.2537287384
0.2544718279
0.2540287200
0.2540287200
0.2535340054
0.2535510092
0.2540642145
0.2547942148
0.2547942148
0.2542386692
0.2043970947
0.2047208717
0.2051732882
0.2051732882
0.2047424315
0.2045799858
0.2041073583
0.2027368578
0.2027368578
0.2020685228
0.2019794473
0.2023515355
0.2040158211
0.2040158211
0.2061708818
0.2081294932
0.2103463282
0.2127013666
0.2127013666
0.2144539696
0.2162654201
0.2172844332
0.2170040991
0.2170040991
0.2165974447
0.2153735775
0.2126558064
0.2097106033
0.2097106033
0.2074087603
0.2053300866
0.2042254318
0.2035881356
0.2035881356
0.2027531445
0.2027683189
0.2034163038
0.2040449361
0.2040449361
0.2056481415
0.2056598000
0.2156396646
0.2158644294
0.2158644294
0.2154101859
0.2157982093
0.2154552353
0.2155488299
0.2155488299
0.2149460569
0.2149253113
0.2152635828
0.2146661741
0.2146661741
0.2146283768
0.2148050182
0.2146903215
0.2149620389
0.2149620389
0.2148047558
0.2150562131
0.2157146676
0.2156844986
0.2156844986
0.2160734462
0.2161612336
0.2167339226
0.2167798365
0.2167798365
0.2171069553
0.2175395641
0.2176597027
0.2179198672
0.2179198672
0.2179552432
0.2182996184
0.2182774240
0.2183231795
0.2183231795
0.2180519030
0.2186261897
0.2186323440
0.2187447848
0.2187447848
0.2184300897
0.2189934830
0.2189127360
0.2191153608
0.2191153608
0.2187700517
0.2187323076
0.0498742231
0.0513733845
0.0513733845
0.0512300902
0.0493691581
0.0494732181
0.0498101783
0.0498101783
0.0508826981
0.0526465019
0.0542820019
0.0558728695
0.0558728695
0.0566766278
0.0576937995
0.0578072319
0.0573576907
0.0573576907
0.0559565516
0.0547962412
0.0527628375
0.0510245625
0.0510245625
0.0487984988
0.0464927971
0.0445694460
0.0438463236
0.0438463236
0.0426426524
0.0420489303
0.0417266125
0.0469039290
0.0469039290
0.0494394588
0.0487177699
0.0477744876
0.0471793040
0.0471793040
0.0411018017
0.0408999444
0.0394449532
0.0377732853
0.0377732853
0.0370703379
0.0370266636
0.0372265873
0.0377778446
0.0377778446
0.0380757167
0.0385078372
0.0394128240
0.0402198217
0.0402198217
0.0416188617
0.0431085389
0.0446969191
0.0463062037
0.0463062037
0.0462354299
0.0470349770
0.0469726749
0.0476357218
0.0476357218
0.0482088012
0.0491983180
0.0501926610
0.0509183382
0.0509183382
0.0514739746
0.0518076669
0.0521788332
0.0528654974
0.0528654974
0.0535840848
0.0540245900
0.0630055328
0.0635920300
0.0635920300
0.0637946066
0.0629892347
0.0625898622
0.0625898622
0.0621365511
0.0614831229
0.0611086534
0.0607080198
0.0607080198
0.0604745699
0.0606868330
0.0610074280
0.0608537466
0.0608537466
0.0609146898
0.0611395362
0.0613952001
0.0621413790
0.0621413790
0.0630622494
0.0631291528
0.0634618384
0.0641348124
0.0641348124
0.0641581666
0.0639243409
0.0639301363
0.0639860231
0.0639860231
0.0641337111
0.0640960895
0.0641570156
0.0640905673
0.0640905673
0.0641573041
0.0642515490
0.0641744716
0.0840123809
0.0840123809
0.0826409329
0.0803355907
0.0793461526
0.0787131028
0.0787131028
0.0787139844
0.0790617222
0.0798012970
0.0802209980
0.0802209980
0.0786334362
0.0767247453
0.0744588594
0.0746701609
0.0746701609
0.0770268437
0.0824087677
0.0880288053
0.0928361668
0.0928361668
0.0966916043
0.0996046929
0.1072285203
0.1068013771
0.1068013771
0.1059886052
0.1057721980
0.1076169637
0.1142484272
0.1142484272
0.1153587469
0.1120319897
0.1111099607
0.1102142026
0.1102142026
0.1104562117
0.0612845896
0.0613421115
0.0612835287
0.0612835287
0.0614240245
0.0612664338
0.0616656168
0.0623745695
0.0623745695
0.0625320797
0.0630041498
0.0644521749
0.0654351249
0.0654351249
0.0670502602
0.0687794967
0.0697417555
0.0707570267
0.0707570267
0.0721309731
0.0734742568
0.0747642074
0.0748192344
0.0748192344
0.0746836476
0.0745353131
0.0742151760
0.0747201100
0.0747201100
0.0750917966
0.0754659745
0.0751119989
0.0744892312
0.0744892312
0.0747690531
0.0741816392
0.2764685346
0.2763096448
0.2763096448
0.2764021508
0.2762067820
0.2765685504
0.2771544338
0.2771544338
0.2769846026
0.2770132820
0.2772785061
0.2767220299
0.2767220299
0.2763045368
0.2759008097
0.2753017843
0.2754585043
0.2754585043
0.2759045947
0.2755393970
0.2730111379
0.2702809076
0.2702809076
0.1981763723
0.1973999966
0.1964992742
0.1941640954
0.1941640954
0.1917874525
0.1905821677
0.1903016786
0.1912518326
0.1912518326
0.1933822409
0.1950766510
0.1989441216
0.2065864292
0.2065864292
0.2141444822
0.2230937767
0.2287048322
0.2291139611
0.2291139611
0.2317059320
0.2351912579
0.2361434764
0.2362704683
0.2362704683
0.2362401545
0.2353288449
0.2342035862
0.2336776602
0.2336776602
0.2334442318
0.2333832420
0.0615917521
0.0614473098
0.0614473098
0.0613173000
0.0609772545
0.0611422912
0.0609524505
0.0609524505
0.0981245831
0.0942484802
0.0955916349
0.0964743452
0.0964743452
0.0989224829
0.1003887750
0.0964291763
0.0958968917
0.0958968917
0.0957274278
0.0963783507
0.0973687222
0.0971247359
0.0971247359
0.0964479241
0.0953909347
0.0958012238
0.0922031257
0.0922031257
0.0845303602
0.0768120498
0.0686347373
0.0783529207
0.0783529207
0.0801237277
0.0758742193
0.0722891887
0.0720904705
0.0720904705
0.0701134469
0.0688230368
0.0650988407
0.0613268859
0.0613268859
0.0590338876
0.0580268479
0.0579764783
0.0578518527
0.0578518527
0.0565756511
0.0554221565
0.0532433332
0.0516085494
0.0516085494
0.0497113859
0.0485980360
0.0481059963
0.1496589453
0.1496589453
0.1488537405
0.1482190600
0.1477213329
0.1466156398
0.1466156398
0.1451693501
0.1406221948
0.1368332034
0.1334440539
0.1334440539
0.1323866137
0.1367814510
0.1371515729
0.1358014822
0.1358014822
0.1354551266
0.1346656148
0.1358943486
0.1365425194
0.1365425194
0.1378811365
0.1378811365
0.1378811365
0.1426424886
0.1426424886
