0.6485076767
0.6485076767
0.6485076767
0.6485076767
0.6485076767
0.6485076767
0.6485076767
0.6485076767
0.6485076767
0.6485076767
0.6485076767
0.6485076767
0.6485076767
0.6485076767
0.6485076767
0.6485076767
0.6485076767
0.6485076767
0.6485076767
0.6485076767
0.6485076767
0.6485076767
0.6485076767
0.6485076767
0.6485076767
0.6485076767
0.6485076767
0.6485076767
0.6485076767
0.6485076767
0.6485076767
0.6469639428
0.6447502335
0.6426741438
0.6413279411
0.6413279411
0.6401921660
0.6396443027
0.6394915406
0.6387413891
0.6387413891
0.6377226984
0.6368289598
0.6358174532
0.6347924007
0.6347924007
0.6337977378
0.6327881775
0.6318191690
0.6318191690
0.6307963820
0.6296937448
0.6284754726
0.6276110525
0.6272198894
0.6272198894
0.6266974801
0.6261711765
0.6254395310
0.6242914366
0.6242914366
0.6238620097
0.6236220118
0.6232424939
0.6232424939
0.6227848908
0.6221611672
0.6215062549
0.3375390246
0.3375390246
0.3373372025
0.3371454353
0.3368071573
0.3364192413
0.3364192413
0.3360126060
0.3356343462
0.3352960166
0.3349893237
0.3349893237
0.3349984966
0.3346237574
0.3342233670
0.3335931385
0.3335931385
0.3327460118
0.3322147983
0.3311805226
0.3307855133
0.3307855133
0.3303417602
0.3299573871
0.3296212993
0.3293830327
0.3293830327
0.3293088126
0.3293239540
0.3293306521
0.3292629432
0.3292629432
0.3290665651
0.3289494841
0.3288372554
0.3287023332
0.3287023332
0.3285734679
0.3284632364
0.3282128886
0.3278856844
0.3278856844
0.3276273088
0.3274549284
0.3272304450
0.3270529428
0.3270529428
0.3268040047
0.3265422560
0.3262936856
0.3260719096
0.3260719096
0.3258244108
0.3255982309
0.3253588914
0.3250714700
0.3250714700
0.3248084304
0.3245243692
0.3242071634
0.3238794814
0.3238794814
0.3235076295
0.3230997742
0.3226627164
0.3222003960
0.3222003960
0.3217255925
0.3211905007
0.3205890403
0.3200926798
0.3200926798
0.3195295871
0.3189645179
0.3183457768
0.3176920319
0.3176920319
0.3170064878
0.3162869406
0.3155671474
0.3148343463
0.3148343463
0.3138605632
0.3130169149
0.3121934509
0.0717367120
0.0717367120
0.0619877898
0.0689294505
0.0775406498
0.0972507012
0.0972507012
0.1041491963
0.1229721127
0.1286138261
0.1267954776
0.1267954776
0.1224802646
0.1193445905
0.1126732141
0.1064840221
0.1064840221
0.0993020257
0.0965429220
0.0962909113
0.0970622081
0.0970622081
0.0968106318
0.0969960467
0.0980823068
0.0980442834
0.0980442834
0.0981775379
0.0976391728
0.0980965768
0.0976875928
0.0976875928
0.0993990547
0.1014746601
0.1024282648
0.0983860068
0.0983860068
0.0969121274
0.0953377294
0.0984652357
0.0934664900
0.0934664900
0.0893391257
0.0856209574
0.0853891835
0.0818158254
0.0818158254
0.0832118244
0.0791499330
0.0801534680
0.0751913299
0.0751913299
0.0763255476
0.0710737382
0.0712861379
0.0666918896
0.0666918896
0.0663775661
0.0624315796
0.0627805325
0.0569209948
0.0569209948
0.3294971556
0.3293901784
0.3292312191
0.3290317028
0.3290317028
0.3288605391
0.3286771266
0.3284729585
0.3282872132
0.3282872132
0.3280425611
0.3278247504
0.3276317544
0.3274887701
0.3274887701
0.3273354435
0.3271224949
0.3269272268
0.3267053744
0.3267053744
0.3264473522
0.3262526068
0.3260726003
0.3258861203
0.3258861203
0.3255591875
0.3253729915
0.3251610373
0.3249503727
0.3249503727
0.3247919052
0.3245891780
0.3243601844
0.3241841227
0.3241841227
0.3239604635
0.3237991202
0.3235387958
0.3233685798
0.3233685798
0.3231167258
0.3228638927
0.3226536296
0.3224629605
0.3224629605
0.3221791502
0.3219999241
0.3217923016
0.3216362155
0.3216362155
0.3214097596
0.3212851280
0.3210330260
0.3208154811
0.3208154811
0.3205409979
0.3203918011
0.3201826412
0.3200277854
0.3200277854
0.3198038051
0.3196342312
0.3194228084
0.3192769948
0.3192769948
0.3190827633
0.3188531865
0.3186128036
0.3184209549
0.3184209549
0.3182004131
0.3180204544
0.3179681798
0.4370296213
0.4370296213
0.4362904844
0.4362853745
0.4362907720
0.4308428140
0.4308428140
0.4308718754
0.4308689694
0.4221917742
0.4221917742
0.4222028493
0.4221893789
0.4095421739
0.4095046097
0.4095046097
0.4094863162
0.4014613837
0.4015178336
0.4015444068
0.3945077979
0.3945077979
0.3946573214
0.3946857223
0.3913371168
0.3913371168
0.3913418952
0.3913643886
0.3906677573
0.3906810958
0.3906810958
0.3906847244
0.3915048247
0.3914775827
0.3914742553
0.3914742553
0.3937731733
0.3938309632
0.3938012121
0.3928115283
0.3928115283
0.3928018692
0.3928113716
0.3924150630
0.3923912182
0.3923912182
0.3923998019
0.3918795136
0.3918794807
0.3918693124
0.3918693124
0.3918783798
0.3918748596
0.3918670358
0.3918601042
0.3918601042
0.3918759745
0.3918687070
0.3918865360
0.3918945381
0.3918945381
0.3918946701
0.3919677654
0.3919522698
0.3919440090
0.3919440090
0.3919609158
0.3919655439
0.3919736661
0.3919726992
0.3919726992
0.3919736439
0.3919824805
0.3919876071
0.3920062481
0.3920062481
0.3920141450
0.3919983201
0.3919925692
0.3920093053
0.3920093053
0.3920006885
0.3919993434
0.3919958841
0.3919781230
0.3919781230
0.3919730395
0.3919614435
0.3919696439
0.3919860017
0.3919860017
0.3919901661
0.0476748614
0.0464510489
0.0432099341
0.0432099341
0.0426146738
0.0439265541
0.0455234723
0.0462749266
0.0462749266
0.0431874810
0.0426175173
0.0426605869
0.0437424550
0.0437424550
0.0439741420
0.0446291104
0.0451679069
0.0476932517
0.0476932517
0.0485423183
0.0485871229
0.0485002826
0.0485384326
0.0485384326
0.0487197543
0.0487127240
0.0486506624
0.0485738532
0.0485738532
0.0487619976
0.0486495772
0.0498144516
0.0515149634
0.0515149634
0.0518483046
0.0484725361
0.0468715896
0.0457217471
0.0457217471
0.0479620893
0.0440074542
0.0398594943
0.0368935156
0.0368935156
0.0362964204
0.0345242582
0.0346158241
0.0320700904
0.0320700904
0.0320219334
0.0287535235
0.0287738928
0.0258205715
0.0258205715
0.0258794010
0.0228918401
0.0223469593
0.0202794873
0.0202794873
0.0191977521
0.0160710881
0.0481580251
0.0476368995
0.0476368995
0.0418927867
0.0354639963
0.0331250565
0.0327139436
0.0327139436
0.0372297836
0.0246344661
0.0249032270
0.0249359263
0.0249359263
0.0250805083
0.0247468017
0.0193525261
0.0196916036
0.0196916036
0.0192873179
0.0195324089
0.0194108498
0.0202714485
0.0202714485
0.0198517512
0.0202024417
0.0200134145
0.0207156613
0.0207156613
0.0201807610
0.0211420693
0.0208831461
0.0216151174
0.0216151174
0.0210113001
0.0215239426
0.0205964611
0.0217807584
0.0217807584
0.0205789019
0.0212685207
0.0211603990
0.0220376736
0.0220376736
0.0211716634
0.0216714262
0.0208894591
0.0210378776
0.0210378776
0.0205009377
0.0210272832
0.0206082355
0.0211185648
0.0211185648
0.0211197208
0.0215554641
0.0211461959
0.0206042287
0.0206042287
0.0204420075
0.0205556221
0.0204970057
0.0206584175
0.0206584175
0.0206538771
0.0205994187
0.0205650159
0.0206700747
0.0206700747
0.0207156714
0.0204893496
0.0205788822
0.0205609316
0.0205609316
0.0206755249
0.0206147231
0.0206459842
0.0205988219
0.0205988219
0.0211858774
0.0209124272
0.0211246943
0.0206917351
0.0206917351
0.0215548554
0.0209161562
0.0216395869
0.0209314209
0.0209314209
0.0219957835
0.0245788879
0.0000000000
0.0000000000
0.0000000000
0.0000000000
0.0000000000
0.0000000000
0.0000000000
0.0000000000
0.0000000000
0.0000000000
0.0000000000
0.0000000000
0.0000000000
0.0000000000
0.0000000000
0.0000000000
0.0000000000
0.0000000000
0.0000000000
0.0000000000
0.0000000000
0.0000000000
0.0000000000
0.0000000000
0.0134018543
0.0171942277
0.0235056658
0.0235056658
0.0307832614
0.0422723271
0.0483945175
0.0483945175
0.0545723167
0.0594650842
0.0640822125
0.0666031495
0.0666031495
0.0670084691
0.0693955168
0.0713467423
0.0697105500
0.0697105500
0.0689382400
0.0680283216
0.0668181825
0.0650924842
0.0650924842
0.0624553772
0.0592189366
0.0565576578
0.0535192016
0.0535192016
0.0489934498
0.0439975344
0.0364518119
0.0365281265
0.0365281265
0.0366709147
0.0365161666
0.0367174420
0.0367062165
0.0367062165
0.0366762261
0.0366428136
0.0364720448
0.0363085597
0.0363085597
0.0356925966
0.0351502455
0.0343335565
0.1479340831
0.1479340831
0.1383527228
0.1506320226
0.1782026411
0.2128842113
0.2128842113
0.2062703241
0.2180829479
0.2065787228
0.2040418024
0.2040418024
0.1203168287
0.1363732720
0.1588954314
0.1546921343
0.1546921343
0.1417769009
0.1344580100
0.1281341396
0.1255572377
0.1255572377
0.1259357057
0.1291594197
0.1313734710
0.1288561746
0.1288561746
0.1456440759
0.1635573910
0.1547425679
0.1703086719
0.1703086719
0.1747124714
0.1782515839
0.1829382977
0.1810786929
0.1810786929
0.1658320219
0.1792564272
0.1918786458
0.2515328675
0.2515328675
0.2542878757
0.2730581301
0.2761262112
0.2717573661
0.2717573661
0.2617655267
0.2565194582
0.2673531935
0.2898370565
0.2898370565
0.3104722030
0.3174839834
0.3262284878
0.3351575411
0.3351575411
0.3445803507
0.3526247842
0.3594359871
0.3656168187
0.3656168187
0.3717091457
0.3776569379
0.3827100909
0.3877354983
0.3877354983
0.3921496720
0.3958628176
0.3987034960
0.4014993688
0.4014993688
0.4033552952
0.4038594898
0.4013499169
0.4005257251
0.4005257251
0.3985688573
0.3955487998
0.0138270611
0.0169205994
0.0169205994
0.0234177835
0.0305937013
0.0421946057
0.0470735310
0.0470735310
0.0514834263
0.0560881641
0.0641026934
0.0631347301
0.0631347301
0.0634899837
0.0639599757
0.0675820597
0.0671978578
0.0671978578
0.0656967103
0.0683297527
0.0662495149
0.0645197513
0.0645197513
0.0623643800
0.0595360247
0.0562214304
0.0533069217
0.0533069217
0.0491425537
0.0440043392
0.0360507877
0.0362357689
0.0362357689
0.0363940762
0.0364432602
0.0364487650
0.0365112303
0.0365112303
0.0366124794
0.0366800922
0.0366780031
0.0365252777
0.0365252777
0.0359300716
0.0351530169
0.0342754780
0.0340048925
0.0340048925
0.0337625158
0.0336423659
0.0366977950
0.0368191245
0.0368191245
0.6159962146
0.6160027656
0.6159977693
0.6159961367
0.6159961367
0.6159895089
0.6159886460
0.6160070684
0.6160108949
0.6160108949
0.6160151793
0.6160130056
0.6160058350
0.6160048626
0.6160048626
0.6160284123
0.6160350865
0.6160262486
0.6160210538
0.6160210538
0.6160215971
0.2354374224
0.2361979127
0.2370031018
0.2370031018
0.2377505284
0.2385064990
0.2393924754
0.2401768025
0.2401768025
0.2409538073
0.2417774835
0.2426059893
0.2434335355
0.2434335355
0.2442212180
0.2449518390
0.4325210426
0.4325248266
0.4325248266
0.4324945434
0.4299856738
0.4298756533
0.4316530043
0.4316530043
0.4315186035
0.4321292818
0.4319143556
0.4333195485
0.4333195485
0.4332832954
0.4333092070
0.4326571015
0.4327237780
0.4327237780
0.4328907099
0.4317057345
0.4317960975
0.4318428077
0.4318428077
0.4308958864
0.4309182232
0.4309603667
0.4309603667
0.2726251241
0.2723715764
0.2723813391
0.2724152612
0.2724152612
0.2724056878
0.2725234936
0.2725285218
0.2725283735
0.2725283735
0.2725235808
0.2725204617
0.2725213107
0.2725053046
0.2725053046
0.2725045345
0.2741860151
0.0136195533
0.0174020737
0.0174020737
0.0238828230
0.0314827058
0.0442892714
0.0483698276
0.0483698276
0.0532867588
0.0581526766
0.0638816938
0.0640310062
0.0640310062
0.0660200712
0.0679791430
0.0692458703
0.0685967162
0.0685967162
0.0679374497
0.0674010582
0.0650391566
0.0638319531
0.0638319531
0.0618586612
0.0586950863
0.0551551258
0.0520364416
0.0520364416
0.0484063133
0.0419895731
0.0359676288
0.0359199650
0.0359199650
0.0361683035
0.0361618045
0.0361858313
0.0364261154
0.0364261154
0.0364953218
0.0365541769
0.0361526581
0.0360298039
0.0360298039
0.6346411629
0.6346517412
0.6081818860
0.6081200602
0.6081200602
0.5945342032
0.5945235436
0.5901963682
0.5902186433
0.5902186433
0.5854085620
0.5853917403
0.5853560992
0.5806777319
0.5806777319
0.5806656420
0.5806553242
0.5818633647
0.5818804658
0.5818804658
0.5819010424
0.5845210331
0.5845170576
0.5845203567
0.5845203567
0.5869689047
0.5869756039
0.2859829592
0.2861831630
0.2861831630
0.2861895947
0.2862705392
0.2865085355
0.2865361837
0.2865361837
0.2865501630
0.2931888422
0.2931775367
0.2932463862
0.2932463862
0.3039401192
0.3039542665
0.3039548387
0.3069312915
0.3069312915
0.3069825704
0.3069890609
0.3073163264
0.3073729518
0.3073729518
0.3074071489
0.3094339199
0.3094569217
0.3095760656
0.3095760656
0.3108721673
0.3108805340
0.3109179566
0.3114519615
0.3114519615
0.2669696786
0.2669092853
0.2669173110
0.2689169900
0.2689169900
0.2689273178
0.2690394597
0.2690561663
0.2690595115
0.2690595115
0.2690564090
0.2688051478
0.2688188173
0.2687825844
0.2687825844
0.2685778415
0.2685809808
0.2686059137
0.2677700104
0.2677700104
0.2677773367
0.2677746079
0.2670887915
0.2671010039
0.2671010039
0.2671041758
0.2666570604
0.0140093374
0.0162778809
0.0162778809
0.0220381741
0.0292632262
0.0410194932
0.0478043692
0.0478043692
0.0488078097
0.0541341370
0.0609467091
0.0612634100
0.0612634100
0.0596492684
0.0621484194
0.0650236717
0.0603412890
0.0603412890
0.0586451104
0.0634811935
0.0596041276
0.0585680436
0.0585680436
0.0557979496
0.0528542157
0.0497189296
0.0465716398
0.0465716398
0.0426272331
0.0372838601
0.0315083893
0.0311948066
0.0311948066
0.0311291977
0.0311254409
0.0310486550
0.0311086383
0.0311086383
0.0311069534
0.0311124566
0.0308849749
0.0307417634
0.0307417634
0.0301347138
0.2842381300
0.3573597378
0.3387469874
0.3387469874
0.3410635236
0.3696572717
0.3992247204
0.4630935604
0.4630935604
0.3668541907
0.3307008499
0.3135000984
0.2904720656
0.2904720656
0.2714061222
0.2346420150
0.2179023858
0.1866469262
0.1866469262
0.1485905921
0.1346397656
0.1326190030
0.1343171308
0.1343171308
0.1409448386
0.1564872794
0.1670750040
0.1931190760
0.1931190760
0.2012109008
0.2061092232
0.1454902330
0.1417890550
0.1417890550
0.1509743082
0.1414421980
0.1665947461
0.1510286362
0.1510286362
0.1451539504
0.1520736070
0.1532016524
0.1541810525
0.1541810525
0.1461793404
0.1563564611
0.1421622578
0.1552847086
0.1552847086
0.1337114260
0.1566662529
0.1601075890
0.1812472410
0.1812472410
0.1973393602
0.1890579768
0.1699936161
0.1699936161
0.1678053019
0.1616116402
0.1627103688
0.1512700691
0.1512700691
0.4648469354
0.1624572941
0.2182560601
0.2561447533
0.2561447533
0.2919721113
0.3559751678
0.6225037935
0.7332903473
0.7332903473
0.2680892024
0.6454749446
0.3764897444
0.1157004613
0.1157004613
0.0270933689
0.0087277762
0.0044748361
0.0035988967
0.0035988967
0.2372198567
0.2860151236
0.2901369228
0.2866748045
0.2866748045
0.2781978410
0.2610531444
0.2281182943
0.2142406371
0.2142406371
0.2011438359
0.1679815993
0.1560824798
0.1474779439
0.1474779439
0.1395841623
0.1231971765
0.1159696926
0.1107702678
0.1107702678
0.1024788139
0.0944936500
0.0854776954
0.0768347752
0.0768347752
0.0648758097
0.0641155673
0.0645922312
0.0641297129
0.0641297129
0.0641366999
0.0632873907
0.0633843395
0.0634722070
0.0634722070
0.0637856505
0.0631553481
0.0639262601
0.0643119345
0.0643119345
0.0650832378
0.0652299700
0.0658810669
0.0662898907
0.0662898907
0.0668223540
0.0670816508
0.0673679038
0.0672872933
0.0672872933
0.0788659150
0.0797528291
0.0808298860
0.0823929522
0.0823929522
0.0842703240
0.0859226513
0.0871936675
0.0885351538
0.0885351538
0.0899680893
0.0911557624
0.0920730671
0.0832639807
0.0832639807
0.1790391997
0.1789736498
0.1790017404
0.1789943226
0.1789943226
0.1789851111
0.1789803690
0.1789734680
0.1789726922
0.1789726922
0.1717527607
0.1717547809
0.1717579970
0.1717707905
0.1717707905
0.1717111530
0.7554628495
0.7555564439
0.7556139845
0.7556139845
0.7556641782
0.7559075547
0.7561674916
0.7563509728
0.7563509728
0.7568556841
0.7568636027
0.7567844263
0.7568273410
0.7568273410
0.7567685720
0.7568634891
0.7569522146
0.7569558381
0.7569558381
0.4290176622
0.4290155588
0.4290799183
0.4290692993
0.4290692993
0.4290599852
0.4297708303
0.4297452602
0.4297509559
0.4297509559
0.4292451872
0.4292517043
0.4292479807
0.4300156917
0.4300156917
0.4299826704
0.4299808749
0.4313410877
0.4313256847
0.4313256847
0.4312851219
0.4326090574
0.4326176587
0.4326324103
0.4326324103
0.4322036418
0.4324322929
0.4324448623
0.4346275612
0.4346275612
0.4346608755
0.3592426682
0.3592054498
0.3591822049
0.3591822049
0.3404848289
0.3336633120
0.3484134514
0.3548010568
0.3548010568
0.3803061688
0.3846026236
0.3947811903
0.3947819422
0.3947819422
0.3945275599
0.4007488837
0.4007420145
0.4007357140
0.4007357140
0.3908741208
0.3584828907
0.3584546778
0.2496642052
0.2496642052
0.2495427735
0.2495139446
0.2455025004
0.2453695520
0.2453695520
0.2371309800
0.2863162041
0.2788845205
0.2788425593
0.2788425593
0.3227874988
0.3227688059
0.3227721174
0.3754122680
0.3754122680
0.3835326315
0.3501982381
0.2506726683
0.2504675741
0.2504675741
0.2504744895
0.2505079185
0.2505241834
0.2505435972
0.2505435972
0.2502276692
0.2499374510
0.2495982718
0.2491985780
0.2491985780
0.2488458570
0.2488423307
0.2487577321
0.2483579484
0.2483579484
0.2479995384
0.2476467980
0.2470102180
0.2464068977
0.2464068977
0.2457441505
0.2450438748
0.2441325957
0.2433445117
0.2433445117
0.2424825649
0.2416931991
0.2407337170
0.2400103761
0.2400103761
0.2391694696
0.2383955743
0.2374009043
0.2365687247
0.2365687247
0.2356699689
0.2347051362
0.2337700538
0.2328986142
0.2328986142
0.2322602275
0.2313642295
0.2307521296
0.2298071163
0.2298071163
0.2287410503
0.2277625745
0.2267724893
0.2696253379
0.2696253379
0.2696663917
0.2697179877
0.2599149969
0.2599687372
0.2599687372
0.2600858869
0.2538084385
0.2539073984
0.2535073887
0.2535073887
0.2535762790
0.2525770508
0.2526034857
0.2526034857
0.2526106625
0.2925175144
0.2925180948
0.2925268534
0.3756728494
0.3756728494
0.3757009867
0.3961740416
0.3961721629
0.3961732013
0.3961732013
0.3962056118
0.3962072554
0.3962119089
0.3962119089
0.3962120415
0.3962122099
0.3962112825
0.3962087106
0.3962087106
0.3262732716
0.3262828421
0.3262797324
0.3262820942
0.3262820942
0.3262742129
0.3228337355
0.3228327416
0.3228384811
0.3228384811
0.3186312778
0.3186521301
0.3186466616
0.3143052593
0.3143052593
0.3143134082
0.3143284688
0.3108299387
0.3108635892
0.3108635892
0.3108693332
0.3018301060
0.3018516308
0.3018658760
0.3018658760
0.2978822365
0.2979317234
0.2979302732
0.2927696361
0.2927696361
0.2927704422
0.2928192442
0.2900294198
0.5954502991
0.5954502991
0.5954415880
0.5954299894
0.5954291056
0.6018450663
0.6018450663
0.6017358474
0.6106530383
0.6106636037
0.6132577938
0.6132577938
0.6132567363
0.6132559540
0.6156977424
0.6155617760
0.6155617760
0.6155236935
0.6110545066
0.6110478399
0.6110428341
0.6110428341
0.5993038175
0.5994596225
0.5994707913
0.5873695630
0.5873695630
0.5873840454
0.5874167799
0.5874161440
0.5874185936
0.5874185936
0.5874182111
0.5874173384
0.4380199768
0.4380777638
0.4380777638
0.4399884337
0.4401515524
0.4403256992
0.4420094237
0.4420094237
0.4421462770
0.4422928881
0.4454336275
0.4456116063
0.4456116063
0.4457585447
0.4476467894
0.4477675827
0.4479769461
0.4479769461
0.4497586341
0.4498244153
0.4500117435
0.4507633981
0.4507633981
0.4509401804
0.4509206503
0.4514634465
0.4516902117
0.4516902117
0.4518996285
0.4529445523
0.4531085708
0.4359705800
0.4359705800
0.4368310293
0.4394415086
0.4991863290
0.5010189369
0.5010189369
0.5019597456
0.5640684680
0.5606209638
0.5543060584
0.5543060584
0.5988170412
0.5945912888
0.5904268492
0.5895549505
0.5895549505
0.5861613553
0.5840534226
0.5797835015
0.5775015547
0.5775015547
0.5754589499
0.5654728507
0.5617408710
0.5590198488
0.5590198488
0.5585265623
0.5579223994
0.5571080711
0.5610625282
0.5610625282
0.5606547931
0.5605615390
0.2648545334
0.2648999960
0.2648999960
0.2620294355
0.2621893695
0.2627669480
0.2604205755
0.2604205755
0.2610230192
0.2611837609
0.2626646848
0.2629000102
0.2629000102
0.2632309219
0.2657544356
0.2662923255
0.2668581247
0.2668581247
0.2681993285
0.2685914566
0.2687889052
0.2699295683
0.2699295683
0.2700373333
0.2700775357
0.2728070315
0.2727196609
0.2727196609
0.2726967623
0.2753396227
0.2752864457
0.2752487772
0.2752487772
0.6579237459
0.6577852681
0.6512009013
0.6511729321
0.6511729321
0.6475742032
0.6476468314
0.6463149272
0.6462757747
0.6462757747
0.6463042479
0.6455881586
0.6455790051
0.6455801741
0.6455801741
0.6447143661
0.6447933200
0.6445893914
0.6446139013
0.6446139013
0.6439341955
0.6439106093
0.6423353633
0.6423258204
0.6423258204
0.6410850785
0.6410623125
0.6419115471
0.5215205601
0.5215205601
0.5196137346
0.5195606871
0.5171229954
0.5168137023
0.5168137023
0.5149598766
0.5144042217
0.5137449086
0.5135606943
0.5135606943
0.5135596039
0.5135600211
0.5138871474
0.5138798788
0.5138798788
0.5147261719
0.5146146113
0.5153974931
0.5153895147
0.5153895147
0.5172892336
0.2943975937
0.2943681999
0.2937141417
0.2937141417
0.2936630695
0.2935113911
0.2927417050
0.2927151232
0.2927151232
0.2927041398
0.2921194533
0.2920793325
0.2920793325
0.2919836912
0.2922880294
0.2921257340
0.2920868159
0.2914011493
0.2914011493
0.2914002574
0.2913293158
0.2896326436
0.2895352494
0.2895352494
0.2895007084
0.2888676825
0.2888558387
0.2888558387
0.2888445189
0.2878824107
0.2877868464
0.2877540978
0.2877540978
0.2870998847
0.2870919438
0.2868805608
0.2870880708
0.2870880708
0.2869669696
0.2869366458
0.2863849713
0.2863469897
0.2863469897
0.2863335546
0.2861563544
0.2860301122
0.2859993123
0.2859993123
0.3102193544
0.3127480667
0.2472270555
0.1704445381
0.1704445381
0.0468715373
0.0450866742
0.0452402364
0.0454064195
0.0454064195
0.0450851153
0.0450642552
0.0453530629
0.0453881483
0.0453881483
0.0455996976
0.0452918731
0.0456085671
0.0454415898
0.0454415898
0.0456888301
0.0456094047
0.0455238257
0.0454676020
0.0454676020
0.0454320110
0.0451819449
0.0449827636
0.0454039385
0.0454039385
0.0452931192
0.0454131817
0.0445478164
0.0463285944
0.0463285944
0.0491450386
0.0511373032
0.0511746249
0.0517303866
0.0517303866
0.0537650695
0.0547960704
0.0532176059
0.0514026491
0.0514026491
0.0494928772
0.0488159202
0.0491062020
0.0511722980
0.0511722980
0.0500800398
0.0454677689
0.0438360984
0.0454961399
0.0454961399
0.0489378925
0.0526757337
0.0512370734
0.0469928102
0.0469928102
0.0435767299
0.0450909570
0.0487430006
0.0514041114
0.0514041114
0.0492147686
0.0456684081
0.0448698573
0.0453260204
0.0453260204
0.0445915228
0.0448917479
0.0465813176
0.0479351630
0.0479351630
0.0498726260
0.0512973570
0.0504278594
0.0490711897
0.0490711897
0.0481947279
0.0454665836
0.0436874622
0.0436351422
0.0436351422
0.0414793012
0.0397295167
0.0394436263
0.0409737680
0.0409737680
0.0417811350
0.0412747912
0.0385949202
0.0363724873
0.0363724873
0.0353576337
0.0380226228
0.0404849798
0.0414550790
0.0414550790
0.0388687710
0.0347963984
0.0326427665
0.0339264999
0.0339264999
0.0355332532
0.0356708132
0.0363374086
0.0373733674
0.0373733674
0.0375977741
0.0365492595
0.0336429015
0.0331472441
0.0331472441
0.0348043163
0.0359323358
0.0345160328
0.0324530558
0.0324530558
0.0312633810
0.0309471955
0.0308239740
0.0307041253
0.0307041253
0.0303145990
0.0307332495
0.0311317446
0.0313933696
0.0313933696
0.0315186020
0.0315399116
0.0313016833
0.0313284315
0.0313284315
0.0313067838
0.0000020765
0.0000000000
0.0000000000
0.0000000000
0.0000000000
0.0000000000
0.0000000000
0.0000000000
0.0000000000
0.0000000000
0.0000000000
0.0721145923
0.0723002637
0.0723002637
0.0724294720
0.0720652472
0.0720602396
0.0720667770
0.0720667770
0.0722083580
0.0722413346
0.0723866821
0.0723968651
0.0723968651
0.0608020762
0.2108149478
0.1803075371
0.1558441036
0.1558441036
0.1218481162
0.1070847183
0.1101965140
0.1026793566
0.1026793566
0.1046193132
0.2005025247
0.1825499576
0.1732553668
0.1732553668
0.1463304930
0.1739126994
0.1704868456
0.1459006529
0.1459006529
0.6349717056
0.8368887394
0.8083375549
0.8702118841
0.8702118841
0.8461956914
0.2402064116
0.1364964835
0.3457179541
0.3457179541
0.3464740282
0.3593638201
0.3665766307
0.3518113204
0.3518113204
0.3640388255
0.3362199459
0.1604086518
0.1596546532
0.1596546532
0.1592245476
0.1771683590
0.1953782135
0.2229628893
0.2229628893
0.2463543944
0.2710483114
