0.3827412286
0.3827412286
0.3827412286
0.3827412286
0.3827412286
0.3827412286
0.3830250022
0.3832004335
0.3833475386
0.3835417957
0.3835417957
0.3839726071
0.3846578551
0.3853339330
0.3861933765
0.3861933765
0.3872490145
0.3882767558
0.3884031704
0.3871239833
0.3871239833
0.3853090071
0.3833121587
0.3809999723
0.3799602501
0.3799602501
0.3800893468
0.3804761619
0.3807697709
0.3811297295
0.3811297295
0.3813084501
0.3814979456
0.3816236422
0.3815150659
0.3815150659
0.2885594640
0.2886774990
0.2886810407
0.2886179803
0.2886179803
0.2884689607
0.2883732160
0.2882348874
0.2879599064
0.2879599064
0.2877058555
0.2872351069
0.2868982026
0.2868982026
0.2863219108
0.2860801760
0.2859078610
0.2858609418
0.2855859311
0.2855859311
0.2853005338
0.2847633976
0.2840195854
0.2832485545
0.2832485545
0.0000000415
0.0000000415
0.0139260321
0.0139260321
0.0509577552
0.0919238978
0.1374553643
0.1849110760
0.1849110760
0.2089621693
0.2107399677
0.2113459978
0.2109562945
0.2109562945
0.2092044893
0.2074875259
0.2101042043
0.2132724215
0.2132724215
0.2169280048
0.2204367498
0.2232462147
0.2234777671
0.2234777671
0.2711209045
0.2758825479
0.2810813354
0.2832114795
0.2832114795
0.2810600258
0.2794994195
0.2832635723
0.2893840783
0.2893840783
0.2978335155
0.3002529819
0.2976930743
0.2929753762
0.2929753762
0.2494101297
0.2496597538
0.2503962500
0.2511279194
0.2511279194
0.2512130149
0.2515171609
0.2522604151
0.2531908295
0.2531908295
0.2535973569
0.2536057164
0.2531825606
0.2521287091
0.2521287091
0.2512554409
0.2503912157
0.2497247454
0.2493233774
0.2493233774
0.1956841738
0.1945210448
0.1945713244
0.1947584809
0.1947584809
0.1946560203
0.1942842015
0.1935569262
0.1921974273
0.1921974273
0.1923898492
0.1927472917
0.1936307843
0.1956355797
0.1956355797
0.1976017779
0.1993828235
0.2009802837
0.2022886021
0.2022886021
0.2035707684
0.2049013142
0.2062002264
0.2079320603
0.2079320603
0.2102954653
0.2133088510
0.2157923109
0.0000019589
0.0000019589
0.0094880647
0.0347561070
0.0631649192
0.0924822552
0.0924822552
0.1230899565
0.1530044091
0.1844585943
0.2165824575
0.2165824575
0.2328093372
0.2336080308
0.2342601270
0.2349112675
0.2349112675
0.2360129328
0.2365386093
0.2372758757
0.2376533160
0.2376533160
0.7171387135
0.2594360472
0.2583528719
0.2579394079
0.2579394079
0.2570919903
0.2562375897
0.2543892441
0.7171437485
0.7171437485
0.3249262944
0.3248850417
0.3247942540
0.3247579613
0.3247579613
0.3247071486
0.3246862854
0.3247006460
0.3247175028
0.3247175028
0.3247402666
0.3247403448
0.3247386814
0.3247397543
0.3247397543
0.2559524824
0.2620497729
0.2656172081
0.2675662955
0.2675662955
0.2679323159
0.2668636047
0.2652902033
0.2649219494
0.2649219494
0.2655679321
0.2664935281
0.2670669139
0.2668753630
0.2668753630
0.2672193800
0.2677248634
0.2670342466
0.2670109196
0.2670109196
0.2074129996
0.2064218298
0.2035142165
0.2028690622
0.2028690622
0.2031696496
0.2048831581
0.2031146349
0.2091993061
0.2091993061
0.2113358081
0.2098098326
0.2171029560
0.2173754840
0.2173754840
0.2178287645
0.2183065517
0.2186066386
0.2184970931
0.2184970931
0.2189854258
0.2192255844
0.2194043868
0.2197242418
0.2197242418
0.2199857907
0.2201245225
0.2201639265
0.2198476039
0.2198476039
0.2202817260
0.2206893637
0.2206475094
0.2208782150
0.2208782150
0.2210878139
0.2213311864
0.2215016553
0.2216893188
0.2216893188
0.2219839029
0.0000038522
0.0000000000
0.0024792782
0.0024792782
0.0084312677
0.0149378947
0.0223365111
0.0300337589
0.0300337589
0.0379760177
0.0460764434
0.0544496145
0.0629522173
0.0629522173
0.0718384468
0.0794812292
0.0878825082
0.0964243624
0.0964243624
0.1049455243
0.1135881430
0.1223039847
0.1306837366
0.1306837366
0.1388064189
0.1468187908
0.1551180775
0.1631351466
0.1631351466
0.1706013518
0.1766345804
0.1798892066
0.1792630030
0.1792630030
0.1786771245
0.1778954065
0.1772377151
0.1764934058
0.1764934058
0.1758116357
0.1752912447
0.1750670112
0.1746873520
0.1746873520
0.1743764710
0.1737966980
0.1735748678
0.1736476217
0.1736476217
0.1738079010
0.1738750272
0.1738189204
0.1736042862
0.1736042862
0.1733545877
0.1730667153
0.1728942101
0.1728942101
0.1725728256
0.1722396633
0.1721415781
0.2568135554
0.2568135554
0.2572994810
0.2576441875
0.2577303326
0.2577494387
0.2577494387
0.2576746014
0.2578726494
0.2577990160
0.2577083692
0.2577083692
0.2576725454
0.2577054289
0.2576791080
0.2576478216
0.2576478216
0.2575788410
0.2575150937
0.2575482411
0.1446889375
0.1446889375
0.1446824010
0.1447115533
0.1446916341
0.1446931335
0.1446931335
0.1447365055
0.1449591815
0.1449756776
0.1449934371
0.1449934371
0.1449988265
0.1449040956
0.1448948506
0.1448848140
0.1448848140
0.1448896781
0.1447913059
0.1448029763
0.1447968609
0.1447968609
0.1447888626
0.1447707490
0.1447703379
0.1447634152
0.1447634152
0.1447521629
0.1447888400
0.1447568235
0.1447401511
0.1447401511
0.1447261316
0.1446813855
0.1446787674
0.1446629945
0.1446629945
0.0000060075
0.0000000000
0.0000000000
0.0046231789
0.0046231789
0.0161935744
0.0299493428
0.0441476638
0.0591239316
0.0591239316
0.0749039397
0.0918862237
0.1093681201
0.1275725836
0.1275725836
0.1369172353
0.1380409770
0.1386404841
0.1396247409
0.1396247409
0.1408839222
0.1424385253
0.1442892806
0.1466062969
0.1466062969
0.1488312113
0.1505768347
0.1519000641
0.1529608243
0.1529608243
0.1538116727
0.1544594934
0.1548371789
0.1551916790
0.1551916790
0.1567290448
0.1589849956
0.1614118708
0.2259161201
0.2259161201
0.2252709516
0.2247498647
0.2242883836
0.2241891642
0.2241891642
0.2244364326
0.2246451000
0.2248912768
0.2250059486
0.2250059486
0.2249611212
0.2247733607
0.2245387666
0.2241841943
0.2241841943
0.2241101476
0.2245536547
0.2249153315
0.2248159120
0.2248159120
0.2245318235
0.1884644454
0.1884635814
0.1884500149
0.1884500149
0.1884343998
0.1883733729
0.1882715752
0.1881559645
0.1881559645
0.1879234920
0.1876895919
0.1875541012
0.1874849371
0.1874849371
0.1873686888
0.1871117430
0.1869731752
0.1868144325
0.1868144325
0.1866091045
0.1861984659
0.1857940501
0.1853523914
0.1853523914
0.1849025364
0.1845299641
0.1841976365
0.1838869855
0.1838869855
0.1837980789
0.1837096829
0.1837493199
0.1837605863
0.1837605863
0.1836828910
0.1836054180
0.1835661246
0.1835745552
0.1835745552
0.1835807256
0.1835945626
0.1837123578
0.1837877589
0.1837877589
0.1839720913
0.1841029302
0.1842318744
0.1637495442
0.1637495442
0.1637981308
0.1643066981
0.1644773210
0.1647142714
0.1647142714
0.1650424632
0.1652896043
0.1656146489
0.1659241146
0.1659241146
0.1662685802
0.1666866656
0.1669237688
0.1672148793
0.1672148793
0.1674388851
0.1675115460
0.1675519697
0.1675392829
0.1675392829
0.1676138816
0.1656265585
0.1644420137
0.1636808693
0.1636808693
0.1628381087
0.1624517377
0.1630529031
0.1648740335
0.1648740335
0.1665112649
0.1671124085
0.1674216610
0.1686833469
0.1686833469
0.1703189837
0.1711413422
0.1707325194
0.1688440197
0.1688440197
0.1670711102
0.1658797870
0.1650008875
0.1645550640
0.1645550640
0.1621604555
0.1586442095
0.1554264887
0.1527355697
0.1527355697
0.1523752232
0.1527210201
0.0000148240
0.0000000000
0.0000000000
0.0000000000
0.0000000000
0.0000000000
0.0000000000
0.0000000000
0.0000000000
0.0000000000
0.0000000000
0.0000000000
0.0000000000
0.0000000000
0.0000000000
0.0000000000
0.0019968928
0.0019968928
0.0068956132
0.0125126439
0.0180706389
0.0245940904
0.0245940904
0.0312681671
0.0383491191
0.0454977834
0.0454977834
0.0528533296
0.0605529492
0.0681683398
0.0756076081
0.0756076081
0.0835148223
0.0900008394
0.0974348250
0.1051106095
0.1051106095
0.1126304273
0.1201836905
0.1276794950
0.1353753133
0.1353753133
0.1429691631
0.1514011665
0.1587406175
0.1622473871
0.1622473871
0.1623712129
0.1624024713
0.1626088241
0.1627537276
0.1627537276
0.1627492200
0.1628274875
0.1628717801
0.1628374029
0.1628374029
0.1628249652
0.1628928659
0.1630496361
0.1630098781
0.1630098781
0.1628565623
0.1628031973
0.1627925055
0.1628311934
0.1628311934
0.1628682184
0.1629075737
0.1628658172
0.1627803996
0.1627803996
0.1627667545
0.1626829180
0.1625415181
0.1625664813
0.1625664813
0.1624971517
0.1624947656
0.1625050782
0.1625225010
0.1625225010
0.1625324974
0.1624827210
0.1624625956
0.1624231412
0.1624231412
0.1623835109
0.2061395564
0.2061859392
0.2062455291
0.2062455291
0.2063065122
0.2063468879
0.2064006744
0.2064939972
0.2064939972
0.2065276259
0.2065303391
0.2065876561
0.2066636624
0.2066636624
0.2065238389
0.2064812203
0.2064197427
0.2064662970
0.2064662970
0.2065202755
0.2065435755
0.2065306034
0.2065197303
0.2065197303
0.2064743126
0.2063570440
0.2060042730
0.2060009891
0.2060009891
0.3076456760
0.3080430409
0.3085685812
0.3091438364
0.3091438364
0.3097802999
0.3106947280
0.3120379546
0.3136593644
0.3136593644
0.3149553835
0.3156376940
0.3156289676
0.3155639563
0.3155639563
0.3156959692
0.3162797473
0.3169813195
0.3175581356
0.3175581356
0.3180323212
0.3182862822
0.3186643876
0.3190058976
0.3190058976
0.3193729674
0.3196130220
0.3196285692
0.3194916532
0.3194916532
0.3193205681
0.1943213534
0.1933370783
0.1939028413
0.1939028413
0.1947569653
0.1952709841
0.1959704935
0.1967150279
0.1967150279
0.1990029851
0.2023072265
0.2053812379
0.2077587929
0.2077587929
0.2094928089
0.2114330810
0.2134803345
0.2152435899
0.2152435899
0.2168530309
0.2183687403
0.2198003537
0.2209128156
0.2209128156
0.2217793731
0.2223335554
0.2226070294
0.2226721633
0.2226721633
0.2227906584
0.2228209900
0.1523546735
0.1523132050
0.1523132050
0.1522789310
0.1522607567
0.1522465338
0.1522604817
0.1522604817
0.1522026442
0.1521542237
0.1521241746
0.1520836689
0.1520836689
0.1520930479
0.1520965290
0.1520687378
0.1520714715
0.1520714715
0.1519845560
0.1520207841
0.1521236071
0.1521910632
0.1521910632
0.1523000876
0.1524095618
0.1524359801
0.1522705265
0.1522705265
0.1522368615
0.1522831203
0.1521453663
0.1519882368
0.1519882368
0.1518864504
0.1518061002
0.1516436052
0.1515977213
0.1515977213
0.1516800890
0.1517017457
0.1516595360
0.1516439952
0.1516439952
0.1515780747
0.1515950021
0.1515748277
0.1515711365
0.1515711365
0.1515480576
0.1515432259
0.1347429450
0.1347248730
0.1347248730
0.1346990370
0.1347187689
0.1347642731
0.1347702995
0.1347702995
0.1348161910
0.1348059627
0.1349915240
0.1349493936
0.1349493936
0.1349045239
0.1348958185
0.1347581498
0.1346492537
0.1346492537
0.1345210687
0.1344054201
0.1343884608
0.1343349160
0.1343349160
0.1343539666
0.1342942430
0.1342255509
0.1341415318
0.1341415318
0.1340804262
0.1339971553
0.1337510537
0.1337510537
0.1336475864
0.1335740144
0.1335313231
0.1335388455
0.1335388455
0.1335852383
0.1335954766
0.1337514188
0.1339543412
0.1339586481
0.1339586481
0.1339749424
0.1339428201
0.1339557435
0.1339557435
0.1340397965
0.1342019236
0.1343548461
0.1345000108
0.1345000108
0.1346266376
0.2927005174
0.2924396146
0.2920122106
0.2920122106
0.2911464801
0.2897861842
0.2877428438
0.2853306839
0.2853306839
0.2824189354
0.2796526235
0.2779627182
0.2775561666
0.2775561666
0.2782095838
0.2795879546
0.2817858067
0.2841493737
0.2841493737
0.2862166146
0.2881643195
0.2899388792
0.2913181994
0.2913181994
0.2923154546
0.2928876130
0.2928449763
0.2922433638
0.2922433638
0.2580474228
0.2578896976
0.2579153213
0.2579190978
0.2579190978
0.2577866933
0.2576708049
0.2576918477
0.2580815413
0.2580815413
0.2580192735
0.2578602627
0.2574900360
0.2565176896
0.2565176896
0.2559284500
0.2556522768
0.2549818721
0.2546808523
0.2546808523
0.2159772626
0.2158678372
0.2157386572
0.2152894697
0.2152894697
0.2148100929
0.2142655861
0.2136405092
0.2128999091
0.2128999091
0.2126282748
0.2122548671
0.2119286771
0.2108302451
0.2108302451
0.2104808767
0.2095707649
0.2087910544
0.2083405950
0.2083405950
0.2081660115
0.2080569746
0.1697962581
0.1703040495
0.1703040495
0.1707276222
0.1712258118
0.1717682610
0.1724504287
0.1724504287
0.1731954060
0.1737623374
0.1740467645
0.1743910999
0.1743910999
0.1747064862
0.2276320332
0.2221464296
0.2014709941
0.2014709941
0.1526612242
0.1084920463
0.1086871067
0.1089595571
0.1089595571
0.1092021379
0.1088265047
0.1084597333
0.1081810064
0.1081810064
0.1078928425
0.1079860029
0.1080745209
0.1084411485
0.1084411485
0.1089124295
0.1092895665
0.1098017839
0.1101832292
0.1101832292
0.1101039908
0.1100632836
0.1100915083
0.1100607385
0.1100607385
0.1100609334
0.1102729820
0.1104559007
0.1109212857
0.1109212857
0.1114171710
0.1119190299
0.2238876408
0.2237618311
0.2237618311
0.2237436674
0.2237471951
0.2236624839
0.2236497882
0.2236497882
0.2236688370
0.2237342042
0.2238723250
0.2239861189
0.2239861189
0.2240713178
0.2241310224
0.2241788363
0.2241637250
0.2241637250
0.2241765582
0.2241758642
0.2241265692
0.2240733292
0.2240733292
0.2240252756
0.2240120447
0.1489871378
0.1489391510
0.1489391510
0.1489301928
0.1489352922
0.1489773442
0.1490222096
0.1490222096
0.1490978172
0.1492327906
0.1492986127
0.1493997473
0.1493997473
0.1493583303
0.3324206298
0.2878184886
0.2426639513
0.2426639513
0.1983325321
0.1854523872
0.1713765576
0.1581373130
0.1581373130
0.1441719276
0.1442589919
0.1445633926
0.1447083594
0.1447083594
0.1450405392
0.1454080621
0.1457494246
0.1457710525
0.1457710525
0.1455920038
0.1453007815
0.1450155690
0.1447408718
0.1447408718
0.1445609160
0.1445045524
0.1444389888
0.1442329129
0.1442329129
0.1437804025
0.1433436770
0.1430110532
0.2787250242
0.2787250242
0.2787569830
0.2785674236
0.2782260050
0.2775871037
0.2775871037
0.2771424104
0.2765053884
0.2760883758
0.2755521068
0.2755521068
0.2751138841
0.2746586220
0.2736549844
0.2728910097
0.2728910097
0.2719977116
0.2711969741
0.2706561931
0.2703137026
0.2703137026
0.2703284064
0.2705384455
0.2709295403
0.2714017347
0.2714017347
0.2715312873
0.1638449593
0.1630852683
0.1621907752
0.1621907752
0.1613943622
0.1610807434
0.1612943703
0.1612943703
0.1616500058
0.1603701057
0.1580228296
0.1553355151
0.1553355151
0.1524180211
0.2609551438
0.2563029125
0.2372596557
0.2372596557
0.1902671305
0.1400683605
0.1405217682
0.1404453120
0.1404453120
0.1403961132
0.1404195154
0.1404735263
0.1406798317
0.1406798317
0.1409333221
0.1413320338
0.1418196349
0.1423151887
0.1423151887
0.1427148633
0.1432170381
0.1431445061
0.1431054939
0.1431054939
0.1429528320
0.1429413732
0.1429567878
0.1431704852
0.1431704852
0.1754421529
0.1754575320
0.1754182865
0.1753133809
0.1753133809
0.1753058373
0.1751635533
0.1749936148
0.1749374708
0.1749374708
0.1748865015
0.1748831800
0.1747980637
0.1747358841
0.1747358841
0.1746543790
0.1745342345
0.1743832972
0.1742815987
0.1742815987
0.1413846553
0.1414515650
0.1411155989
0.1407419427
0.1407419427
0.1404244219
0.1401928568
0.1401949798
0.1402340842
0.1402340842
0.1401325337
0.1399993780
0.2601209789
0.2601199941
0.2601199941
0.2217817969
0.1828059073
0.1441625252
0.1287043932
0.1287043932
0.1284812305
0.1135642007
0.0981276806
0.0983279279
0.0983279279
0.0985579013
0.0985849895
0.0990315055
0.0995058200
0.0995058200
0.0999455563
0.1004730741
0.1004701957
0.1003878015
0.1003878015
0.1002543394
0.1001870255
0.1001413654
0.1001611251
0.1001611251
0.1003822844
0.1005711867
0.1010540780
0.1015200623
0.1015200623
0.2825416097
0.2820755541
0.2815335681
0.2808988888
0.2808988888
0.2801922117
0.2794966900
0.2790376675
0.2786042673
0.2786042673
0.2782590149
0.2779401428
0.2776466001
0.2773615053
0.2773615053
0.2770553078
0.2768072803
0.1529828966
0.1529456130
0.1529456130
0.1531373988
0.1534921485
0.1540192769
0.1547914400
0.1547914400
0.1555010834
0.1561739029
0.1567457585
0.1570145629
0.1570145629
0.1572125472
0.1573892858
0.1572998602
0.1570546077
0.1570546077
0.1573620961
0.1585980090
0.1614669916
0.1651598833
0.1651598833
0.1674236023
0.4098367157
0.4504126263
0.4374426310
0.4374426310
0.4268684633
0.4126760842
0.3905235463
0.3872881317
0.3872881317
0.3870363434
0.3933859806
0.3709899844
0.1848803174
0.1848803174
0.1860281293
0.1848893008
0.1844040013
0.1855935575
0.1855935575
0.1859780691
0.1872564073
0.1890548728
0.1917678783
0.1917678783
0.1960286167
0.2003400047
0.1998873649
0.2292775751
0.2292775751
0.2291531820
0.2292959293
0.2302452457
0.2295532382
0.2295532382
0.2285628696
0.2274222738
0.2265634363
0.2252244499
0.2252244499
0.2240764807
0.2405093884
0.2406495737
0.2403716114
0.2403716114
0.2388950883
0.2244170670
0.2196612334
0.2166836914
0.2166836914
0.2153451153
0.2152981844
0.2162968612
0.1613197984
0.1613197984
0.1603750923
0.1568794311
0.1574222690
0.1551657626
0.1551657626
0.1571119757
0.1555166573
0.1563064308
0.1528801261
0.1528801261
0.1522900968
0.1511819497
0.1503342573
0.1455970943
0.1455970943
0.1501350884
0.1429859439
0.1487690958
0.1440784335
0.1440784335
0.1441143136
0.1453351628
0.1486526192
0.1492622497
0.1492622497
0.1488156869
0.3250062042
0.4338094007
0.3279166429
0.3279166429
0.4222630562
0.3391410423
0.2862529435
0.3294569364
0.3294569364
0.3939540880
0.3415846075
0.4131842260
0.2380394861
0.2380394861
0.2171082459
0.1992415032
0.1850548448
0.1825659132
0.1825659132
0.1830966863
0.1829185736
0.1831868492
0.1834388994
0.1834388994
0.1822820404
0.1823093837
0.1822788288
0.1823046331
0.1823046331
0.1822552669
0.1823540749
0.1822719433
0.1822856813
0.1822856813
0.1822622468
0.1822536680
0.1822391489
0.1822776916
0.1822776916
0.1822744304
0.1821568018
0.1821564553
0.1821564553
0.1821756478
0.6005517333
0.5779545539
0.5127858785
0.5127858785
0.1757164958
0.1815819144
0.1894585522
0.1813943993
0.1813943993
0.1880645199
0.1893310784
0.1917639954
0.1910679104
0.1910679104
0.1873350205
0.1790791855
0.1794928660
0.1762218981
0.1762218981
0.2571589645
0.2869326893
0.1165054561
0.1418450185
0.1418450185
0.0687380200
0.0699826028
0.0871770652
0.1161686418
0.1161686418
0.0613320503
0.0521948570
0.0534024929
0.0700375371
0.0700375371
0.0711431258
0.0822963647
0.2363971796
0.3295287594
0.3295287594
0.3437662196
0.3435488157
0.1412672456
0.2767533139
0.2767533139
0.2255195366
0.2735659102
0.2357214218
0.2352900555
0.2352900555
0.2827340995
0.3373728076
0.3845100437
0.4261958027
0.4261958027
0.4066697867
0.3812825724
0.3465383545
0.3244547522
0.3244547522
0.2945300309
0.2832239237
0.2762990650
0.2689793680
0.2689793680
0.2705823831
0.2717467991
0.2701726251
0.2718118412
0.2718118412
0.2728263459
0.2716351249
0.2704483292
0.2698319394
0.2698319394
0.2684980237
0.2682907440
0.2679538400
0.2620223630
0.2620223630
0.2523881750
0.2426959524
0.2294372200
0.2177719450
0.2177719450
0.2092209515
0.2044902824
0.2029015763
0.2034221728
0.2034221728
0.2034142020
0.2007146241
0.1917030307
0.1834375442
0.1834375442
0.1750010947
0.1701116584
0.1698896441
0.1615551550
0.1615551550
0.1560836887
0.1567481026
0.1550336203
0.0786932242
0.0786932242
0.0938442431
0.0897575484
0.0496242140
0.0647952190
0.0647952190
0.0964987815
0.0987176075
0.1018852074
0.1046019723
0.1046019723
0.1081000450
0.1095479909
0.1090699086
0.1046330821
0.1046330821
0.1008749691
0.2204905583
0.2110730104
0.1977747574
0.1977747574
0.1646888935
0.1588787513
0.1558990811
0.1597589389
0.1597589389
0.1630258477
0.1660334231
0.1683708953
0.1700131939
0.1700131939
0.1705351508
0.1718500889
0.1743175611
0.1780889493
0.1780889493
0.1815794127
0.1820634424
0.1818482735
0.1804432402
0.1804432402
0.1782488808
0.1747455687
0.1707520813
0.1677302791
0.1677302791
0.1659550258
0.1649875143
0.1645875564
0.1641203455
0.1641203455
0.1646694548
0.1649355842
0.1649936909
0.1646123740
0.1646123740
0.1643464069
0.1645422924
0.1651554856
0.1656164265
0.1656164265
0.1666426093
0.1678500471
0.1685299172
0.1692695044
0.1692695044
0.1689949570
0.1675962368
0.1662136023
0.1638361379
0.1638361379
0.1601108141
0.1569229354
0.1560310507
0.1561345739
0.1561345739
0.1560956821
0.1553876010
0.1557018989
0.1560442346
0.1560442346
0.1564670037
0.1565872690
0.1563310987
0.1561257630
0.1561257630
0.1559328576
0.1559163577
0.1554849952
0.1559723650
0.1559723650
0.1570551458
0.1581671348
0.1587564526
0.1590772508
0.1590772508
0.1596892448
0.1612616272
0.1629167693
0.1648393706
0.1648393706
0.1669619714
0.1691671425
0.1720802842
0.1752069799
0.1752069799
0.1782421710
0.1814825453
0.1843852946
0.1863090519
0.1863090519
0.1884287502
0.1902851069
0.1915238088
0.1929607097
0.1929607097
0.1954487077
0.1975458012
0.1994753367
0.2014288830
0.2014288830
0.2031293225
0.2047240015
0.2064628110
0.2083126381
0.2083126381
0.2095714532
0.2107871930
0.2118920421
0.2118920421
0.2130684867
0.2143455275
0.2153378619
0.2157604017
0.2157604017
0.2170504609
0.2187403917
0.2212124554
0.2242493800
0.2273602945
0.2273602945
0.2315505393
0.2358278533
0.2391870581
0.2391870581
0.2427715509
0.2462626102
0.2497215588
0.2525376614
0.2525376614
0.2552893534
0.2584887194
0.2616418636
0.2646856144
0.2646856144
0.2677121452
0.2695694201
0.2708582482
0.2721916481
0.2721916481
0.2739278912
0.2762907557
0.2786608154
0.2811403683
0.2811403683
0.2837713632
0.2857755997
0.2872746049
0.2882270367
0.2882270367
0.2891473473
0.2905355710
0.2911244252
0.2916862719
0.2916862719
0.2921833164
0.2925756012
0.2929623081
0.2936636402
0.2936636402
0.2944946063
0.2950945721
0.2957987217
0.2970227424
0.2970227424
0.2988623658
0.3005367780
0.3022247228
0.3035294139
0.3035294139
0.3047917738
0.3065115999
0.3080183970
0.3093107965
0.3093107965
0.3109240055
0.3124498066
0.3142794459
0.3161207162
0.3161207162
0.3176493336
0.3185702962
0.3196031646
0.3204627869
0.3204627869
0.3214932589
0.3226338705
0.3238695876
0.3246965888
0.3246965888
0.3257946576
0.3272022284
0.3286382062
0.3303063187
0.3303063187
0.3308149354
0.3305891440
0.3294892271
0.3269801028
0.3269801028
0.3245057805
0.3219646856
0.3198290814
0.3180493582
0.3180493582
0.3162764073
0.3147868457
0.3132888073
0.3117676373
0.3117676373
0.3112865206
0.3113465770
0.3111258784
0.3100939989
0.3100939989
0.3090838185
0.3084370875
0.3077456000
0.3073608095
0.3073608095
0.3068849961
0.3071525271
0.3077421064
0.0000000348
0.0000000348
0.0037106216
0.0117287478
0.0232148454
0.0328504957
0.0328504957
0.0445128095
0.0553971228
0.0672228167
0.0792092089
0.0792092089
0.0913687796
0.1043254943
0.1159372754
0.1285655607
0.1285655607
0.1416782833
0.1551944447
0.1664449956
0.1721099058
0.1721099058
0.1724993919
0.1734652021
0.1741602600
0.1744826312
0.1744826312
0.1748103315
0.1751571911
0.1758010180
0.1759477185
0.1759477185
0.1761461831
0.1764540024
0.1766761032
0.1766916858
0.1766916858
0.1768882421
0.1771415913
0.1772843330
0.1774123482
0.1774123482
0.1776205902
0.1777521200
0.1779844734
0.1781140114
0.1781140114
0.1783496798
0.1784635871
0.1784869412
0.1785961320
0.1785961320
0.2712683625
0.2713557216
0.2714324693
0.2716366444
0.2716366444
0.2719998785
0.2725117300
0.2731419480
0.2739318930
0.2739318930
0.2748158250
0.2753310145
0.2758879981
0.2765130117
0.2765130117
0.2773464158
0.2781067539
0.2788961348
0.2793624569
0.2793624569
0.2795951865
0.2800256017
0.2804035777
0.2809072780
0.2809072780
0.2815496265
0.2821776105
0.2828191690
0.2831970572
0.2831970572
0.2834743492
0.2836880010
0.2841204540
0.2844925621
0.2844925621
0.2848964731
0.2852967145
0.2856079728
0.2857495375
0.2857495375
0.2858587522
0.2857997453
0.2858057883
0.2859063982
0.2859063982
0.2860332251
0.2863294324
0.2860571741
0.2455179079
0.2455179079
0.2488064306
0.2526147915
0.2555786340
0.2565862378
0.2565862378
0.2571727301
0.2519953710
0.2449696202
0.2406832499
0.2406832499
0.2423720543
0.1672500387
0.1675744096
0.1679912917
0.1679912917
0.1686536925
0.1669995241
0.1543825350
0.1570949279
0.1570949279
0.1602248983
0.1555125522
0.1544325801
0.1509939578
0.1509939578
0.1502653574
0.2650235767
0.2649645047
0.2651247862
0.2651247862
0.2651130544
0.2654601953
0.2664297337
0.2665574781
0.2665574781
0.2672863003
0.2668880263
0.2674080447
0.2689098361
0.2689098361
0.2698563218
0.2715134424
