0.4234024470
0.4234024470
0.4240260532
0.4253094020
0.4272595531
0.4286354254
0.4304406444
0.4304406444
0.4318278253
0.4320484043
0.4325832871
0.4329704676
0.4346076802
0.4346076802
0.4368492939
0.4378055281
0.4350263662
0.4313995682
0.4285655973
0.4285655973
0.4265111137
0.4251704514
0.4233890390
0.4221160632
0.4217391877
0.4217391877
0.4217975101
0.4219299656
0.4220796321
0.4220875277
0.4224378518
0.4224378518
0.4230272189
0.4236510127
0.4242733587
0.4251846640
0.4261054381
0.4261054381
0.4269258725
0.4278327846
0.4294912265
0.4315787073
0.4337641495
0.4337641495
0.4352901735
0.4368279934
0.4387322180
0.4403450817
0.4413724943
0.4413724943
0.4422458742
0.4432987443
0.4446196445
0.4443479569
0.4433695952
0.4433695952
0.4434248682
0.4438195220
0.4434716044
0.4436463000
0.4433778282
0.4433778282
0.4429253364
0.4417575121
0.4410557977
0.4405751848
0.4401206823
0.4401206823
0.4415329553
0.4416065191
0.4407173213
0.4425420016
0.4452938445
0.4452938445
0.4478696065
0.4487535864
0.4487416972
0.4486123791
0.4488820019
0.4488820019
0.4493878217
0.4499003452
0.4495123531
0.4490330019
0.4484852174
0.4484852174
0.4483552172
0.4484530396
0.4483498862
0.4486146315
0.4489453346
0.4489453346
0.4494088914
0.4496461292
0.4496855344
0.4494140963
0.4483541898
0.4483541898
0.4476566175
0.4473126562
0.4462528999
0.4457729524
0.4461885007
0.4461885007
0.4470042735
0.4470544294
0.3519471932
0.3511616865
0.3493976106
0.3493976106
0.3474477910
0.3452420772
0.3440396177
0.3432575585
0.3428090310
0.3428090310
0.3421448867
0.3419235336
0.3416096614
0.3410782531
0.3405850531
0.3405850531
0.3405183427
0.3403160802
0.3401469502
0.3400863867
0.3400096237
0.3400096237
0.3398725077
0.3398529234
0.3398047761
0.3398200652
0.3395565413
0.3395565413
0.3395752771
0.3393189529
0.3395113804
0.3396396396
0.3395797669
0.3395797669
0.3394706795
0.3393145346
0.3394162040
0.3393485983
0.3393761183
0.3393761183
0.3394412952
0.3393950388
0.3393576376
0.3394793592
0.3396098179
0.3396098179
0.3396805805
0.3397131086
0.3396403593
0.3397738763
0.3399708548
0.3399708548
0.3400105996
0.3401337167
0.3403907414
0.3406069521
0.3407377905
0.3407377905
0.3409325424
0.3410825446
0.3411341201
0.3411553552
0.3413099462
0.3413099462
0.3414636022
0.3415931088
0.3416554005
0.3416114712
0.3416968635
0.3416968635
0.3417387756
0.3417177742
0.3416701840
0.3416660550
0.5306329114
0.5306329114
0.5315210239
0.5325022779
0.5331682421
0.5338436949
0.5346195489
0.5346195489
0.5353076173
0.5357786644
0.5359901942
0.5360321095
0.5359077627
0.5359077627
0.5358440362
0.5353958776
0.5347910541
0.5342258810
0.5339080957
0.5339080957
0.5334377121
0.5326906011
0.5320026052
0.5312065593
0.5305226282
0.5305226282
0.5297794568
0.5290378451
0.5281740908
0.5271925309
0.5264845755
0.5264845755
0.5258052802
0.5252513466
0.5247706486
0.5242425595
0.5234912049
0.5234912049
0.5228060883
0.5223668687
0.5220263278
0.5215568994
0.5213797946
0.5213797946
0.5208568298
0.5206288741
0.5204847622
0.5206367843
0.5209610923
0.5209610923
0.5211397974
0.5211906212
0.5210478657
0.5209779650
0.5211532729
0.5211532729
0.5210988924
0.5214049453
0.5216108072
0.5216086825
0.5213030244
0.5213030244
0.5208774875
0.5205299033
0.5203116966
0.5200477361
0.5195705838
0.5195705838
0.3692209880
0.3685361925
0.3680738580
0.3681819608
0.3683654149
0.3683654149
0.3690927875
0.3699298670
0.3697881398
0.3701817255
0.3698117977
0.3698117977
0.3705342148
0.3720408516
0.3722398771
0.3726642466
0.3742478451
0.3742478451
0.3758553344
0.3762994515
0.3746574162
0.3731334086
0.3721249113
0.3721249113
0.3716906679
0.3714782005
0.3715684568
0.3725100417
0.3736756381
0.3736756381
0.3771082807
0.3798983629
0.3812178454
0.3783452201
0.3760355117
0.3760355117
0.3734968680
0.3710080555
0.3676626506
0.3644102784
0.3636336174
0.3636336174
0.3629662799
0.3640392381
0.3643770870
0.3654977302
0.3670746882
0.3670746882
0.3684008459
0.3697525796
0.3708259798
0.3716012605
0.3720985163
0.3720985163
0.3723850364
0.3724250825
0.3719391817
0.3719902861
0.3722445304
0.3722445304
0.3716260495
0.3712600890
0.3713447905
0.3718757236
0.3726212694
0.3726212694
0.3739366937
0.3749298642
0.3753226003
0.3756637245
0.3760197848
0.3760197848
0.3763126524
0.3422819734
0.3419934899
0.3417474037
0.3413666235
0.3413666235
0.3407587649
0.3398531940
0.3392062789
0.3390164322
0.3387653455
0.3387653455
0.3382048854
0.3377419444
0.3373274031
0.3370751065
0.3369125403
0.3369125403
0.3366275590
0.3364620700
0.3364360294
0.3364940462
0.3364165837
0.3364165837
0.3363601294
0.3362206053
0.3362909724
0.3366711543
0.3374794713
0.3374794713
0.3383150116
0.3390778534
0.3393319754
0.3394449526
0.3397039037
0.3397039037
0.3399289364
0.3402825586
0.3405339168
0.3408676022
0.3412737666
0.3412737666
0.3407610179
0.3403673580
0.3402983544
0.3403149785
0.3403729440
0.3403729440
0.3406313164
0.3408694617
0.3410832059
0.3412548001
0.3412467935
0.3412467935
0.3412372976
0.3413078180
0.3413510566
0.3412304788
0.3411332831
0.3411332831
0.3407572750
0.3405919947
0.3403836038
0.3401675159
0.3398884464
0.3398884464
0.3396715144
0.5059321524
0.5058982269
0.5063948314
0.5067976368
0.5067976368
0.5074368992
0.5078701464
0.5085816651
0.5089403969
0.5094753589
0.5094753589
0.5102124562
0.5107586176
0.5108008284
0.5108927241
0.5109514686
0.5109514686
0.5111903623
0.5117302170
0.5124664065
0.5130557199
0.5136844396
0.5136844396
0.5141823055
0.5147123156
0.5148536730
0.5151077657
0.5152433802
0.5152433802
0.5153521380
0.5154519944
0.5159401794
0.5163195357
0.5164790017
0.5164790017
0.5166760907
0.5167761068
0.5170319287
0.3102221778
0.3106446501
0.3106446501
0.3110417897
0.3114441907
0.3117892550
0.3119283819
0.3122000534
0.3122000534
0.3126208369
0.3130007788
0.3133318487
0.3136850860
0.3140838572
0.3140838572
0.3143844382
0.3149581552
0.3152140731
0.3155840803
0.3159943788
0.3159943788
0.3164782069
0.3168948272
0.3173968771
0.3178477292
0.3182723148
0.3182723148
0.3186081118
0.3189649348
0.3193135862
0.3196384811
0.3199651395
0.3199651395
0.3203119805
0.3206706089
0.3210053763
0.3211056645
0.3213877494
0.3213877494
0.3216871374
0.3220939129
0.3223023100
0.3225141492
0.3222591768
0.3222591768
0.3893077541
0.3892985496
0.3889679308
0.3887678361
0.3884274623
0.3884274623
0.3881329458
0.3878155279
0.3874356856
0.3871258540
0.3868372566
0.3868372566
0.3864387507
0.3861379484
0.3856413361
0.3852989634
0.3850940529
0.3850940529
0.3849153557
0.3847240496
0.3847047504
0.3845627323
0.3845278474
0.3845278474
0.3844624672
0.3846100596
0.3846482858
0.3848762795
0.3849595380
0.3849595380
0.3849813099
0.3850110333
0.3850484167
0.3850430656
0.3849905196
0.3849905196
0.3849399877
0.3848830975
0.3847969599
0.3847590288
0.3847328866
0.3847328866
0.3847431588
0.3848131170
0.3848256137
0.3848849857
0.3848665260
0.3848665260
0.3847402065
0.3843608673
0.3843780075
0.3843720993
0.3842982541
0.3842982541
0.3842486460
0.3840581171
0.3838267376
0.3834915486
0.3832968527
0.3832968527
0.3828502784
0.3824956888
0.3818911425
0.3811238300
0.3806546632
0.3806546632
0.3801956702
0.3798221941
0.3793491071
0.3789856466
0.3787293211
0.3787293211
0.3785368450
0.3784963287
0.3784058668
0.3782171001
0.3779469967
0.3779469967
0.3773882975
0.3773952234
0.3773657563
0.3773459343
0.3527177533
0.3527177533
0.3513498541
0.3499947850
0.3487617598
0.3481104562
0.3478906964
0.3478906964
0.3482133543
0.3481517991
0.3482309783
0.3486519057
0.3494376911
0.3494376911
0.3500983905
0.3504511220
0.3508797513
0.3512929236
0.3513328025
0.3513328025
0.3510183712
0.3506741685
0.3501536741
0.3494693250
0.3491829164
0.3491829164
0.3490534346
0.3483515845
0.3473177538
0.3461633593
0.3452885642
0.3452885642
0.3447384459
0.3440592884
0.3434698690
0.3429693461
0.3424753254
0.3424753254
0.3426060608
0.3429450206
0.3434751877
0.3438179880
0.3440387137
0.3440387137
0.3445318977
0.3448315393
0.3450290726
0.3447877779
0.3447071746
0.3447071746
0.3448372741
0.3449533585
0.3450429494
0.3453340854
0.3457659121
0.3457659121
0.3461934911
0.3464912647
0.3469690122
0.3470329638
0.3471488351
0.3471488351
0.3474466005
0.3478067490
0.3482315480
0.3487462266
0.3492907386
0.3492907386
0.3496169902
0.3489908225
0.3480781983
0.3472267374
0.3460475359
0.3460475359
0.3455144430
0.3449706500
0.3444099787
0.3439291480
0.3435108236
0.3435108236
0.3433747603
0.3434572502
0.3431748057
0.3429022554
0.3427734270
0.3427734270
0.3427628668
0.3427887892
0.3428047172
0.3427479064
0.3427600153
0.3427600153
0.3429246215
0.3435388789
0.3447298099
0.3459133837
0.3462985440
0.3462985440
0.3471968297
0.3479645187
0.3487576679
0.3489814373
0.3486558458
0.3486558458
0.3480315295
0.3478872973
0.3479746176
0.3485637341
0.3489181312
0.3489181312
0.3490823931
0.3483191914
0.3482080565
0.3476831218
0.3467322688
0.3467322688
0.3455216418
0.3441655254
0.3432341737
0.3424737767
0.3422071536
0.3422071536
0.3435611774
0.3443209851
0.3440513694
0.3446552486
0.3450520198
0.3450520198
0.3454034106
0.3705385674
0.3709161654
0.3711811299
0.3714394759
0.3714394759
0.3716963870
0.3722622459
0.3725672109
0.3728774419
0.3732219206
0.3732219206
0.3738903080
0.3741934011
0.3745290706
0.3746616938
0.3744647539
0.3744647539
0.3748055061
0.3746099806
0.3749834878
0.3755912453
0.3760165994
0.3760165994
0.3765145172
0.3770596517
0.3777233580
0.3781755412
0.3786940403
0.3786940403
0.3788993343
0.3784685732
0.3789845399
0.3795111627
0.3800259448
0.3800259448
0.3805015578
0.3809563751
0.3813445410
0.3818270402
0.3824938644
0.3824938644
0.3827398802
0.3824175305
0.3827099740
0.3828669778
0.3830716134
0.3830716134
0.3832934789
0.3834555228
0.3834716924
0.3837706355
0.3841334694
0.3841334694
0.3844764665
0.3848956150
0.3850840553
0.3853526548
0.3855103198
0.3855103198
0.3849520871
0.3853487790
0.3857044156
0.3860808453
0.3864689470
0.3864689470
0.3867964522
0.3872915561
0.3876442643
0.3878815939
0.3882109617
0.3882109617
0.3885423189
0.3889653401
0.3888824633
0.3111237434
0.3108857002
0.3108857002
0.3106309194
0.3103239817
0.3103097393
0.3103081932
0.3101931497
0.3101931497
0.3098836681
0.3094647652
0.3091279057
0.3089054825
0.3088508523
0.3088508523
0.3091395840
0.3094280515
0.3094429631
0.3095344581
0.3094343503
0.3094343503
0.3090923281
0.3087895693
0.3085413812
0.3086030365
0.3087047214
0.3087047214
0.3088160668
0.3087941382
0.3088815258
0.3089646811
0.3086610835
0.3086610835
0.3076051085
0.3075540358
0.3076731483
0.3083714905
0.3084960853
0.3084960853
0.3082474347
0.3078762363
0.3075385967
0.3075170693
0.3075302606
0.3075302606
0.3073910142
0.3073217024
0.3072344895
0.3072981142
0.3649350106
0.3649350106
0.3650046210
0.3650305542
0.3650517246
0.3650875022
0.3651494637
0.3651494637
0.3651290165
0.3650466042
0.3649908985
0.3649714253
0.3649148804
0.3649148804
0.3648101265
0.3645188173
0.3644461471
0.3643660353
0.3642661927
0.3642661927
0.3642012419
0.3641132511
0.3640524693
0.3639874246
0.3639158084
0.3639158084
0.3638096672
0.3637715779
0.3636558174
0.3636160201
0.3635650418
0.3635650418
0.3634760118
0.3634422488
0.3634300236
0.3633940814
0.3633990727
0.3633990727
0.6109840325
0.6097908360
0.6102205610
0.6096483213
0.6080763014
0.6080763014
0.6078004610
0.6069878291
0.6065418260
0.6045349125
0.6027883656
0.6027883656
0.6032461122
0.6045925285
0.6052014473
0.6046961713
0.6038355066
0.6038355066
0.6019015684
0.5974322168
0.5931786858
0.5907546678
0.5895015453
0.5895015453
0.5881783666
0.5868571536
0.5856239556
0.5844174051
0.5831986386
0.5831986386
0.5820717730
0.5810728016
0.5801406393
0.5787659967
0.5771617137
0.5771617137
0.5754749872
0.5737493938
0.5724246888
0.5709187267
0.5694618536
0.5694618536
0.5676577656
0.5656125471
0.5638996506
0.5623122911
0.5609890848
0.5609890848
0.5594063942
0.5577828607
0.5566806482
0.5557111081
0.5547201682
0.5547201682
0.5536713946
0.5527937581
0.5518949546
0.5510357554
0.5502345968
0.5502345968
0.5497102639
0.5494194551
0.5489934085
0.5485932149
0.5482146168
0.5482146168
0.5479498931
0.5477445426
0.5475700384
0.5473218789
0.5470390434
0.5470390434
0.5468679458
0.5466671218
0.5464394938
0.5460625835
0.5458808396
0.5458808396
0.5451990516
0.5449953356
0.5445955407
0.5443351050
0.5440359265
0.5440359265
0.5437358492
0.5433510907
0.5431130077
0.5428668638
0.5426708631
0.5426708631
0.2772234159
0.2773300303
0.2775939355
0.2778237969
0.2780665824
0.2780665824
0.2782948295
0.2785277646
0.2788704596
0.2793019684
0.2795931179
0.2795931179
0.2798143742
0.2800582220
0.2803313242
0.2806304988
0.2809193233
0.2809193233
0.2811920465
0.2809177283
0.2811759762
0.2814171559
0.2817248039
0.2817248039
0.2820456826
0.2823121847
0.2824221242
0.2828136278
0.2828623812
0.2828623812
0.2830768985
0.2832865631
0.2834633991
0.2835341830
0.2836758660
0.2836758660
0.2838496759
0.2840799396
0.2842789987
0.2845722546
0.2848579159
0.2848579159
0.2851947277
0.2855403781
0.2859304923
0.2862454853
0.2864025575
0.2864025575
0.2864358451
0.2867280186
0.2866956795
0.2873571750
0.2880571440
0.2880571440
0.2888926720
0.2898581518
0.2910426913
0.2921053300
0.2929118122
0.2929118122
0.2929190768
0.2929619263
0.2929885803
0.2927491297
0.2926617337
0.2926617337
0.2929286435
0.2928342229
0.5171319456
0.5172911952
0.5174866054
0.5174866054
0.5177967077
0.5179894449
0.5183594086
0.5185230624
0.5186489528
0.5186489528
0.5187889722
0.5189391670
0.5190529602
0.5187942086
0.5188272517
0.5188272517
0.5188106704
0.5186968820
0.5181038773
0.5181844325
0.5182371122
0.5182371122
0.5182915602
0.5184092677
0.5185839410
0.5187005404
0.5187900000
0.5187900000
0.5187780910
0.5188262968
0.5188929312
0.5190136369
0.5191918829
0.5191918829
0.5192444624
0.5193858686
0.5195322593
0.5192867610
0.5194602443
0.5194602443
0.5196253944
0.5197075538
0.5196881033
0.5198229118
0.5199889450
0.5199889450
0.5202521429
0.5197757501
0.5200912343
0.5202082421
0.5203703889
0.5203703889
0.5205209844
0.5206535303
0.5207100793
0.5208876133
0.5209368274
0.5209368274
0.5212215439
0.5214473803
0.4934140174
0.4926851296
0.4925203030
0.4925203030
0.4926905969
0.4927725843
0.4923900985
0.4918884935
0.4920652150
0.4920652150
0.4914411748
0.4914456629
0.4910914841
0.4909440536
0.4907821258
0.4907821258
0.4903190822
0.4904956969
0.4903317540
0.4901616888
0.4896816426
0.4896816426
0.4891548055
0.4885297522
0.4881228518
0.4879152828
0.4876324119
0.4876324119
0.4873019726
0.4869316554
0.4869968699
0.4863213241
0.4857528857
0.4857528857
0.4855647171
0.4853999654
0.4848205034
0.4851741014
0.4848556377
0.4848556377
0.4841162811
0.4835480185
0.4829320996
0.4825572277
0.4825141937
0.4825141937
0.4823648562
0.4817870873
0.4814108868
0.4808359962
0.4808717532
0.4808717532
0.4806678383
0.4805743103
0.4802146662
0.4801113548
0.4798067127
0.4798067127
0.4798008958
0.4791127304
0.4789490229
0.4781040740
0.4773939177
0.4773939177
0.4769950404
0.4766026016
0.4762095393
0.4761374020
0.4755811570
0.4755811570
0.4757810991
0.4752163260
0.4751744430
0.4745483927
0.4742247184
0.4742247184
0.4737232428
0.4731337782
0.4724538858
0.4725960789
0.4721084696
0.4721084696
0.4714695254
0.4712351571
0.4709818367
0.4705730505
0.4702649841
0.4702649841
0.4695532310
0.6101966104
0.6098528173
0.6094685406
0.6090414088
0.6090414088
0.6085732283
0.6082423203
0.6079159273
0.6075868458
0.6072327990
0.6072327990
0.6068977117
0.6065264616
0.6061693578
0.6057272125
0.6053877445
0.6053877445
0.6054414822
0.6056419743
0.6059216455
0.6061498664
0.6066261480
0.6066261480
0.6074748467
0.6082225008
0.6090053102
0.6100090243
0.6104561565
0.6104561565
0.6109297925
0.6109384562
0.6109610477
0.6107880573
0.6106651255
0.6106651255
0.6105268547
0.6103841636
0.6102069259
0.6099352834
0.6095332597
0.6095332597
0.6091355637
0.6085294453
0.6081134287
0.6076540239
0.6072754358
0.6072754358
0.6068275942
0.6064633411
0.6060983226
0.6057387182
0.6054328323
0.6054328323
0.6050572804
0.6046059740
0.6042060855
0.6038063078
0.6034241600
0.6034241600
0.6029737374
0.6025825840
0.6022265968
0.6018717737
0.6015214526
0.6015214526
0.4224495703
0.4214983811
0.4198940975
0.4187325293
0.4180984605
0.4180984605
0.4180503838
0.4175713885
0.4167856505
0.4155512452
0.4141135503
0.4141135503
0.4128268206
0.4121852006
0.4132757991
0.4157074015
0.4172581839
0.4172581839
0.4183898186
0.4167264634
0.4158140643
0.4155731772
0.4157221071
0.4157221071
0.4167416963
0.4169575317
0.4172535044
0.4178866934
0.4193993555
0.4193993555
0.4200914907
0.4204117556
0.4207597260
0.4203248586
0.4194959867
0.4194959867
0.4187551004
0.4184717305
0.4182245974
0.4177905070
0.4164080153
0.4164080153
0.4149979015
0.4134435895
0.4116985700
0.4098330291
0.4082210562
0.4082210562
0.4063776117
0.4051273457
0.4048238909
0.4050431570
0.4059962829
0.4059962829
0.4070274433
0.4081150540
0.4096554436
0.4112939103
0.4127246465
0.4127246465
0.4140896110
0.4147336229
0.4146895686
0.4147480130
0.4151486967
0.4151486967
0.4153734664
0.4148761443
0.4140152612
0.4133220528
0.4126177988
0.4126177988
0.4120511591
0.4113433870
0.4107631302
0.4099867989
0.4092684383
0.4092684383
0.4083536238
0.6023620142
0.6001418082
0.5971987829
0.5941063753
0.5941063753
0.5907280987
0.5869411112
0.5828914037
0.5785071647
0.5744662099
0.5744662099
0.5700682026
0.5663785523
0.5631080577
0.5607353136
0.5590699361
0.5590699361
0.5569796262
0.5551045574
0.5531496243
0.5504942910
0.5471110031
0.5471110031
0.5434526296
0.5400188861
0.5359701406
0.5310159119
0.5257821996
0.5257821996
0.5199118950
0.5158201735
0.5136533102
0.5129988734
0.5127162007
0.5127162007
0.5130781996
0.5134626486
0.5136781431
0.5150858383
0.5156050674
0.5156050674
0.5168286878
0.5199364841
0.5227422493
0.5249368262
0.5254315337
0.5254315337
0.5251639834
0.5244931385
0.5236843081
0.5240359736
0.5251706506
0.5251706506
0.5255718416
0.5256340529
0.5257334250
0.5255476175
0.5263225111
0.5263225111
0.5274845617
0.5285516540
0.5292546521
0.5297899846
0.5305231056
0.5305231056
0.4196961035
0.4198696619
0.4199911889
0.4201778177
0.4202362731
0.4202362731
0.4202720098
0.4203673910
0.4203947007
0.4204731352
0.4204723252
0.4204723252
0.4205736378
0.4205840547
0.4206284205
0.4203886961
0.4204917102
0.4204917102
0.4205731125
0.4206193790
0.4205957257
0.4206485180
0.4206645885
0.4206645885
0.4206715652
0.4200041694
0.4200800479
0.4201416775
0.4202112842
0.4202112842
0.4202532009
0.4203663720
0.4204499762
0.4206150087
0.4206804636
0.4206804636
0.4208679322
0.4208989359
0.4210720318
0.4211007444
0.4212763260
0.4212763260
0.4214028096
0.4214853726
0.4214568454
0.4215874798
0.4216650801
0.4216650801
0.4217100182
0.4216259920
0.4215821390
0.4214555993
0.4213250363
0.4213250363
0.4210311119
0.4210166859
0.4211216899
0.4211589220
0.4211264961
0.4211264961
0.4212268637
0.4212664124
0.4213594963
0.4214372159
0.4215378854
0.4215378854
0.4216172247
0.4216944250
0.4216597267
0.4217249684
0.4217466976
0.4217466976
0.4218413802
0.4217126890
0.4217839031
0.4217593125
0.4218404256
0.4218404256
0.4218803670
0.4219697226
0.4298880451
0.4298624033
0.4298448785
0.4298448785
0.4299823476
0.4302196853
0.4305536335
0.4308099711
0.4310047655
0.4310047655
0.4311400012
0.4312681570
0.4312151774
0.4314171997
0.4315232283
0.4315232283
0.4316983441
0.4314901829
0.4316853336
0.4317938681
0.4318863674
0.4318863674
0.4319204095
0.4321003276
0.4322783826
0.4323592519
0.4325387659
0.4325387659
0.4328561033
0.4329389338
0.4328943471
0.4327944836
0.4332440227
0.4332440227
0.4347203113
0.4357473462
0.4362431968
0.4356803946
0.4352243025
0.4352243025
0.4354934086
0.4355908120
0.4354218485
0.4348733957
0.4340350821
0.4340350821
0.4331948558
0.4324613072
0.4318564635
0.4313827151
0.4308880925
0.4308880925
0.4307319499
0.4307930482
0.4309504366
0.4310043649
0.4310750024
0.4310750024
0.4310824329
0.4309749640
0.4306754198
0.4307178651
0.4307994710
0.4307994710
0.4309778923
0.4309063559
0.4310961493
0.4313592167
0.4316820946
0.4316820946
0.4318315060
0.4319459496
0.4318845879
0.4321327112
0.4325104703
0.4325104703
0.4327656847
0.4326757895
0.4328379555
0.4320253138
0.4321071424
0.4321071424
0.4321681080
0.4322137881
0.4320810217
0.4320079003
0.4318905343
0.4318905343
0.4317652194
0.4316344860
0.4314836090
0.4313959437
0.4313483706
0.4313483706
0.4313520650
0.4314809981
0.4316759370
0.4318456287
0.4314821978
0.4314821978
0.4316187699
0.4317057331
0.4317209090
0.4317363938
0.4317907562
0.4317907562
0.4318602682
0.0219561403
0.0219367137
0.0219242714
0.0219164220
0.0219164220
0.0219132524
0.0219408830
0.0219765315
0.0220496009
0.0221164408
0.0221164408
0.0223434704
0.0224527832
0.0225345248
0.0226454531
0.0227378155
0.0227378155
0.0228791201
0.0230379681
0.0232324441
0.0234263576
0.0237001657
0.0237001657
0.0239609177
0.0241950676
0.0244510380
0.0246638843
0.0248866127
0.0248866127
0.0251248971
0.0253096534
0.0254927232
0.0256998914
0.0260126127
0.0260126127
0.0263358940
0.0266711957
0.0270080619
0.0273109280
0.0276339250
0.0276339250
0.0280316769
0.0284237163
0.0288326195
0.0290969018
0.0294287874
0.0294287874
0.0299814230
0.0303766956
0.0309723567
0.0313607731
0.0316771130
0.0316771130
0.0319047282
0.0322278521
0.0325583821
0.0328835782
0.0332109531
0.0332109531
0.0334616162
0.0337186139
0.0340182637
0.0342715171
0.0345991527
0.0345991527
0.0350182449
0.0353008225
0.0355505799
0.0359219051
0.0362561129
0.0362561129
0.0367136585
0.0372951018
0.0377901536
0.0385388364
0.0392337754
0.0392337754
0.0399383271
0.0404858187
0.0411264593
0.0417105595
0.0422046161
0.0422046161
0.0427087024
0.0432060626
0.0437278571
0.0443390724
0.0448877605
0.0448877605
0.0454570804
0.0460685981
0.0466835820
0.0473100720
0.0478638180
0.0478638180
0.0484307759
0.0488860514
0.0494503134
0.0499286171
0.0503340029
0.0503340029
0.0507580303
0.0511505398
0.0515834867
0.0518780708
0.0522849793
0.0522849793
0.0526218696
0.0530288205
0.0534134335
0.0538954515
0.0542684430
0.0542684430
0.0545805341
0.0549191018
0.0553030930
0.0555595594
0.0557533761
0.0557533761
0.0560109619
0.0562681272
0.0565831246
0.0568386999
0.0571509868
0.0571509868
0.0574238489
0.0576923167
0.0579210040
0.0580582888
0.0581854572
0.0581854572
0.0582774717
0.0583406347
0.0583802186
0.0583242660
0.0581651739
0.0581651739
0.0581422505
0.0581141056
0.0580400960
0.0577653088
0.0576197275
0.0576197275
0.0573963631
0.0572147550
0.0569615526
0.0568692821
0.0567034758
0.0567034758
0.0566190818
0.0564956751
0.0563793766
0.0560188898
0.0557791958
0.0557791958
0.0553626083
0.0551126042
0.0547525921
0.0543999454
0.0540281528
0.0540281528
0.0537324900
0.0551221473
0.0595934612
0.0646253872
0.0692172716
0.0692172716
0.0740424360
0.0789248312
0.0825605333
0.0870175429
0.0917651807
0.0917651807
0.0965306971
0.1015795462
0.1064345235
0.1117346193
0.1157540877
0.1157540877
0.1210105204
0.1264773494
0.1317322347
0.1379581315
0.1410514755
0.1410514755
0.1454099179
0.1508020558
0.1560874533
0.1620523913
0.1679506348
0.1679506348
0.1738151825
0.1782049068
0.1838521986
0.1891416542
0.1946200158
0.1946200158
0.2019399545
0.2059727481
0.2118484477
0.2176435896
0.2232926698
0.2232926698
0.2292962233
0.2349310508
0.2418288771
0.2468195135
0.2530244931
0.2530244931
0.2588485696
0.2649707725
0.2726956039
0.2773298918
0.2839131922
0.2839131922
0.2901296856
0.2965857922
0.3031249772
0.3091542726
0.3157196993
0.3157196993
0.3222906023
0.3286521333
0.3350175831
0.3416399363
0.3487583183
0.3487583183
0.3533380205
0.3607842725
0.3613331332
0.3615531990
0.3617877735
0.3617877735
0.3619490249
0.3621717072
0.3623807513
0.3625490017
0.3627639061
0.3627639061
0.3629211390
0.3630896693
0.3618712433
0.3620117187
0.3621009012
0.3621009012
0.3621833381
0.3622541341
0.3623802088
0.3625078093
0.3627120308
0.3627120308
0.3632922959
0.3636821157
0.3641543708
0.3645326072
