0.1886180753
0.1886180753
0.1886180753
0.1886180753
0.1886180753
0.1886180753
0.1886180753
0.1886180753
0.1886180753
0.1886180753
0.1886180753
0.1886180753
0.1886180753
0.1886180753
0.1886180753
0.1886180753
0.1886180753
0.1886180753
0.1886180753
0.1886180753
0.1886180753
0.1886180753
0.1886180753
0.1886180753
0.1886180753
0.1886180753
0.1886180753
0.1886180753
0.1886180753
0.1886180753
0.1886180753
0.1886180753
0.1886180753
0.1886180753
0.1886180753
0.1886180753
0.1886180753
0.1886180753
0.1886180753
0.1886180753
0.1886180753
0.1886180753
0.1893052711
0.1923307832
0.1941208131
0.1976925471
0.1992982217
0.1980052879
0.1922896141
0.1863681516
0.1793377743
0.1727854629
0.1654037888
0.1578416343
0.1516200532
0.1453365773
0.1404333269
0.1357716903
0.1320987319
0.1318416966
0.1320550828
0.1340465013
0.1364344188
0.1388987449
0.1401443812
0.1410032396
0.1412716308
0.1404683982
0.1383196768
0.1354363624
0.1343311413
0.1295262904
0.1293724335
0.1257860875
0.1256751242
0.1234137162
0.1237266284
0.1207464822
0.1215999058
0.1202691359
0.1180403886
0.1159711708
0.1161758853
0.1163235901
0.1158971031
0.1154881101
0.1127917296
0.1090913177
0.1008953308
0.0934920983
0.0874707126
0.0809796781
0.0761817404
0.0715230784
0.0681582725
0.0653110342
0.0634701018
0.0615323911
0.0601963501
0.0599035943
0.0597749358
0.0595400008
0.0595358589
0.0595084646
0.0594116649
0.0592640162
0.0591803131
0.0590022037
0.0588665487
0.0586301717
0.0585018444
0.0581632840
0.0581152308
0.0580510172
0.0580567557
0.0580464707
0.0580552021
0.0580426576
0.0580373378
0.0579555452
0.0579576905
0.0579013037
0.0579202082
0.0579023926
0.0578900375
0.0578733733
0.1777623333
0.1777545525
0.1777256083
0.1776078158
0.1776213910
0.1776102980
0.1776004800
0.1776012255
0.1821185013
0.1822571018
0.1819268891
0.1819672726
0.1828032635
0.1828096726
0.1826328803
0.1826897388
0.1847141300
0.1847136303
0.1866308279
0.1866464423
0.1854810349
0.1855275279
0.1816668537
0.1816654912
0.1816534964
0.1816105925
0.1816144244
0.1816424635
0.1816441997
0.1816350535
0.1816524657
0.1816225687
0.1816101433
0.1816076436
0.1815940336
0.1815752097
0.1815661891
0.1815702380
0.1815698163
0.1815701310
0.1815702673
0.1815635155
0.1815916018
0.1814631673
0.1814523225
0.0412664695
0.0412999861
0.0413299789
0.0413086529
0.0413603530
0.0413774231
0.0414364663
0.0414152438
0.0416288050
0.0418805549
0.0421689761
0.0423668896
0.0426270732
0.0429625588
0.0430808759
0.0432077311
0.0435070073
0.0439984205
0.0443493380
0.0446814719
0.0451454865
0.0456943094
0.0463639450
0.0472820828
0.0480024729
0.0483464149
0.0492543326
0.0502371270
0.0506353626
0.0505944881
0.0512000081
0.0527766269
0.0534555127
0.0533093272
0.0539157046
0.0546935463
0.0553035065
0.0564140991
0.0572419107
0.0577624766
0.0582406573
0.0587189237
0.0595469185
0.0619360265
0.0627511405
0.0622565783
0.0628750877
0.0632382006
0.0640646560
0.0672241259
0.0679605036
0.0658899710
0.0662970990
0.0670550845
0.0674146226
0.0692536902
0.0696325418
0.0699855468
0.0702425063
0.0704221209
0.0704963465
0.0702110159
0.0701892069
0.0697232832
0.0697118329
0.0690849082
0.0691094747
0.0688294167
0.0688513494
0.0696379498
0.0696436471
0.0696573964
0.0696527960
0.0696477093
0.0696475628
0.0696569469
0.0696548107
0.0696448179
0.0696477082
0.0696722774
0.0696766923
0.0696823112
0.0696567381
0.0696566593
0.0696661944
0.0696578495
0.0696667569
0.0696842787
0.0696774783
0.0696931189
0.1192649121
0.1192952077
0.1193111375
0.1193071078
0.1193040287
0.1192963838
0.1192930509
0.1193018811
0.1193230798
0.1193402057
0.1193209698
0.1193386626
0.1193304515
0.1193286481
0.1193074287
0.1193170656
0.1193218744
0.1193241367
0.1193226960
0.1192883286
0.1193387447
0.1210907478
0.1210814478
0.1209664918
0.1209694228
0.1213804739
0.1213948748
0.1225023274
0.1225130893
0.1201072401
0.1201015680
0.1187612512
0.1188050087
0.1188111961
0.1188038975
0.1248412549
0.1248810411
0.1279136974
0.1279066183
0.1294908942
0.1294324989
0.1326006205
0.1325932522
0.1316219377
0.1315318781
0.1358611518
0.1358963191
0.1328979890
0.1328884856
0.1346201425
0.1346320330
0.1356488135
0.1356210922
0.1357553414
0.1357466969
0.1348668829
0.1348564148
0.1341706922
0.1341598725
0.1342918665
0.1265406361
0.1147101077
0.1147136352
0.1110784784
0.1110495502
0.1115900903
0.1115420264
0.1092773882
0.1092407772
0.1112887519
0.1103529438
0.1101959382
0.1102912910
0.2342025138
0.2341742836
0.2341738894
0.2341135252
0.2350883136
0.2351744769
0.2369995469
0.2370346012
0.2385556929
0.2387112304
0.2405826926
0.2408260150
0.2416049353
0.2417298840
0.2451828512
0.2451825919
0.2412033464
0.2412014681
0.2433527270
0.2434529446
0.2430749874
0.2431336342
0.2419666658
0.2420493990
0.2418416014
0.2420150897
0.2408435178
0.2409149787
0.2423266153
0.2422534957
0.2420463854
0.2420909948
0.2432939585
0.2432722134
0.2400318618
0.2400396053
0.2419864814
0.2419836106
0.2388604238
0.2388768820
0.2401375315
0.2401453239
0.2401453007
0.2400752504
0.1267982403
0.1267167157
0.1276802820
0.1276931310
0.1266055307
0.1267350792
0.1302537593
0.1301294657
0.1300639288
0.1300747648
0.1287220342
0.1288440043
0.1290298662
0.1289625026
0.1306871381
0.1305907515
0.1305407226
0.1308409711
0.1344694872
0.1343163624
0.1489699187
0.1450754770
0.1382331469
0.1382188376
0.1444139653
0.1584298143
0.1557059833
0.1557987506
0.1586358422
0.1584536260
0.1588013155
0.1594327268
0.1563498854
0.1563472680
0.1592894171
0.1592892201
0.1593153158
0.1593117577
0.1593151074
0.1592855622
0.1592843182
0.1592855485
0.1592924621
0.1592908713
0.1592918082
0.1592927064
0.1592925816
0.1592349696
0.1592261909
0.2130274154
0.2130228042
0.2121141112
0.2122129453
0.2156663043
0.2159410093
0.2148232927
0.2149734889
0.2143456135
0.2143703267
0.2150359627
0.2150369684
0.2134877415
0.2134420759
0.2143459511
0.2143393625
0.2146865036
0.2146877123
0.2139899239
0.2139877870
0.2133528957
0.2133625127
0.2158730192
0.2158808003
0.2136941630
0.2137041128
0.2136708707
0.2136787650
0.2131214104
0.2131156992
0.2145324032
0.2145309545
0.2145293012
0.2145296452
0.2145390573
0.2145356699
0.2145402752
0.2145421371
0.2145722344
0.2160080330
0.2159699141
0.2186358052
0.2187038338
0.2188792496
0.2190020013
0.2199861772
0.2200328733
0.2171421161
0.2170530975
0.2154551228
0.2154403590
0.2132672124
0.2132420567
0.2143786985
0.2143488407
0.2143484702
0.2143527760
0.2126924425
0.2126964957
0.2100226786
0.2128461794
0.2187497941
0.2187392161
0.2182164459
0.2258725828
0.2277842394
0.2277711589
0.2255425731
0.2247422035
0.2232206041
0.2169481382
0.2223615052
0.2224708387
0.2160687427
0.2160482243
0.2272296933
0.2272463429
0.2316828980
0.2241452719
0.2261849271
0.2261958327
0.2244713191
0.2244501400
0.2238381381
0.2238558786
0.2249821560
0.2249769544
0.2233435555
0.2233664263
0.2237127095
0.2237061100
0.2218218352
0.2218268965
0.2218121414
0.2218087398
0.2218150807
0.2218162998
0.2218168658
0.2218188751
0.2218173452
0.2218176609
0.1063771773
0.1063252507
0.1063345549
0.1063263412
0.1063087614
0.1063105055
0.1063044972
0.1063254478
0.1063080405
0.1063338069
0.1024455874
0.1024010231
0.1032658797
0.1032108888
0.1054075689
0.1053940761
0.1042139235
0.1042814924
0.1034837793
0.1034789572
0.1028700826
0.1007184548
0.1012890524
0.1113355352
0.1064164582
0.1165625754
0.1267933565
0.1307839862
0.1273265309
0.1250921835
0.1234191299
0.1233693433
0.1233940276
0.1205075776
0.1205250097
0.1194242534
0.1195004135
0.1193055912
0.1193874509
0.1206214264
0.1206967572
0.1191022126
0.1191126470
0.1210799123
0.1211282756
0.1227329427
0.1227129832
0.1219195893
0.1219114485
0.1203383089
0.1203404597
0.1196786714
0.1196941675
0.1215499041
0.1215634344
0.1184632992
0.1184504266
0.1193400854
0.1193551972
0.1213530939
0.1213984668
0.1215708844
0.1215468836
0.1221187098
0.1205437917
0.1182430008
0.1160440793
0.0000613779
0.2099828436
0.2139129936
0.2157158815
0.2114115442
0.1843229555
0.1736771525
0.1683490267
0.1632128498
0.1519948431
0.1432320807
0.1305772622
0.1341751896
0.1400432382
0.1471063984
0.1482323053
0.1530788411
0.1549957806
0.1622921280
0.1648884952
0.1540192652
0.1320372867
0.1334557485
0.1293445105
0.1171005279
0.1108576211
0.1042887058
0.0987984264
0.1005305845
0.1000922698
0.1005926863
0.0984706251
0.0987172501
0.0980660508
0.0982878732
0.0990968906
0.0991812955
0.0982803141
0.0983834846
0.0982983542
0.0982602611
0.0990209831
0.0990949663
0.0975583688
0.0976189229
0.0981056707
0.0981879580
0.0978923293
0.0978832580
0.2006242686
0.2006053303
0.1988693180
0.1989159186
0.2034445083
0.2034704690
0.2022349120
0.2021899825
0.1988258801
0.1988519995
0.1988639569
0.1988828901
0.1988845988
0.1989623578
0.1989616700
0.1989537028
0.1989712574
0.3064455085
0.3064611223
0.3102702625
0.3102609192
0.3157215528
0.3158383511
0.3173560796
0.3174076816
0.3176863818
0.3178321735
0.3162935834
0.3166249452
0.3185871450
0.3184114610
0.3200333196
0.3202766271
0.3203105070
0.3203152477
0.3243547508
0.3243751187
0.3200896186
0.3201069801
0.3173343385
0.3173435184
0.3156638123
0.3156578902
0.3165867047
0.3165840578
0.3161057889
0.3161200952
0.3202411251
0.3202773089
0.3243118272
0.3243486098
0.3200274407
0.1084166795
0.1081324532
0.1081832433
0.1084496096
0.1085728150
0.1087636601
0.1091541830
0.1093735115
0.1094711961
0.1098304659
0.1105340486
0.1109303181
0.1114785135
0.1113462042
0.1117584905
0.1119539031
0.1123356632
0.1126113801
0.1128358571
0.1131904295
0.1137604695
0.1140869031
0.1146622829
0.1149900091
0.1157018257
0.1159069942
0.1160622999
0.1164949768
0.1170614631
0.1173754891
0.1174763907
0.1176139256
0.1177468731
0.1177001230
0.1177211911
0.1178340907
0.1181986359
0.1182726181
0.1182213835
0.2018598420
0.2018304416
0.1856108331
0.1655544288
0.1462918666
0.1279495729
0.1527836995
0.1762355639
0.2128094494
0.2100999209
0.2053550307
0.1885388600
0.1737128861
0.1779293506
0.1886340204
0.2267094247
0.2034944718
0.1799578244
0.1517469270
0.1550344773
0.1771503146
0.1861273932
0.2207250983
0.2235379982
0.2225368851
0.2177431540
0.2161253620
0.2194560553
0.2143300227
0.1947879360
0.1685885406
0.1366772843
0.1717432141
0.1946537570
0.2344690421
0.2165938023
0.1951184062
0.1752129573
0.1721386720
0.1848656006
0.1943256071
0.1950497071
0.1920216497
0.2217217672
0.2272190990
0.2014252181
0.1873009483
0.1465145157
0.1644866248
0.1736004958
0.2131371264
0.2285090037
0.2150427207
0.2149962225
0.1952386155
0.1709519741
0.1432739682
0.1287177135
0.1439705299
0.1769553987
0.2081286585
0.2000823255
0.1832569715
0.1715615101
0.1530159802
0.1661707868
0.1878265614
0.2082088298
0.1829202064
0.1619596900
0.1326795169
0.1423072300
0.1620932930
0.1817270963
0.2108661659
0.2113793242
0.2133937671
0.2132695008
0.2106896301
0.2104583668
0.1980524562
0.1765869532
0.1498152070
0.1225954959
0.1518770478
0.1830228632
0.2140361119
0.2006244709
0.1800702155
0.1593689356
0.1538626572
0.1601343825
0.1704331147
0.1833083755
0.1903033670
0.2005792408
0.2155368745
0.1854275586
0.1579677307
0.1261112270
0.1467495227
0.1645772103
0.3882039810
0.3881796498
0.3613469079
0.3302567957
0.2955494821
0.2581003782
0.2876396988
0.3334872551
0.3722425263
0.3669109591
0.3480703827
0.3261520940
0.3015150200
0.3066012461
0.3114014633
0.3073722819
0.2689072013
0.2418779784
0.2315997683
0.2313707446
0.2354346428
0.2355751665
0.2368285964
0.2367343717
0.2379770311
0.2380216360
0.2397300600
0.2397383490
0.2376660157
0.2375671470
0.2396948409
0.2397661364
0.2420817198
0.2421078920
0.2420071890
0.2420092889
0.2418548576
0.2419050070
0.2407652003
0.2406444542
0.2395841210
0.2395714783
0.2401122893
0.2401414949
0.2417618909
0.2417537124
0.2414095079
0.2413819997
0.2411475452
0.2411266371
0.2406713307
0.2406991109
0.2400502640
0.2400453951
0.2401163483
0.2401177225
0.2417251315
0.2417161511
0.2413964077
0.2414344576
0.2411061145
0.2411163799
0.2407007667
0.2406806643
0.2396919905
0.2398896172
0.2406505882
0.2406151790
0.2406200254
0.2407620644
0.2383276401
0.2383780048
0.2378784786
0.2377586597
0.2353208012
0.2353176370
0.2345325925
0.2345168901
0.2348338244
0.2348465557
0.2346040629
0.2346018425
0.2355662607
0.2353970788
0.2322395459
0.2322297019
0.2335698659
0.2334705456
0.2311981371
0.2311686363
0.2337183890
0.2337329722
0.2364631459
0.2364025751
0.2330691665
0.2331175051
0.2327591505
0.2327305980
0.2329043867
0.2328939864
0.2336506368
0.2498769778
0.2604967233
0.2651301306
0.2658859694
0.2542819228
0.2780305779
0.3214874375
0.3659608078
0.3710081682
0.3367778939
0.3159319143
0.2989489515
0.3116266546
0.3439866417
0.3815209523
0.3557461302
0.3171548307
0.2692103954
0.2861400524
0.3217581321
0.3310530710
0.3366667335
0.4503761531
0.3684653500
0.3666944045
0.3533534901
0.3296699946
0.3685392486
0.3152977227
0.2813194567
0.3035831317
0.3294394576
0.3534189694
0.3430483955
0.4194754995
0.3230904063
0.3064939838
0.3205286506
0.3401078648
0.3481642747
0.3295333725
0.3198816649
0.2526515421
0.2715593788
0.3958009083
0.3465016077
0.3680973891
0.2482547908
0.2477555811
0.2480574436
0.2479254105
0.2481877166
0.2441837599
0.2428202457
0.2413314833
0.2397327702
0.2394111796
0.2247817672
0.2059553381
0.1895326339
0.1683905539
0.1479473462
0.1356623915
0.1355700244
0.1364897384
0.1400765102
0.1409136605
0.1411344934
0.1435598671
0.1475337261
0.1967771155
0.2478004633
0.2461734327
0.2485174335
0.2486497485
0.2564951409
0.2666247095
0.2727858619
0.2767476569
0.2783412405
0.2842249473
0.2843364114
0.2857931556
0.2792122779
0.2819299716
0.2784252735
0.2773175152
0.2772473340
0.2734848545
0.2659482519
0.2692320996
0.2668854110
0.2659107919
0.2703703125
0.2712357983
0.2863369018
0.2882318863
0.2782830639
0.2718769897
0.2608869783
0.2586378630
0.2533368045
0.2462188755
0.2379225811
0.2391684668
0.2277660205
0.2207239269
0.2150523495
0.2063835003
0.2014861992
0.1978028708
0.1941693151
0.1928482165
0.1899558650
0.1867806026
0.1835310049
0.1767329300
0.1745816228
0.1714955623
0.1661126490
0.1645289001
0.1548530576
0.1528940828
0.1495940356
0.1419934084
0.1409908524
0.1363677649
0.1302320252
0.1287976382
0.1223552767
0.1189313665
0.1156946282
0.1165038009
0.1165690202
0.1165422299
0.1142831925
0.1144029534
0.1136241423
0.1136093545
0.1136017245
0.1138298383
0.1138060100
0.1138142928
0.1139056562
0.1139255676
0.1136699789
0.1136731137
0.1135834629
0.1136339973
0.1135988687
0.1134894595
0.1130254847
0.1129937496
0.1141482061
0.1141400117
0.1142275705
0.1131841665
0.1131648091
0.1131759845
0.1133673130
0.1133909600
0.1136622674
0.1136906327
0.1136836783
0.1133327728
0.1133374777
0.1133679362
0.1142533154
0.1142656101
0.1120280322
0.1119874696
0.1119468714
0.1110177883
0.1114072008
0.1115099899
0.1097711498
0.1097350404
0.1076726648
0.1076857499
0.1076959306
0.1051976660
0.1051755856
0.1051625168
0.1006716954
0.1006614357
0.0959068700
0.0958929458
0.0958849640
0.0937914882
0.0937695555
0.0937531242
0.0936541020
0.0936732662
0.0937513999
0.0937339893
0.0937252097
0.0933874961
0.0933733417
0.0933933612
0.0934166032
0.0934130025
0.0940888536
0.0941085750
0.0940989464
0.0945765945
0.3293077401
0.3292969450
0.3277831142
0.3279134901
0.3215488747
0.3169809943
0.3172038371
0.3146161156
0.3146177749
0.3094380544
0.3034425759
0.3035805412
0.3036230532
0.3036196887
0.2859110086
0.2859241333
0.2859219417
0.2759495530
0.2760973554
0.2761649216
0.2696594289
0.2696434956
0.2697279031
0.2697498962
0.2715906656
0.2715905109
0.2715973306
0.2679569200
0.2682263261
0.2681876220
0.2647200406
0.2648757185
0.2648893372
0.2648916326
0.2671184938
0.2672073622
0.2672117454
0.2659872768
0.2659893203
0.2659807031
0.2666234701
0.2667063470
0.2667258290
0.2667253286
0.2654426204
0.2654629694
0.2654645617
0.2669965044
0.2669958763
0.2670172678
0.2655734502
0.2655326096
0.2655404494
0.2655517849
0.2653214408
0.2640525372
0.2640516095
0.2640871037
0.2640969692
0.2630543131
0.2632329401
0.2631705581
0.2609997264
0.2610012748
0.2605513833
0.2595823280
0.2595844567
0.2605696126
0.2606253390
0.2524694399
0.2511376151
0.2511657642
0.2519127581
0.2519246493
0.2496292846
0.2492858160
0.2492723977
0.2487722527
0.2488313207
0.2515993532
0.2531110154
0.2530710751
0.2532482576
0.2532414459
0.2527993157
0.2513132582
0.2513466224
0.2475531251
0.2475356630
0.2438475944
0.2423307830
0.2422913159
0.2405233122
0.2405297837
0.2440077118
0.2453339566
0.2452924946
0.2468611097
0.2468411255
0.2461088406
0.2460486384
0.2460893453
0.2407543372
0.2407430061
0.2370647261
0.2337534714
0.2336826471
0.2328299843
0.2328206416
0.2406128678
0.2336711482
0.2336968511
0.2339686386
0.2339838152
0.2309308756
0.2383908093
0.2384772933
0.2383580227
0.2384029372
0.2530502116
0.2533166259
0.2533487285
0.2617964917
0.2617696283
0.2615357472
0.2668678333
0.2668788053
0.2667315360
0.2667385391
0.2689796469
0.2713893336
0.2713763954
0.2713765856
0.2713951574
0.2713776142
0.2713760974
0.2713868345
0.2713846420
0.2713906251
0.2713853045
0.1248781721
0.1255809018
0.1256962226
0.1259644453
0.1266099842
0.1251181004
0.1245860814
0.1256199113
0.1249837248
0.1258078316
0.1257876904
0.1256862485
0.1257253644
0.1253878328
0.1253934733
0.1258869245
0.1260376949
0.1245801280
0.1251672971
0.1269159276
0.1263790723
0.1251254217
0.1245079110
0.1253962981
0.1254005856
0.1267033623
0.1267074051
0.1245237250
0.1243781954
0.1289930188
0.1287803308
0.1243505821
0.1353982955
0.1250984981
0.1343914521
0.1229606920
0.1154899757
0.1121111813
0.1041530188
0.1041791352
0.1008572004
0.1008640108
0.1039271015
0.1051521363
0.1080120503
0.1092399404
0.1114761789
0.1114432543
0.1117018587
0.1116966294
0.1103394507
0.1103497086
0.1103421330
0.1103311632
0.1103293682
0.1103660232
0.1103347588
0.1103293840
0.1103186430
0.1103302752
0.1103262110
0.1102883836
0.1103119421
0.1103246517
0.1103177147
0.1103066578
0.1103185624
0.1103627316
0.1103510371
0.1103767169
0.1103588301
0.1103533669
0.1103600615
0.1103698247
0.1108917993
0.1108486196
0.1112123184
0.1112482807
0.1112263988
0.1093967589
0.1104565684
0.1109658846
0.1095255274
0.1115530920
0.1115075310
0.1137462709
0.1137140577
0.1115674069
0.1115368182
0.1112020946
0.1111892051
0.1111802374
0.1121355986
0.1121277954
0.1121211347
0.1121374567
0.1121488677
0.1121205259
0.1121484126
0.1121304674
0.1121598242
0.1121336082
0.1121325623
0.1121511705
0.1121500849
0.1121196088
0.1121815944
0.1121506836
0.1121674349
0.1121419133
0.1121366227
0.1121316728
0.1121446960
0.1121234938
0.1121308350
0.1121080832
0.1121423588
0.1121218888
0.1121427195
0.1121321991
0.1121539670
0.1121432130
0.1121384802
0.1104969044
0.1105116272
0.1119482219
0.1119969513
0.1119965262
0.1119571646
0.1094480150
0.1094113663
0.1110092897
0.1110346396
0.1114115825
0.1113985742
0.1103567463
0.1104040451
0.1107793333
0.1107617502
0.1107697635
0.1107961126
0.1107790315
0.1107600213
0.1107755870
0.1107985100
0.1108151833
0.1107942739
0.1107737883
0.1108006559
0.1107724384
0.1107850011
0.1107808807
0.1107988969
0.1107779861
0.1107623570
0.1107991963
0.1107598010
0.1106572700
0.1107135562
0.1105248375
0.1105768869
0.1104117222
0.1104033223
0.1106146633
0.1106249982
0.1106340100
0.1099727270
0.1100183679
0.1100382913
0.1100581077
0.1100206637
0.1100475163
0.1100241299
0.1062845655
0.1062891128
0.1062722615
0.1065689709
0.1065839532
0.1065841725
0.1065830960
0.1064964000
0.1064998636
0.1064838364
0.1064853123
0.1064089143
0.1064158682
0.1069833798
0.1056212351
0.1051018838
0.1051013979
0.1060391011
0.1060435774
0.1064998855
0.1064988849
0.1067883054
0.1067840886
0.1067833181
0.1067844888
0.1067860099
0.1067857205
0.1067728867
0.1067731194
0.1067760522
0.1067770651
0.1068416008
0.1068500622
0.1068755758
0.1068855672
0.1074314461
0.1074416103
0.1074263132
0.1074306312
0.1074255503
0.1074316087
0.1074090746
0.1074176539
0.1076304006
0.1076425505
0.1076422804
0.1076462176
0.1071516581
0.1071602957
0.1081024477
0.1081186229
0.1098275945
0.1098371712
0.1090951822
0.1091069451
0.1094454388
0.1094425464
0.1094803400
0.1094837304
0.1088649237
0.1088708281
0.1092266558
0.1092319180
0.1091954627
0.1083813395
0.1083507218
0.1090662435
0.1091169355
0.1086902004
0.1086938923
0.1085763708
0.1085571759
0.1088303225
0.1088709001
0.1242013277
0.1231973692
0.1269907728
0.1269637820
0.1268500140
0.1268556118
0.1293963078
0.1294255063
0.1288282545
0.1287171147
0.1269572843
0.1269181201
0.1303092008
0.1303659438
0.1279303549
0.1278618547
0.1278487335
0.1278520133
0.1278411118
0.1278553920
0.1278599342
0.1278601750
0.1278494054
0.1278566047
0.1278790268
0.1277038152
0.1289563842
0.1290895488
0.1463583411
0.1456866688
0.1587934317
0.1698081705
0.1630863415
0.1744687038
0.1731847988
0.1524038051
0.1320289478
0.1276080289
0.1192617263
0.1208172314
0.1211508834
0.1216682589
0.1192819271
0.1193057232
0.1192324133
0.1203411212
0.1193497080
0.1198665492
0.1196911283
0.1192177024
0.1178751454
0.1178040651
0.1181569970
0.1181620309
0.1181095758
0.1206647278
0.1207241224
0.1190642158
0.1230572983
0.1238066540
0.1314117731
0.1314176507
0.1343440106
0.1370167558
0.1333418364
0.1353133820
0.1356347301
0.1376715884
0.1373451718
0.1375369610
0.1367394803
0.1374942761
0.1369422844
0.1362755685
0.1362313294
0.1355023640
0.1354942401
0.1353738914
0.1972138949
0.1952650240
0.1935866677
0.1916242766
0.1973549693
0.1962186719
0.1989563331
0.1984230356
0.2012268449
0.2011418343
0.2045440841
0.2061442299
0.2042627508
0.2057154024
0.2041184712
0.2047959929
0.2028360074
0.2034397338
0.2024476540
0.2025093177
0.2016328633
0.2007188645
0.1997785237
0.1993977016
0.1987826043
0.1981074177
0.1987677518
0.1979592912
0.1973640291
0.1283113657
0.1282755894
0.1272317108
0.1249700248
0.1256093339
0.1261385147
0.1261118788
0.1250917057
0.1251792819
0.1246014262
0.1251898328
0.1252014644
0.1265505419
0.1281470497
0.1275011693
0.1280319887
0.1280635272
0.1284820829
0.1284577367
0.1280406561
0.1286826612
0.1288269928
0.1272055455
0.1404753617
0.1330247781
0.1334000691
0.1395562695
0.1256049600
0.1442020946
0.1427364078
0.1153232852
0.0973154753
0.0972300592
0.0999277474
0.1004822981
0.1004262368
0.1003753576
0.1028286905
0.1028435091
0.1028547614
0.1028578703
0.1029382606
0.1029224819
0.1029256900
0.1029537220
0.1029443083
0.1029246121
0.1029212104
0.1029315430
0.1052763549
0.1052169572
0.1053847616
0.1053630945
0.1024924826
0.1024926509
0.1043699085
0.1043201592
0.1087992111
0.1087801437
0.1119504454
0.1118654231
0.1110781821
0.1110117282
0.1213629584
0.1213487345
0.1221886889
0.1221866250
0.1217904002
0.1216708184
0.1217172733
0.1217105029
0.1224621155
0.1224698014
0.1219870551
0.1219730938
0.1220983438
0.1223537299
0.1224182121
0.1224275764
0.1229114458
0.1229694719
0.1225873572
0.1226070618
0.1252220900
0.1249938034
0.1256495784
0.1261881391
0.1262480554
0.1281012168
0.1292457559
0.1307115409
0.1310734332
0.1290444928
0.1294491826
0.1305857984
0.1318046232
0.1330469674
0.1350982105
0.1366687357
0.1380554434
0.1404097165
0.1427149114
0.1441944052
0.1456185625
0.1449853864
0.1524575045
0.1529041584
0.1652438787
0.1658962525
0.1794931110
0.1769461977
0.1828316018
0.1836064960
0.1875120733
0.1873853887
0.1894620454
0.1869081490
0.1933346941
0.1940369284
0.2005412856
0.2046003289
0.2070495882
0.2105833335
0.2056400588
0.2053878604
0.2036499422
0.2068011003
0.2023110195
0.2042060975
0.1997368147
0.2020986064
0.1963664917
0.1963725318
0.1946188714
0.1939382069
0.1897216892
0.1900936705
0.1866600265
0.1877290855
0.1861561075
0.1823069303
0.1735523177
0.1680185159
0.1627614590
0.1569492349
0.1500247844
0.1435837718
0.1383304189
0.1320628678
0.1257107329
0.1186088965
0.1099483062
0.1091634737
0.1026906377
0.0959379956
0.0911339692
0.0782442367
0.0764376827
0.0844697177
0.1086616970
0.1135902277
0.1098176705
0.1137221192
