0.5578463571
0.5578463571
0.5578463571
0.5578463571
0.5578463571
0.5578463571
0.5578463571
0.5578463571
0.5578463571
0.5578463571
0.5578463571
0.5578463571
0.5578463571
0.5578463571
0.5578463571
0.5578463571
0.5578463571
0.5578463571
0.5578463571
0.5578463571
0.5578463571
0.5578463571
0.5578463571
0.5578463571
0.5578463571
0.5578463571
0.5578463571
0.5578463571
0.5578463571
0.5578463571
0.5578463571
0.5578463571
0.5578463571
0.5578463571
0.5578463571
0.5578463571
0.5578463571
0.5578463571
0.5578463571
0.5578463571
0.5578463571
0.5578463571
0.5578463571
0.5578463571
0.5578463571
0.5578463571
0.5578463571
0.5578463571
0.5578463571
0.5578463571
0.5578463571
0.5578463571
0.5578463571
0.5578463571
0.5578463571
0.5578463571
0.5578463571
0.5578463571
0.5578463571
0.5578463571
0.5578463571
0.5578463571
0.5578463571
0.5578463571
0.5578463571
0.5578463571
0.5578463571
0.5578463571
0.5579506374
0.5581040909
0.5581040909
0.5581788263
0.5582671893
0.5585005748
0.5585563172
0.5585563172
0.5586776679
0.5588814686
0.5590058049
0.5589624810
0.5589624810
0.5589872859
0.5590660072
0.5592112832
0.5592499508
0.5592499508
0.5593798700
0.5593840173
0.5427328200
0.5423324619
0.5423324619
0.5423120740
0.5442671623
0.5449643581
0.5469178732
0.5469178732
0.5467955675
0.5470684693
0.5463578338
0.5474635171
0.5474635171
0.5479071685
0.5505634929
0.5512460090
0.5501895698
0.5501895698
0.5493570198
0.5479355655
0.5464695479
0.5456253001
0.5456253001
0.5435443606
0.5416848346
0.5401587131
0.5388282105
0.5388282105
0.5368760044
0.5351740958
0.5336957768
0.5323921155
0.5323921155
0.5306044481
0.5276265715
0.5228944382
0.5195277922
0.5195277922
0.5169214382
0.5153426320
0.5142528499
0.5139607962
0.5139607962
0.5127535494
0.5094084255
0.5048222492
0.5010926697
0.5010926697
0.4980106067
0.4949309653
0.4924253451
0.4895237048
0.4895237048
0.4871127657
0.4850010986
0.4828946380
0.4799464201
0.4799464201
0.4767201664
0.4728544993
0.4694235823
0.4656788032
0.4656788032
0.4621243485
0.4582059164
0.4544307411
0.4499029318
0.4499029318
0.4466679008
0.4438598352
0.4402748087
0.4358421958
0.4358421958
0.4326570808
0.4297615226
0.4273534348
0.4244799957
0.4244799957
0.4208850255
0.4163311948
0.4130156954
0.4107684631
0.4107684631
0.4088532368
0.4065063438
0.4032860660
0.3986471311
0.3986471311
0.3955590057
0.3924665995
0.3898909338
0.3871499201
0.3871499201
0.3836184623
0.3801417349
0.3773595827
0.3743108190
0.3743108190
0.3718236149
0.3693390907
0.3672514848
0.3647246295
0.3647246295
0.3632524008
0.3625965161
0.3785685329
0.3786297970
0.3786297970
0.3787204634
0.3790997214
0.3791541500
0.3794677616
0.3794677616
0.3795575531
0.3796680129
0.3798292717
0.3799980217
0.3799980217
0.3801235005
0.3804056251
0.3806027445
0.3808147496
0.3808147496
0.3810203617
0.3813877529
0.3815880044
0.3818169060
0.3818169060
0.3820313696
0.3823148893
0.3825847136
0.3829397636
0.3829397636
0.3832183525
0.3835240555
0.3838137419
0.3841436644
0.3841436644
0.3845249760
0.3849999570
0.3853510355
0.3857649668
0.3857649668
0.3861337596
0.3865221259
0.3869889185
0.3874743612
0.3874743612
0.3878498661
0.3882837458
0.3886954565
0.3892439486
0.3892439486
0.3897152929
0.3902254898
0.3907122343
0.3912860231
0.3912860231
0.3917196347
0.3921118079
0.3926355051
0.3931156119
0.3931156119
0.3935574125
0.3939848944
0.3943646281
0.3947302679
0.3947302679
0.3951871087
0.3955569995
0.3959417213
0.3962547542
0.3962547542
0.3965845143
0.3968991377
0.3972328258
0.3974429231
0.3974429231
0.3976817008
0.3978319898
0.3979993363
0.3980603073
0.3980603073
0.3980892938
0.3437463494
0.3446994099
0.3458361774
0.3458361774
0.3467884933
0.3476654698
0.3489230922
0.3498098581
0.3498098581
0.3505939358
0.3511797705
0.3521445842
0.3528823713
0.3528823713
0.3533496145
0.3534459115
0.3538595935
0.3538595935
0.3539826151
0.3543357887
0.3544663503
0.3547486410
0.3551463639
0.3551463639
0.3555296169
0.3557983568
0.3562173646
0.3563091131
0.3563091131
0.3565783237
0.3567659022
0.3566993567
0.3566993567
0.3565545714
0.3565807194
0.3567267544
0.3568212923
0.3568212923
0.3568113879
0.3567965256
0.3567044715
0.3565216365
0.3565216365
0.3563876796
0.3562433522
0.3550301869
0.3522602849
0.3522602849
0.3469997448
0.3414483148
0.3364164940
0.3347531203
0.3347531203
0.3342445852
0.3344016234
0.3343481988
0.3340409073
0.3340409073
0.3336029065
0.3333468646
0.3331562891
0.3328294444
0.3328294444
0.3327637262
0.3328542605
0.3327903970
0.3325381053
0.3325381053
0.3322656942
0.3321675587
0.3321085515
0.3318253861
0.3318253861
0.3316395945
0.3314432194
0.3311218839
0.3309254791
0.3309254791
0.3308031988
0.3307361862
0.3308148783
0.3305664582
0.3305664582
0.3304590965
0.3302051863
0.3299675647
0.3299863759
0.3299863759
0.3299392805
0.3299370747
0.3298321229
0.3296109192
0.3296109192
0.3296294091
0.3297038912
0.3296087711
0.3295247419
0.3295247419
0.3294717735
0.3294883138
0.3296341137
0.3298417898
0.3298417898
0.3298104389
0.3577005839
0.3578795404
0.3580795512
0.3580795512
0.3584231016
0.3585121840
0.3588370138
0.3590600801
0.3590600801
0.3591874571
0.3593226734
0.3593735938
0.3594040318
0.3594040318
0.3594767406
0.3594269365
0.3596146514
0.3598360488
0.3598360488
0.3598883880
0.3598811886
0.3595257470
0.3595582250
0.3595582250
0.3601229090
0.3607848658
0.3614103604
0.3616255619
0.3616255619
0.3618218267
0.3620379622
0.3620773628
0.3621320464
0.3621320464
0.3622061984
0.3622431510
0.3623346371
0.3622308644
0.3622308644
0.3617308535
0.3592287790
0.3577637490
0.3575329633
0.3575329633
0.3588506464
0.3601637448
0.3616670989
0.3616752512
0.3616752512
0.3609903163
0.3606804681
0.3604739946
0.3603655877
0.3603655877
0.3604350569
0.3603605314
0.3604161506
0.3605194398
0.3605194398
0.3609710538
0.3611845924
0.3612145069
0.3612948349
0.3612948349
0.3613258842
0.3613892047
0.3613095444
0.3615466384
0.3615466384
0.3617962830
0.3617227570
0.3614295634
0.3614867987
0.3614867987
0.3615524018
0.3616380492
0.3617630715
0.3619433096
0.3619433096
0.3621294726
0.3623874700
0.3622931957
0.3623099427
0.3623099427
0.3622936753
0.3623582254
0.3622441467
0.3623472725
0.3623472725
0.3623023727
0.3623145845
0.3621915936
0.3623558622
0.3623558622
0.3624328591
0.3626677817
0.3627549584
0.3630307253
0.3630307253
0.3632167321
0.3633513789
0.3633075598
0.3633866072
0.3633866072
0.3634138641
0.3633349969
0.3629729388
0.3620161368
0.3620161368
0.3598794765
0.3581352124
0.3576248825
0.3586827220
0.3586827220
0.3600684087
0.3613116258
0.3614379157
0.3607547712
0.3607547712
0.3606420780
0.3607140260
0.3610144373
0.3617322031
0.3617322031
0.3625277023
0.3624538462
0.3626594073
0.3628288383
0.3628288383
0.3631401459
0.3635566949
0.3647274388
0.3650255983
0.3650255983
0.3648554578
0.3640927374
0.3634919676
0.3629659714
0.3629659714
0.3631154738
0.3628406178
0.3630537963
0.3629850234
0.3629850234
0.3630522433
0.3636643589
0.3643792009
0.3650450858
0.3650450858
0.3656204463
0.3664398492
0.3678673092
0.3686971216
0.3686971216
0.3699847683
0.3708735171
0.3718618123
0.3723045365
0.3723045365
0.3728236921
0.3732294729
0.3735907248
0.3739604635
0.3739604635
0.3741470075
0.3742433524
0.3746151736
0.3748908506
0.3748908506
0.3753350173
0.3758075996
0.3761940280
0.3763409560
0.3763409560
0.3764658526
0.3763477953
0.3764518112
0.3768522020
0.3768522020
0.3770783287
0.3768544101
0.3763541628
0.3760207133
0.3760207133
0.3763369054
0.3765563777
0.3766935953
0.3765833484
0.3765833484
0.3765657456
0.3767309355
0.3768840792
0.3768840792
0.3768369861
0.3766520334
0.3767496331
0.3769507598
0.3769507598
0.3771442827
0.3774061860
0.3775800287
0.3776589112
0.3777065500
0.3777065500
0.3776128596
0.3777065783
0.3776203261
0.3776203261
0.3776156897
0.3779505792
0.3781932546
0.3782667651
0.3782667651
0.3782474948
0.3781728909
0.3783982199
0.3783415422
0.3783415422
0.3785547119
0.3786117997
0.3782836179
0.3779235479
0.3779235479
0.3780433186
0.3782258910
0.3782060125
0.3782993399
0.3782993399
0.3785467033
0.3787074826
0.3787869669
0.3789140419
0.3789140419
0.3790254647
0.3789665622
0.3789548318
0.3789613689
0.3789613689
0.3789769873
0.3789427897
0.3786519860
0.3784396643
0.3784396643
0.3783093798
0.3782140699
0.3781015383
0.3784572333
0.3784572333
0.3785140016
0.3786342981
0.3786259795
0.3785482741
0.3785482741
0.3786130616
0.3786694306
0.3787199978
0.3788958629
0.3788958629
0.3789328323
0.3790365247
0.3790750186
0.3791254474
0.3791254474
0.3791437310
0.3791596361
0.3791083563
0.3790726761
0.3790726761
0.3790246000
0.3791187047
0.3792566102
0.3792478126
0.3792478126
0.3792392237
0.3792634757
0.3792746151
0.3792790872
0.3792790872
0.3792198932
0.3792398183
0.3791489814
0.3790609211
0.3790609211
0.3791017789
0.3791107374
0.3791396365
0.3791192593
0.3791192593
0.3790229355
0.3789991810
0.3789635821
0.3787087535
0.3787087535
0.3787443732
0.3787429774
0.3787301831
0.3788206015
0.3788206015
0.3788625596
0.3789266559
0.3790304879
0.3790970814
0.3790970814
0.3791518658
0.3791477223
0.3791538219
0.4317710066
0.4317710066
0.4317826818
0.4317687641
0.4317554495
0.4317803018
0.4317803018
0.4317626062
0.4317177578
0.4316859460
0.4316605025
0.4316605025
0.4316595798
0.4316532638
0.4316712136
0.4317118178
0.4317118178
0.4317079486
0.4316886301
0.4316679272
0.4316406888
0.4316406888
0.4316156860
0.4315898764
0.4315505422
0.4316452694
0.4316452694
0.4316339925
0.4316448539
0.4316693373
0.4317035342
0.4317035342
0.4317263905
0.4317296663
0.4317355411
0.4317714567
0.4317714567
0.4317811315
0.4318105211
0.4318109545
0.4317827186
0.4317827186
0.4317588786
0.4317185808
0.4316569046
0.4315869330
0.4315869330
0.4315545899
0.4315210256
0.4315120466
0.4315282177
0.4315282177
0.4315416815
0.4315245941
0.4315223623
0.4314796947
0.4314796947
0.4314527874
0.4314184252
0.4314041480
0.4314014676
0.4314014676
0.4313980857
0.4313851745
0.4313841982
0.4314199665
0.4314199665
0.4314102295
0.4313712110
0.4015028657
0.4016138951
0.4016138951
0.4008798673
0.4002028389
0.3998696144
0.3999959341
0.3999959341
0.3998569489
0.3994804811
0.3984453614
0.3979820662
0.3979820662
0.3980668368
0.3976127343
0.3964604367
0.3963556105
0.3963556105
0.3961506560
0.3960949573
0.3959631858
0.3959833626
0.3959833626
0.3957706274
0.3957372345
0.3952419672
0.3950736200
0.3950736200
0.3938840238
0.3934156781
0.3929994969
0.3926150966
0.3926150966
0.3925232725
0.3924585398
0.3923578615
0.3926203363
0.3926203363
0.3929446147
0.3930163466
0.3927821595
0.3929343794
0.3929343794
0.3931129034
0.3932582748
0.3935422084
0.3936919886
0.3936919886
0.3940038543
0.3948904366
0.3951873843
0.3951873843
0.3953329942
0.3951658556
0.3959159069
0.3973077698
0.3975193636
0.3975193636
0.3994852906
0.4016039505
0.4027884937
0.4030753944
0.4030753944
0.4031709893
0.4037580321
0.4050574208
0.4050574208
0.4057058827
0.4060748890
0.4058482472
0.4047176905
0.4047176905
0.4041068052
0.4037587130
0.4037859561
0.4030869077
0.4030869077
0.4016387000
0.4010013777
0.3999428278
0.3987967273
0.3987967273
0.3979948850
0.3977852449
0.3976337570
0.3979057233
0.3979057233
0.3974142442
0.3971087066
0.3972343277
0.3983398564
0.3983398564
0.3992823869
0.3998336432
0.4004260126
0.4006440961
0.4006440961
0.4022429562
0.4054973369
0.4070143703
0.4090278547
0.4090278547
0.4101872326
0.4100957826
0.4105865181
0.4113445421
0.4113445421
0.4113054681
0.4119181717
0.4121653230
0.4116983172
0.4116983172
0.4115560329
0.4119641089
0.4118657482
0.4116343812
0.4116343812
0.4107538552
0.4113359467
0.4117605668
0.4116641600
0.4116641600
0.4113422114
0.4114803972
0.4115896373
0.4112718909
0.4112718909
0.4102017266
0.4090368792
0.4091842695
0.4095018727
0.4095018727
0.4095287540
0.4096994315
0.4098211614
0.4103347701
0.4103347701
0.4106196079
0.4107330882
0.4109992210
0.4113043823
0.4113043823
0.4120796899
0.4122523077
0.4127253722
0.3259843492
0.3259843492
0.3259918951
0.3259451726
0.3258344812
0.3255112893
0.3255112893
0.3254915576
0.3252911859
0.3252733051
0.3252058375
0.3252058375
0.3252260320
0.3252559077
0.3252118150
0.3251334370
0.3251334370
0.3252226408
0.3251493355
0.3250971791
0.3247074039
0.3247074039
0.3244321960
0.3241668690
0.3239341367
0.3238558275
0.3238558275
0.3238312797
0.3235799477
0.3234867282
0.3217836511
0.3217836511
0.3187456324
0.3174033820
0.3175396315
0.3174320731
0.3174320731
0.3174146309
0.3172637988
0.3172953700
0.3173909650
0.3173909650
0.3172369661
0.3169409503
0.3166666015
0.3165324526
0.3165324526
0.3162213372
0.3159817453
0.3157723464
0.3156160874
0.3156160874
0.3156479636
0.3156209157
0.3155333137
0.3153468316
0.3153468316
0.3151249645
0.3150443432
0.3149770378
0.3149386230
0.3149386230
0.3147103567
0.3147879628
0.3150352796
0.3152777780
0.3152777780
0.3152520869
0.3150836652
0.3150191137
0.3150551523
0.3150551523
0.3149757843
0.3151645006
0.3149935083
0.3147994187
0.3147994187
0.3146697769
0.3149329928
0.3150930608
0.3150898050
0.3150898050
0.3148846937
0.3148154468
0.3147866384
0.3148333734
0.3148333734
0.3146782578
0.3145464988
0.3144424204
0.3145211698
0.3145211698
0.3144032109
0.3143553147
0.3144597732
0.3144928072
0.3144928072
0.3144002813
0.3144290696
0.3143887571
0.3142825832
0.3142825832
0.3141008467
0.3141062813
0.3139877625
0.3138405018
0.3138405018
0.3135386540
0.3123950365
0.3109098085
0.3105983088
0.3105983088
0.3100520542
0.3097425671
0.3092186389
0.3087419378
0.3087419378
0.4851617963
0.4830608587
0.4822762474
0.4826463982
0.4826463982
0.4844939164
0.4855476070
0.4847999201
0.4842600965
0.4842600965
0.4834156455
0.4831368131
0.4830387814
0.4829043638
0.4829043638
0.4830837063
0.4829563639
0.4840062156
0.4852476386
0.4852476386
0.4865251027
0.4875105604
0.4884695770
0.4885400734
0.4885400734
0.4887691268
0.4891566201
0.4894698861
0.4894844063
0.4894844063
0.4880872745
0.4871485408
0.4865444026
0.4858776149
0.4858776149
0.4857454068
0.4862018902
0.4857348672
0.4862399015
0.4862399015
0.4866305875
0.4882172212
0.4882180743
0.4868190491
0.4868190491
0.4843316052
0.4838823304
0.4828797793
0.4819160773
0.4819160773
0.4813844616
0.4817127879
0.4817370211
0.4817370211
0.4812933861
0.4817772929
0.4814832135
0.4814891830
0.4817527395
0.4817527395
0.4814142311
0.4807930233
0.4813942718
0.4819953403
0.4819953403
0.4819905928
0.4810837677
0.4797584406
0.4797584406
0.4795268501
0.4783859806
0.4784646977
0.4780148749
0.4780148749
0.4776750608
0.4759255096
0.4753743603
0.4749954577
0.4749954577
0.4736409622
0.4722826407
0.4711050665
0.4694692958
0.4694692958
0.4684622636
0.4674780128
0.4667827758
0.4665301828
0.4665301828
0.4660765494
0.4658158372
0.4656084780
0.4655884854
0.4655884854
0.4652807026
0.4647448396
0.4647835274
0.4646730456
0.4646730456
0.4652312582
0.4657609528
0.4657437015
0.4653430033
0.4653430033
0.4649570559
0.4643143793
0.4643185069
0.4643716033
0.4643716033
0.4641528983
0.4351088498
0.4360850668
0.4374613736
0.4374613736
0.4383721487
0.4394903326
0.4400965917
0.4401599057
0.4401599057
0.4401499766
0.4410703234
0.4431859282
0.4431571474
0.4431571474
0.4433317432
0.4438693384
0.4443888253
0.4435596653
0.4435596653
0.4465778148
0.4460518107
0.4445329891
0.4430458237
0.4430458237
0.4409782089
0.4423529847
0.4492352866
0.4545367854
0.4545367854
0.4488643534
0.4495890288
0.4511190414
0.4508818618
0.4508818618
0.4501778275
0.4511410166
0.4520782947
0.4522471126
0.4522471126
0.4513344563
0.4489818730
0.4454188704
0.4403098995
0.4403098995
0.4409688900
0.4405462574
0.4381021908
0.4370415849
0.4370415849
0.4338682285
0.4296105152
0.4251197174
0.4207868698
0.4207868698
0.4189545851
0.4145194785
0.4113477094
0.4070093199
0.4070093199
0.4120158136
0.4186546992
0.4162491010
0.4112999838
0.4112999838
0.4125346045
0.4167865707
0.4188332255
0.4153134247
0.4153134247
0.4129215620
0.4155650579
0.4188505212
0.4207131638
0.4207131638
0.4212603296
0.4226642992
0.4251743660
0.4265038495
0.4265038495
0.4276030430
0.4294754408
0.4241046259
0.4225111363
0.4225111363
0.4215480275
0.4239286330
0.4277624456
0.4317995879
0.4317995879
0.4354970671
0.4367551618
0.4307640726
0.4277797695
0.4277797695
0.4239526641
0.4219178654
0.4194881150
0.4181505684
0.4181505684
0.4178498714
0.4169692892
0.4175058788
0.4212934364
0.4212934364
0.4230376379
0.4235119527
0.4220536539
0.4218251502
0.4218251502
0.4228325695
0.4224421754
0.4218596894
0.4224727814
0.4224727814
0.4233994640
0.4237995270
0.4239827739
0.4237469084
0.4237469084
0.4222708465
0.4208628602
0.4202938236
0.4182965502
0.4182965502
0.3930447321
0.3926247619
0.3927104963
0.3936048683
0.3936048683
0.3935337274
0.3941183978
0.3950707969
0.3956264120
0.3956264120
0.3954569517
0.3951552597
0.3947492068
0.3942416846
0.3942416846
0.3937855485
0.3933107558
0.3936299175
0.3944675482
0.3944675482
0.3949418830
0.3957150676
0.3956260090
0.3956173302
0.3956173302
0.3956086375
0.3960750331
0.3965947887
0.3971242005
0.3971242005
0.3973930557
0.3972333570
0.3967620014
0.3964542581
0.3964542581
0.3962426836
0.3963963517
0.3962692378
0.3961457978
0.3961457978
0.3960648168
0.3957907145
0.3960761138
0.3961976041
0.3961976041
0.3964851724
0.3967224627
0.3961666674
0.3961787207
0.3961787207
0.3966316701
0.3966412334
0.3964410086
0.3968440307
0.3968440307
0.3968177204
0.3968095821
0.3970990299
0.3973094212
0.3973094212
0.3975698832
0.3979777869
0.3983357900
0.3987442686
0.3987442686
0.3992412454
0.3997927210
0.4003852147
0.4003852147
0.4013343275
0.4023078924
0.4036656718
0.4047534149
0.4047534149
0.4056806702
0.4062157688
0.4064353514
0.4065192484
0.4065192484
0.4066672190
0.4067358241
0.4065087759
0.4060926923
0.4060926923
0.4058269523
0.4050701435
0.4043693279
0.4040669535
0.4040669535
0.4045820997
0.4053344881
0.4056804291
0.4064643070
0.4064643070
0.4066946205
0.4069221885
0.3367444722
0.3371461529
0.3371461529
0.3379263979
0.3388914558
0.3397474608
0.3405000578
0.3405000578
0.3409361071
0.3424195930
0.3433903214
0.3458799224
0.3458799224
0.3477690384
0.3495917024
0.3500725282
0.3504997775
0.3504997775
0.3511086512
0.3517424233
0.3520925050
0.3526041437
0.3526041437
0.3530153893
0.3532399760
0.3532339484
0.3534598800
0.3534598800
0.3533380649
0.3537575606
0.3553106818
0.3575460989
0.3575460989
0.3583337859
0.3557715802
0.3550241765
0.3555714454
0.3555714454
0.3590484675
0.3601932482
0.3585760741
0.3564511163
0.3564511163
0.3552622990
0.3569471901
0.3566849899
0.3589139528
0.3589139528
0.3580143926
0.3586816655
0.3651753561
0.3691225483
0.3691225483
0.3642823024
0.3700436629
0.3659735268
0.3630137747
0.3630137747
0.3623442908
0.3658779508
0.3680969014
0.3676115412
0.3676115412
0.3660584668
0.3634349413
0.3614523464
0.3583893447
0.3583893447
0.3556009433
0.3534863137
0.3526601238
0.3519892059
0.3519892059
0.3502525605
0.3523318754
0.3540843940
0.3535581970
0.3535581970
0.3510056979
0.3501351401
0.3509625756
0.3523486181
0.3523486181
0.3513905578
0.3513565339
0.3515585202
0.3510296053
0.3510296053
0.3510633219
0.3504936577
0.3499046928
0.3488728301
0.3488728301
0.3499212774
0.3515362992
0.3540672896
0.3566812802
0.3566812802
0.3584922241
0.4982855869
0.4982625285
0.4985286876
0.4985286876
0.4985277699
0.4981231685
0.4981246011
0.4973709862
0.4973709862
0.4977098946
0.4977342572
0.4984770319
0.4984069056
0.4984069056
0.4979755851
0.4974279601
0.4959716738
0.4947431754
0.4947431754
0.4947285421
0.4953882610
0.4950113540
0.4945924031
0.4945924031
0.4933887124
0.4929305542
0.4932750316
0.4933996093
0.4933996093
0.4933318018
0.4932446854
0.4929889023
0.4928605092
0.4928605092
0.4935800136
0.4948590152
0.4939467655
0.4924971594
0.4924971594
0.4914883021
0.4912010009
0.4907587702
0.4903975582
0.4903975582
0.4902186424
0.4902353815
0.4903423976
0.4906244680
0.4906244680
0.4907085009
0.4906070168
0.4907275480
0.4908379413
0.4908379413
0.4908477802
0.4911534318
0.4909368017
0.4918202111
0.4918202111
0.4926773769
0.4935844606
0.4937718271
0.4937873719
0.4937873719
0.4936673823
0.4940397077
0.4950993280
0.4954250516
0.4954250516
0.4956127002
0.4960481706
0.4958343577
0.4957274842
0.4957274842
0.4958282532
0.4959362949
0.4958519771
0.4959756078
0.4959756078
0.4960316264
0.4962501630
0.4962642023
0.4962775459
0.4962775459
0.4959473791
0.4952307858
0.4954324276
0.4961930741
0.4961930741
0.4962266273
0.4957482262
0.4952342539
0.4954236998
0.4954236998
0.4955913273
0.4955442391
0.4956177406
0.4068667845
0.4068667845
0.4059429416
0.4049536436
0.4052962930
0.4057982051
0.4057982051
0.4059617803
0.4063308779
0.4073950121
0.4073950121
0.4074642623
0.4078643184
0.4088101355
0.4089950079
0.4089950079
0.4089383598
0.4091636809
0.4100600955
0.4103177864
0.4100640108
0.4100640108
0.4095232434
0.4093128619
0.4093021404
0.4093021404
0.4093421430
0.4090505759
0.4084254149
0.4068526486
0.4068526486
0.4053331411
0.4039194228
0.4036135290
0.4037287108
0.4037287108
0.4039563001
0.4040555491
0.4036377495
0.4034048683
0.4034048683
0.4036676883
0.4035988483
0.4034504166
0.4029610815
0.4029610815
0.4025814121
0.4033848689
0.4051545283
0.4059525641
0.4059525641
0.4071286568
0.4089439075
0.4101751142
0.4103733609
0.4103733609
0.4102944335
0.4097375065
0.4088667649
0.4086750866
0.4086750866
0.4088039620
0.4084607381
0.4080151692
0.4074177710
0.4074177710
0.4072235410
0.4071629520
0.4069486748
0.4067904286
0.4067904286
0.4066057067
0.4069000614
0.4065238249
0.4076070477
0.4076070477
0.4074791085
0.4074682906
0.4076097633
0.4076298484
0.4076298484
0.4070542856
0.4068414803
0.4069172940
0.4068575334
0.4068575334
0.4068210057
0.4063803239
0.4073068369
0.4062607313
0.4062607313
0.4060915753
0.4070973273
0.4054942241
0.4056385719
0.4056385719
0.4072498883
0.4056450220
0.4057220532
0.4068952713
0.4068952713
0.4065277649
0.4059940881
0.4047524785
0.4047082051
0.4047082051
0.4050905632
0.4050545467
0.4056447227
0.4063247731
0.4063247731
0.4073583165
0.4087660404
0.4091901315
0.4080080948
0.4080080948
0.4074261015
0.4076052727
0.4079961411
0.4081164863
0.4081164863
0.4077884884
0.4080677107
0.4075245620
0.4063514467
0.4063514467
0.4061232140
0.4060019616
0.4056745221
0.4057872416
0.4057872416
0.4059730027
0.4061162272
0.4060585222
0.4061517286
0.4061517286
0.4058265149
0.4062845910
0.4079792367
0.5353349230
0.5353349230
0.5341687842
0.5302991557
0.5219968874
0.5145007586
0.5145007586
0.5113804479
0.5146804405
0.5118696351
0.5086488740
0.5086488740
0.5029507250
0.5029204555
0.5009759764
0.4977835444
0.4977835444
0.4949335439
0.4917785463
0.4898515118
0.4906958299
0.4906958299
0.4924022812
0.4957253677
0.4987045018
0.5009054237
0.5009054237
0.5003454890
0.4958226379
0.4946944961
0.4949493414
0.4949493414
0.4941535335
0.4886167273
0.4823827421
0.4789355072
0.4789355072
0.4749137169
0.4686155246
0.4645384470
0.4586223035
0.4586223035
0.4511786289
0.4415594729
0.4344803918
0.4187032615
0.4187032615
0.4169698410
0.4226390077
0.4273665396
0.4246775900
0.4246775900
0.4217441390
0.4216012204
0.4227996070
0.4250940679
0.4250940679
0.4260720694
0.4245613019
0.4235095159
0.4213568882
0.4213568882
0.4198369924
0.4248255716
0.4335607514
0.4364991740
0.4364991740
0.4380586702
0.4394056897
0.4404795736
0.4370704427
0.4370704427
0.4363849552
0.4337225675
0.4337830173
0.4312329063
0.4312329063
0.4286888529
0.4218359411
0.4135897877
0.4080373791
0.4080373791
0.4022642081
0.4055443574
0.4083138343
0.4081386559
0.4081386559
0.4062427471
0.4028718998
0.3991585896
0.3951542709
0.3951542709
0.3982277824
0.4021625520
0.3989473548
0.3975453034
0.3975453034
0.3950948926
0.3942164082
0.3973242380
0.4009961208
0.4009961208
0.4014463864
0.3984674641
0.3964535093
0.3988258351
0.3988258351
0.3999219462
0.3993209729
0.3995058232
0.4007095994
0.4007095994
0.4011859437
0.4003791981
0.3995428592
0.3986225851
0.3986225851
0.3973431596
0.3960226525
0.3946478233
0.3946478233
0.3940346883
0.3938992202
