0.3533560428
0.3533560428
0.3533560428
0.3533560428
0.3534367234
0.3535146699
0.3535754816
0.3535754816
0.3536662552
0.3537349164
0.3538241980
0.3539106111
0.3540034944
0.3540034944
0.3540694685
0.3541532229
0.3542316282
0.3543171618
0.3543951999
0.3543951999
0.3544482888
0.3545299580
0.3546003367
0.3546892596
0.3223928732
0.3223928732
0.3218349633
0.3213204921
0.3214075724
0.3224575424
0.3240575542
0.3240575542
0.3253215011
0.3250193939
0.3252546925
0.3264087321
0.3268667084
0.3268667084
0.3270232493
0.3268740076
0.3269998646
0.3259481731
0.3253452851
0.3253452851
0.3251608024
0.3267534746
0.3267456330
0.3272643814
0.3290183653
0.3290183653
0.3313559870
0.3333495816
0.3344721543
0.3344248164
0.3366843008
0.3366843008
0.3372439864
0.3367256644
0.4538254098
0.4536369648
0.4534119870
0.4534119870
0.4532524987
0.4531470999
0.4526181816
0.4523860949
0.4520012030
0.4520012030
0.4515401410
0.4511488008
0.4510191624
0.4508469238
0.4503962121
0.4503962121
0.4501287819
0.4496199349
0.4494266175
0.4489737750
0.4483123689
0.4483123689
0.4478899672
0.4473485470
0.4469787313
0.4464237979
0.4462031783
0.4462031783
0.4459397817
0.4455790760
0.4450031880
0.4447082837
0.4466542750
0.4466542750
0.4478726632
0.4479008020
0.4472032245
0.4459164989
0.4439386499
0.4439386499
0.4437044577
0.4424176812
0.4396313700
0.4382528461
0.4361344095
0.4361344095
0.4345580403
0.4331072596
0.4310907852
0.4293617203
0.4274482249
0.4274482249
0.4253145979
0.4223766190
0.4202991681
0.4172540771
0.4153209966
0.4153209966
0.4132788147
0.4130167773
0.4110213941
0.4083583883
0.4964688255
0.4964688255
0.4965368447
0.4972881934
0.4971925274
0.4971054821
0.4987710442
0.4987710442
0.4991264811
0.4991997820
0.4996857101
0.5006572825
0.5009830657
0.5009830657
0.5009544293
0.5011379299
0.5021350444
0.5032211848
0.5036455277
0.5036455277
0.5050766079
0.5067915841
0.5085269285
0.5099882126
0.5114316716
0.5114316716
0.5131123502
0.5142986595
0.5147984627
0.5156775101
0.5158407231
0.5158407231
0.3689123580
0.3689947169
0.3690536460
0.3691020210
0.3691666611
0.3691666611
0.3692569266
0.3693952818
0.3695424258
0.3694907147
0.3706788719
0.3706788719
0.3830721397
0.3806395820
0.3333986102
0.3519136430
0.3820054265
0.3820054265
0.3827153272
0.3844033025
0.3861057895
0.3871749713
0.3887462978
0.3887462978
0.3899505282
0.3899664491
0.3897071333
0.3893903540
0.3884453283
0.3884453283
0.3880126835
0.3364487031
0.3380892536
0.3397341586
0.3414518882
0.3414518882
0.3430947996
0.3449134866
0.3472417815
0.3491046255
0.3518619935
0.3518619935
0.3537783860
0.3558211697
0.3575695447
0.3593040987
0.3611388520
0.3611388520
0.3627831117
0.3645805635
0.3664269185
0.3683842232
0.3700313427
0.3700313427
0.3718398260
0.3737606314
0.3756998380
0.3775207058
0.3794572894
0.3794572894
0.3818897756
0.3835349792
0.3848247783
0.4002890590
0.4014076685
0.4014076685
0.4006895825
0.3992546504
0.3978225843
0.3963100043
0.3958134393
0.3958134393
0.4184137826
0.4051902212
0.4211855049
0.4058464663
0.4069125295
0.4069125295
0.4079865285
0.4083637028
0.4082887191
0.4078738546
0.4080118640
0.4080118640
0.4080295676
0.4080171312
0.4092038062
0.4102798466
0.4108170528
0.4108170528
0.4102254002
0.4088163397
0.4090560142
0.4092071717
0.4073395831
0.4073395831
0.4032320620
0.4053652510
0.4071944688
0.4225751351
0.4189244244
0.4189244244
0.4159433724
0.4164902165
0.4171462878
0.4170391928
0.4158230805
0.4158230805
0.4145191061
0.4130549828
0.4113859241
0.4088712821
0.4064361834
0.4064361834
0.4048323190
0.4044822630
0.4035197536
0.4013767303
0.3991282105
0.3991282105
0.3975183596
0.3954986379
0.3931303265
0.3913310736
0.3900276936
0.3900276936
0.3883393584
0.3864974267
0.3864386679
0.3860254216
0.2362984928
0.2362984928
0.2389808311
0.2421031984
0.2430110422
0.2433130427
0.2440854402
0.2440854402
0.2477773021
0.2510045042
0.2525090484
0.2505125557
0.2492261577
0.2492261577
0.2490587953
0.2493011552
0.2490213548
0.2492487342
0.2492503429
0.2492503429
0.2490112699
0.2486083919
0.2482214926
0.2479351483
0.2479380090
0.2479380090
0.2472587110
0.2456715092
0.5504537317
0.5504995570
0.5332677951
0.5332677951
0.5256140432
0.5205023001
0.5387342866
0.5440417042
0.5468399251
0.5468399251
0.5484766833
0.5495442433
0.5497837772
0.5196956195
0.4938052262
0.4938052262
0.5021308380
0.5294552303
0.5398638390
0.5441242276
0.5465334310
0.5465334310
0.5478419536
0.5487181921
0.5492246007
0.5497920694
0.5499091665
0.5499091665
0.5500240341
0.5501678859
0.5503849444
0.2882754809
0.2888471142
0.2888471142
0.2899308891
0.2906781782
0.2906012365
0.2904678868
0.2905584445
0.2905584445
0.2903996686
0.2899017452
0.2897699765
0.2898977691
0.2897143259
0.2897143259
0.2894632824
0.2893867776
0.2889894758
0.2890198310
0.2888624854
0.2888624854
0.2890912891
0.2896347246
0.2902958890
0.2906242382
0.2910313565
0.2910313565
0.2915750274
0.2917067699
0.2918864358
0.2913113325
0.4323478694
0.4323478694
0.4358379731
0.4391780940
0.4417831813
0.4447956171
0.4478558791
0.4478558791
0.4518597411
0.4566223547
0.4598271738
0.4631922702
0.4666807750
0.4666807750
0.4694039371
0.4720420866
0.4760442293
0.4810376548
0.4855029299
0.4855029299
0.4879953966
0.4906148092
0.4933681193
0.4956991359
0.4965694271
0.4965694271
0.4967151323
0.4960940093
0.4946454468
0.4926518163
0.5317896001
0.5317896001
0.5345359704
0.5355777685
0.5357064657
0.5372511100
0.5387134747
0.5387134747
0.5389739182
0.5389135936
0.5396164548
0.5406976189
0.5409797786
0.5409797786
0.5407504067
0.5411673745
0.5406722139
0.5402235518
0.5384589472
0.5384589472
0.5383908864
0.5373562012
0.5363257549
0.5362211629
0.5354605700
0.5354605700
0.5343829809
0.5338708968
0.5335540847
0.5332191657
0.5327322310
0.5327322310
0.4762215909
0.4757218558
0.4754023016
0.4751730092
0.4748174602
0.4748174602
0.4750487136
0.4747464584
0.4745438365
0.4742351752
0.4740865456
0.4740865456
0.4738047999
0.4735286095
0.4731196565
0.4727622719
0.4725367072
0.4725367072
0.4721896319
0.4717896927
0.4717620351
0.4715042325
0.4711675516
0.4711675516
0.4707994885
0.4705045777
0.4702136361
0.4699272621
0.2942444365
0.2942444365
0.3028379357
0.3092186605
0.3107874823
0.3168986733
0.3251603968
0.3251603968
0.3309306811
0.3361908720
0.3346699574
0.2728825980
0.2708436821
0.2708436821
0.2749667194
0.2715582234
0.2710411032
0.2803359599
0.2776827543
0.2776827543
0.2769600008
0.2706988420
0.2637000626
0.2629609328
0.2756191376
0.2756191376
0.2756890359
0.2771515073
0.2739706660
0.2717116567
0.2763053283
0.2763053283
0.4429500536
0.4434338805
0.4430308805
0.4424660368
0.4424063512
0.4424063512
0.4421938962
0.4403715540
0.4392347980
0.4385218357
0.4372616527
0.4372616527
0.4347910986
0.4324828739
0.4313438028
0.4304021253
0.4282587278
0.4282587278
0.4262512052
0.4253477459
0.4245240028
0.4218851787
0.4214555627
0.4214555627
0.4211681704
0.4206392648
0.4187914434
0.4177302044
0.4178944868
0.4178944868
0.4173594696
0.2913265150
0.2920309342
0.2923168845
0.2924741015
0.2924741015
0.2925315295
0.2931585314
0.2931742881
0.2931721423
0.2931090982
0.2931090982
0.2932313100
0.2932076298
0.2931214494
0.2931034462
0.2930174472
0.2930174472
0.2928843648
0.2933865603
0.2934856080
0.2935902747
0.2937163643
0.2937163643
0.2938965645
0.2940628155
0.2947555894
0.2948628311
0.2948715190
0.2948715190
0.2949339047
0.4931980211
0.4936767600
0.4926460796
0.4918943423
0.4918943423
0.4912124880
0.4908801983
0.4899021538
0.4890896420
0.4885708716
0.4885708716
0.4894282163
0.4909953004
0.4935075805
0.4969792101
0.4996390004
0.4996390004
0.5048711176
0.5209750681
0.5625604057
0.5500549247
0.5145385791
0.5145385791
0.5174852968
0.0000179268
0.0000085485
0.0000118428
0.0000100911
0.0000100911
0.0000128561
0.0000111044
0.0000119730
0.0000111044
0.0000128561
0.0000128561
0.0000120599
0.0000120599
0.0000120599
0.0000120599
0.0000120599
0.0000120599
0.0000120599
0.0000120599
0.0000128561
0.0000120599
0.0000128561
0.0000128561
0.0000120599
0.0000120599
0.0000120599
0.0000120599
0.0000120599
0.0000120599
0.0000128561
0.0000128561
0.0000128561
0.0000120599
0.0000120599
0.0000120599
0.0158068455
0.0362210476
0.0550843308
0.0764704017
0.0958087578
0.0958087578
0.1170871000
0.1366030640
0.1586197446
0.1775404082
0.1998221642
0.1998221642
0.2197182166
0.2420267175
0.2616088988
0.2825771751
0.3012821699
0.3012821699
0.3239288247
0.3437262087
0.3644511172
0.3844312892
0.4046515907
0.4046515907
0.4052838357
0.4058492701
0.4062309828
0.4068794699
0.4070151375
0.4070151375
0.4070855844
0.4072395209
0.4076194297
0.4079578319
0.4079830171
0.4079830171
0.4079794835
0.4083845236
0.4086984962
0.4087654073
0.4089209798
0.4089209798
0.4093528797
0.4094977725
0.4095170233
0.4093704953
0.4091266342
0.4091266342
0.4092217172
0.4092059871
0.4092277779
0.3268147443
0.3267033694
0.3267033694
0.3265573481
0.3263231036
0.3258056845
0.3253010108
0.3248031587
0.3248031587
0.3242533045
0.3235389939
0.3230882607
0.3227519708
0.3226031387
0.3226031387
0.3225419306
0.3226354007
0.3226190810
0.3226423454
0.3226345006
0.3226345006
0.3229543013
0.3231611178
0.3234806577
0.3238678130
0.3248163837
0.3248163837
0.3252030829
0.3254389537
0.3262070985
0.3269447367
0.3272596018
0.3272596018
0.3273872179
0.3276316699
0.3279285016
0.3281554215
0.3282634946
0.3282634946
0.3286652244
0.3301276561
0.3306541908
0.3309260995
0.3310937940
0.3310937940
0.3317099139
0.3322699180
0.3326228505
0.3331228207
0.3337710495
0.3337710495
0.3344374212
0.3351546419
0.3355352172
0.3357934093
0.3359043313
0.3359043313
0.3359070654
0.3360952036
0.3362116043
0.3366608230
0.3365982005
0.3365982005
0.3362780986
0.3361460923
0.3361297578
0.3364559215
0.3368800976
0.3368800976
0.3374078807
0.3374268567
0.3372210687
0.3370388259
0.3371741601
0.3371741601
0.3373324703
0.3373778499
0.3371377972
0.3370574386
0.3369347507
0.3369347507
0.3369764472
0.3370034223
0.3372296302
0.3371415715
0.3370417714
0.3370417714
0.3369571045
0.3373501007
0.3378430988
0.3382225547
0.3382437532
0.3382437532
0.3382420077
0.3381681442
0.3382679364
0.3382351669
0.3383147526
0.3383147526
0.3381010781
0.3375914709
0.3369981054
0.3367963731
0.3366434598
0.3366434598
0.3365152359
0.3359896913
0.3359290464
0.4472191665
0.4472320159
0.4472320159
0.4472320742
0.4472609818
0.4472562210
0.4473116440
0.4477130505
0.4477130505
0.4478229231
0.4477640012
0.4476618943
0.4476272729
0.4475542619
0.4475542619
0.4475182848
0.4475192704
0.4472574841
0.4473113113
0.4471771892
0.4471771892
0.4470686698
0.4468881166
0.4468990822
0.4469332626
0.4469216790
0.4469216790
0.4470722072
0.4470497377
0.4470393805
0.4468661945
0.4467030456
0.4467030456
0.4467115255
0.4466436862
0.4466575040
0.4465082594
0.4466464449
0.4466464449
0.4467001604
0.4467010686
0.4465420949
0.4465554592
0.4465659193
0.4465659193
0.4465037719
0.4463975581
0.4465622919
0.4465706969
0.4464776186
0.4464776186
0.3378923266
0.3380919558
0.3384879881
0.3394093215
0.3401765931
0.3401765931
0.3407182206
0.3409021485
0.3409002369
0.3407741759
0.3405582737
0.3405582737
0.3401280132
0.3395920847
0.3388908596
0.3385216097
0.3384855197
0.3384855197
0.3389488924
0.3391620212
0.3390573108
0.3387878416
0.3383973374
0.3383973374
0.3378438034
0.3369380020
0.3363216233
0.3359132436
0.3354829144
0.3354829144
0.3355185749
0.3355581141
0.3357143731
0.3355563025
0.3354669749
0.3354669749
0.3352416866
0.3350656631
0.3347793919
0.3348226371
0.3349341587
0.3349341587
0.3350282639
0.3344877372
0.3345530729
0.3345605920
0.3346071952
0.3346071952
0.3347497925
0.3348149814
0.3347078800
0.3346094526
0.3344744643
0.3344744643
0.3345642921
0.3346354610
0.3344360775
0.3341716909
0.3338872344
0.3338872344
0.3339405361
0.3339262090
0.3339676351
0.3339159424
0.3335225463
0.3335225463
0.3331301466
0.3330548115
0.3334227492
0.3339036256
0.3340735890
0.3340735890
0.3338582130
0.3338299467
0.3337794044
0.3337843150
0.3342465777
0.3342465777
0.3345191334
0.3348788590
0.3350637729
0.3348019720
0.3347728107
0.3347728107
0.3347751944
0.3349505619
0.3350259075
0.3352162326
0.3353184545
0.3353184545
0.3353664307
0.3353440827
0.3354529505
0.3355554781
0.3353487444
0.3353487444
0.3351774539
0.3350204087
0.3348708105
0.3347175951
0.3348239009
0.3348239009
0.3353022062
0.3356065635
0.3356951273
0.3357358864
0.3358771236
0.3358771236
0.3359524059
0.3362888710
0.3367262780
0.3375949726
0.3385880595
0.3385880595
0.3393288493
0.3398089444
0.3402763557
0.3407187776
0.3409907867
0.3409907867
0.3402366982
0.3403286846
0.3401835854
0.3399989554
0.3392879168
0.3392879168
0.3389344064
0.3383917742
0.3374126877
0.3362327928
0.3361531971
0.3361531971
0.3360100633
0.3358885806
0.3355236238
0.3350267541
0.3342123319
0.3342123319
0.3331919781
0.3309158323
0.3299637717
0.3290949412
0.3281652041
0.3281652041
0.3269351440
0.3262890966
0.3257645473
0.3252422677
0.2843725290
0.2843725290
0.2776180552
0.2843518424
0.2624924537
0.2691383265
0.2632475005
0.2632475005
0.2709403861
0.2811451602
0.2890997151
0.2896353306
0.2980438340
0.2980438340
0.2814655765
0.2898595850
0.2971327215
0.2919635588
0.2990576591
0.2990576591
0.3053654920
0.2891228234
0.2964926578
0.2929442926
0.2969274733
0.2969274733
0.2935771938
0.2970201284
0.2885815817
0.2926383628
0.2967626764
0.2967626764
0.2919993515
0.2947714375
0.2955217722
0.2999398959
0.3043686593
0.3043686593
0.3589011803
0.3578931686
0.3579370300
0.3571171720
0.3563311190
0.3563311190
0.3564022338
0.3566524386
0.3572764500
0.3570739640
0.3564263289
0.3564263289
0.3563840491
0.3565706422
0.3563602760
0.3565069203
0.3564708686
0.3564708686
0.3563873921
0.3560421339
0.1157395399
0.0435493325
0.2045234608
0.2045234608
0.4469223904
0.4966345052
0.4317549130
0.4733868848
0.4099825712
0.4099825712
0.2484001752
0.2284128347
0.1579915151
0.1248383902
0.0930388111
0.0930388111
0.0774581438
0.0675628333
0.0559215591
0.0488860557
0.0453885450
0.0453885450
0.0447340512
0.0464247831
0.0518037201
0.3559245827
0.3558443643
0.3558443643
0.3560603665
0.3566281452
0.3572918017
0.3583754451
0.3600978441
0.3600978441
0.3614575100
0.3617903365
0.3628666021
0.3629220327
0.3624767949
0.3624767949
0.3614860117
0.3605295574
0.1353677595
0.1367821690
0.1377596454
0.1377596454
0.1379971260
0.1375197928
0.1382603059
0.1381699587
0.1381690420
0.1381690420
0.1404134576
0.1414829337
0.1423955683
0.1430382275
0.0635973359
0.0635973359
0.0626685409
0.0628599296
0.0667924969
0.0742820863
0.0822990507
0.0822990507
0.0806225452
0.0807474025
0.0821203421
0.0838664539
0.0845943677
0.0845943677
0.0834986524
0.0832155290
0.0789882167
0.0803617123
0.0836136829
0.0836136829
0.0886332492
0.0842600862
0.0816902446
0.0799729256
0.0789665682
0.0789665682
0.3615775238
0.3611495883
0.3609116493
0.3614651556
0.3616989938
0.3616989938
0.3623452532
0.3625025744
0.3622370411
0.3616821794
0.3609619014
0.3609619014
0.3608242898
0.3607020160
0.3604991128
0.3599668841
0.2358495563
0.2358495563
0.2667652233
0.2536645292
0.2465200242
0.2427208266
0.2599581386
0.2599581386
0.2509394471
0.2469509235
0.2451598872
0.2771460363
0.2706858358
0.2706858358
0.2615227831
0.2575006185
0.2872050480
0.2711358435
0.2626023496
0.2626023496
0.1797049177
0.1916386794
0.2458963913
0.2524366872
0.2453554492
0.2453554492
0.2344830582
0.2337191258
0.2297305092
0.2219708983
0.2079384727
0.2079384727
0.1894755596
0.1715366110
0.1641359251
0.1705958907
0.1842281399
0.1842281399
0.1896152303
0.1880881668
0.3583615102
0.3584479527
0.3585866672
0.3585866672
0.3590171171
0.3600730506
0.3610493987
0.3610291901
0.3607926373
0.3607926373
0.3601825161
0.3603905161
0.3605168964
0.3610588147
0.3614884386
0.3614884386
0.3621685206
0.3633366488
0.3645064488
0.3654167645
0.3660778292
0.3660778292
0.3659560616
0.3657628375
0.3656460791
0.3653548220
0.4268666216
0.4268666216
0.4275228848
0.4286219398
0.4264659766
0.4255470986
0.4240637809
0.4240637809
0.4224213330
0.4227133595
0.4215649310
0.4207718369
0.4189753445
0.4189753445
0.4174702262
0.4130067817
0.4091862869
0.4085462811
0.4107935182
0.4107935182
0.4113082088
0.4124806742
0.4125909611
0.4093721707
0.4080985912
0.4080985912
0.4063828131
0.4044061516
0.4019158717
0.4010023038
0.3996903657
0.3996903657
0.3981045886
0.3972433522
0.3962011073
0.2869723267
0.2863760944
0.2863760944
0.2850805750
0.2841303278
0.2833188507
0.2831439222
0.2831776436
0.2831776436
0.2826766117
0.2813537384
0.2808935537
0.2813165849
0.2813567731
0.2813567731
0.2814302164
0.2811690020
0.2805392987
0.2802009344
0.2790344889
0.2790344889
0.2779530187
0.2771703034
0.2765991004
0.3776220570
0.3774423674
0.3774423674
0.3804565942
0.3825504317
0.3837551865
0.3842592970
0.3819762921
0.3819762921
0.3797294456
0.3748152369
0.3682694791
0.3577354766
0.3567574605
0.3567574605
0.3564067530
0.3630465757
0.3658137885
0.3690064804
0.3692341315
0.3692341315
0.3654582019
0.3616439076
0.3591341034
0.3567427555
0.3534197347
0.3534197347
0.3486124568
0.3448737516
0.3407876822
0.3319338228
0.3239035924
0.3239035924
0.3112895876
0.3365355136
0.3366377607
0.3368767899
0.3372490389
0.3372490389
0.3375866767
0.3379541081
0.3382293262
0.3384945714
0.3387616044
0.3387616044
0.3392417950
0.3398647825
0.3400103682
0.3399912996
0.3400648780
0.3400648780
0.3408351061
0.3410188524
0.3412495697
0.3414552932
0.3419797574
0.3419797574
0.3421875162
0.3423984331
0.3437839711
0.3427371770
0.3410152659
0.3410152659
0.3394184478
0.3409407333
0.3441950496
0.3453973448
0.3451719967
0.3451719967
0.3419165019
0.3359966481
0.3315895716
0.3288535462
0.3275275143
0.3275275143
0.3271343021
0.3272820588
0.3271698864
0.3272990827
0.3277020211
0.3277020211
0.3280525356
0.3281690620
0.3373188262
0.3368746936
0.3355352772
0.3355352772
0.3344820098
0.3333547979
0.3331552721
0.3335265758
0.3341192503
0.3341192503
0.3341719428
0.3344232316
0.3351612132
0.3363127228
0.3374486702
0.3374486702
0.3387115064
0.3385825191
0.3381004681
0.3373833039
0.3365062201
0.3365062201
0.3353186352
0.3344139008
0.3332184785
0.3322232834
0.3313936023
0.3313936023
0.3301178673
0.3281736811
0.3262535097
0.3247008355
0.3228309722
0.3228309722
0.3204028388
0.3183932496
0.3173145687
0.3886945582
0.3888899898
0.3888899898
0.3875960188
0.3870069419
0.3875180284
0.3877518555
0.3879017953
0.3879017953
0.3879429309
0.3881406995
0.3885204267
0.6891188377
0.6905852805
0.6905852805
0.6921794322
0.6945308704
0.6970556539
0.6983276098
0.6990778343
0.6990778343
0.6989935377
0.6967810698
0.6965142773
0.6971405721
0.6957277638
0.6957277638
0.6940064964
0.6934683020
0.6923108450
0.6927183328
0.6944270658
0.6944270658
0.6974222568
0.7010031142
0.7017584442
0.7024211723
0.7026607175
0.7026607175
0.7016266155
0.7017799249
0.7002292865
0.6993347836
0.6962275949
0.6962275949
0.6920300457
0.6890055481
0.6881980415
0.6892473753
0.6907905829
0.6907905829
0.6920427467
0.6913329648
0.5421225526
0.5409875967
0.5419999053
0.5419999053
0.5424955541
0.5421637334
0.5417404244
0.5411792302
0.5409534581
0.5409534581
0.5408454620
0.5409384371
0.5407099693
0.5404038399
0.5401370441
0.5401370441
0.5394628976
0.5389152494
0.5379880621
0.5371599281
0.5366173328
0.5366173328
0.5360676053
0.5353237547
0.5348101559
0.5346516141
0.5342607490
0.5342607490
0.3538862422
0.3547448669
0.3577718919
0.3605576573
0.3622958896
0.3622958896
0.3637127233
0.3642948545
0.3642275500
0.3632306116
0.3622559290
0.3622559290
0.3610756807
0.3593363936
0.3579568633
0.3564602139
0.3545400132
0.3545400132
0.3526707800
0.3512419776
0.3504125837
0.3492016976
0.3052591649
0.3052591649
0.3079555083
0.3037223505
0.3042998087
0.3045574436
0.3048054558
0.3048054558
0.3061623659
0.3080620944
0.3095374669
0.3107962834
0.3101829494
0.3101829494
0.3102589258
0.3092522470
0.3083853972
0.3084720667
0.3082698400
0.3082698400
0.3080684870
0.3079345353
0.3070212092
0.3071614928
0.3077705132
0.3077705132
0.3083989930
0.3093963852
0.3101391445
0.3105335590
0.3109765707
0.3109765707
0.3111075600
0.3109104706
0.3106871146
0.3102995560
0.3097932830
0.3097932830
0.3091743726
0.3087445101
0.3085183728
0.3083082009
0.3081005110
0.3081005110
0.3793154621
0.3749295486
0.3713298820
0.3676143535
0.3635282008
0.3635282008
0.3584311036
0.3534050075
0.3480934702
0.3418961546
0.3370611166
0.3370611166
0.3323564317
0.3283004381
0.3240199598
0.3214871885
0.3184501135
0.3184501135
0.3156191245
0.3142172000
0.3116788361
0.3085841620
0.3050640296
0.3050640296
0.3027667247
0.3005700338
0.3392877757
0.3409213825
0.3395497207
0.3395497207
0.3358239010
0.3258707694
0.2568632362
0.2255021024
0.2654316942
0.2654316942
0.2761674802
0.2680554783
0.2679034295
0.2746917319
0.2745128616
0.2745128616
0.2782510411
0.2816308884
0.2841818176
0.2856915673
0.2874259746
0.2874259746
0.2883304103
0.2876447212
0.6875713314
0.6948241487
0.7014512917
0.7014512917
0.6770054777
0.6101939312
0.5288780880
0.4242046680
0.3591353496
0.3591353496
0.3428931413
0.3338471887
0.3333948899
0.3333528577
0.3333264468
0.3333264468
0.3333318651
0.3333777099
0.3333681028
0.3826666589
0.4951893549
0.4951893549
0.4161895085
0.3697099591
0.3316154257
0.3262428923
0.3734982975
0.3734982975
0.3300004720
0.3114928860
0.3323116796
0.4911506272
0.6176622382
0.6176622382
0.3394237586
0.3325625331
0.3326534172
0.3326197288
0.3325656661
0.3325656661
0.3326212613
0.3326764195
0.3326621396
0.3326349786
0.3326024457
0.3326024457
0.3327209852
0.3326781889
0.3326122812
0.4561543461
0.4562258908
0.4562258908
0.4561519114
0.4557373440
0.4554556445
0.4547015671
0.4543309319
0.4543309319
0.4537907009
0.4533670185
0.4534485788
0.4532049134
0.4528707569
0.4528707569
0.4519525972
0.4507189564
0.4503269370
0.4498058315
0.4495046198
0.4495046198
0.4498352937
0.4504185828
0.4514594466
0.4530109644
0.4553094409
0.4553094409
0.4573065385
0.4579182947
0.4586177303
0.4586801544
0.4589528204
0.4589528204
0.4586445199
0.4581417866
0.4580617739
0.4577549235
0.4574908123
0.4574908123
0.4573028089
0.4582240656
0.4597362028
0.4596305193
0.5188772432
0.5188772432
0.5177796149
0.5153943036
0.5147846672
0.5134184024
0.5100787745
0.5100787745
0.5046150073
0.5000093578
0.4950261375
0.4887613155
0.4835390713
0.4835390713
0.4801390767
0.4778480505
0.4763262588
0.4769502881
0.4758623004
0.4758623004
0.4751924849
0.4759956428
0.4716395719
0.4699687597
0.4688571297
0.4688571297
0.4642270045
0.4563310739
0.4575134161
0.4592353547
0.4597548089
0.4597548089
0.4605809391
0.4610284869
0.4665268198
0.4683454950
0.4683126068
0.4683126068
0.4687685812
0.4688522078
0.4742473131
0.4754319178
0.4749113920
0.4749113920
0.4780379771
0.3630117196
0.3659778784
0.3685667132
0.3695809174
0.3695809174
0.3687970959
0.3682288296
0.3681794667
0.3675781673
0.3680151123
0.3680151123
0.3694569074
0.3698466138
0.3716496180
0.3731760668
0.3742276307
0.3742276307
0.3748161051
0.3754235899
0.3763777088
0.3776162616
0.3775631840
0.3775631840
0.3754347720
0.3748945006
0.3748611495
0.3738131037
0.3718871132
0.3718871132
0.3708124252
0.3703595019
0.3694132392
0.3687690478
0.3695649640
0.3695649640
0.3711165248
0.3715101380
0.3710992479
0.3701321973
0.3056136748
0.3056136748
0.3052462506
0.3060465252
0.3067507880
0.3078764213
0.3092751091
0.3092751091
0.3109634932
0.3122627417
0.3126576270
0.3138596902
0.3151408850
0.3151408850
0.3164119979
0.3176049207
0.3186363498
0.3199897436
0.3211412296
0.3211412296
0.3226601954
0.3240600363
0.3253767883
0.3255918559
0.3260176711
0.3260176711
0.3268241890
0.3275981423
0.3272496400
0.3275375416
0.3281265878
0.3281265878
0.3284261284
0.3282908287
0.3288502206
0.3292287658
0.3301545900
0.3301545900
0.3302536479
0.3304615783
0.3308332706
0.3313545127
0.3318247092
0.3318247092
0.3320842799
0.3322640951
0.3325119099
0.3329910575
0.3334963392
0.3334963392
0.3341792471
0.3352093481
0.3364101212
0.3368705491
