0.3497317185
0.3497317185
0.3497317185
0.3497317185
0.3497317185
0.3497317185
0.3497317185
0.3497317185
0.3497317185
0.3497317185
0.3497317185
0.3526409471
0.3847744521
0.3847744521
0.3867193806
0.3906983919
0.3911065300
0.3751059326
0.3751059326
0.3759779900
0.3587722973
0.3603249577
0.3698990955
0.3698990955
0.3709188637
0.3898210529
0.3900219319
0.3878569489
0.3878569489
0.3875128770
0.3753184214
0.3754951306
0.3653582804
0.3653582804
0.3664618918
0.3764825545
0.3771980110
0.3900949445
0.3900949445
0.3902890427
0.3896311324
0.3878534542
0.3804162564
0.3804162564
0.3782799116
0.3625222643
0.3611857821
0.3615970328
0.3615970328
0.3602387417
0.3636518288
0.3627228580
0.3664960432
0.3664960432
0.3657774530
0.3674328488
0.3688219629
0.3684052698
0.3684052698
0.3693933314
0.3730361801
0.3753878869
0.3751584157
0.3751584157
0.3775740788
0.3845947715
0.3871825355
0.3845694834
0.3845694834
0.3877909894
0.3754014365
0.3801864366
0.3867475042
0.3867475042
0.3905290757
0.3993282226
0.4022140923
0.4183481047
0.4183481047
0.4218146749
0.4208126663
0.4239119994
0.4209497421
0.4209497421
0.4249253904
0.4317086021
0.4328518372
0.4343162798
0.4343162798
0.3337980938
0.3327850567
0.3325177469
0.3310927776
0.3310927776
0.3266475033
0.3240480749
0.3238355664
0.3231764970
0.3231764970
0.3234668910
0.3247004059
0.3234237993
0.3235237915
0.3235237915
0.3234657851
0.3236518754
0.3246149466
0.3251974206
0.3251974206
0.3245168717
0.3231063109
0.3223211582
0.3229465436
0.3229465436
0.3243376076
0.3251893083
0.3257752391
0.3262657283
0.3262657283
0.3276135105
0.3248591232
0.3237970422
0.3209048321
0.3209048321
0.3159392212
0.3146625554
0.3134854804
0.3136322011
0.3136322011
0.3153915873
0.3164296299
0.3146901414
0.3133726060
0.3133726060
0.3115562416
0.3070717401
0.3044706306
0.3024340675
0.3024340675
0.3018338034
0.3026935043
0.3050774624
0.3057416302
0.3057416302
0.3061726903
0.3061246777
0.3059431841
0.3059934808
0.3059934808
0.3063050742
0.3104916742
0.3116844418
0.3132256527
0.3132256527
0.3125553564
0.3111614942
0.3090269334
0.3072760424
0.3072760424
0.3061693456
0.3061733435
0.3070965003
0.3069781855
0.3069781855
0.3070343007
0.4241581428
0.4239988591
0.4238413407
0.4238413407
0.4234494546
0.4229690909
0.4226202707
0.4220200642
0.4220200642
0.4216489975
0.4212730956
0.4207998138
0.5499478437
0.5499478437
0.5499804478
0.5499456164
0.5498566606
0.5497904378
0.5497904378
0.5497702944
0.5496265006
0.5496181878
0.5495683364
0.5495683364
0.5495906295
0.5494596009
0.1548980632
0.1549249808
0.1549249808
0.1549430622
0.1549528622
0.1549643840
0.1549621978
0.1549621978
0.1549642459
0.1549569832
0.1549535786
0.1549552955
0.1549552955
0.6897902991
0.6897906611
0.6897897225
0.6828783049
0.6828783049
0.6828781647
0.6829136327
0.6588312819
0.6588139467
0.6588139467
0.6588127322
0.2343385042
0.2348671902
0.2353716790
0.2353716790
0.2357995821
0.2361823235
0.2365917309
0.2370654730
0.2370654730
0.2374031471
0.2378527745
0.2382191238
0.2383861812
0.2383861812
0.2388313276
0.2392032525
0.5579929824
0.5579929824
0.5566202284
0.5568162497
0.5619780233
0.5731101410
0.5734223454
0.5734223454
0.5811084880
0.5777025767
0.5714656416
0.5666820096
0.5666820096
0.5634886612
0.5689125517
0.5741440949
0.5741440949
0.5808835784
0.5819072395
0.0000000724
0.0000000000
0.0000000000
0.0000000000
0.0000000000
0.0000000000
0.0000000000
0.0000000000
0.0000000000
0.0000000000
0.0000000000
0.0000000000
0.0000000000
0.0000000000
0.0000000000
0.0000000000
0.0000000000
0.0000000000
0.0000000000
0.1772841944
0.2378672902
0.2818456266
0.2818456266
0.3181576477
0.3495804459
0.3773628294
0.4029854877
0.4029854877
0.4267712274
0.4487604972
0.4691760639
0.4875154381
0.4875154381
0.5067751595
0.5068970517
0.5065033140
0.5066729973
0.5066729973
0.5066859135
0.5064315002
0.5065122849
0.5065856657
0.5065856657
0.5058050623
0.5056910281
0.5056852955
0.5052617176
0.5052617176
0.5051470373
0.5051318885
0.5049352551
0.5049382520
0.5049382520
0.5050757680
0.5056108829
0.5058824450
0.5060485286
0.5060485286
0.5063161707
0.5065189681
0.5068073198
0.5068457063
0.5068457063
0.5071748612
0.5073747647
0.5075099362
0.5076999421
0.5076999421
0.5080125214
0.5084602845
0.5090112750
0.5093508680
0.5093508680
0.5099905334
0.5104535450
0.5108843716
0.5111972445
0.5111972445
0.5117983154
0.5125403852
0.5130607967
0.5132229185
0.5132229185
0.5131605427
0.0000017662
0.0000000000
0.0000000000
0.0000000000
0.0000000000
0.0000000000
0.0000000000
0.2083598368
0.2083598368
0.2791608338
0.3307211168
0.3729919163
0.4097522932
0.4097522932
0.4417682841
0.4716513785
0.4981690516
0.5236446903
0.5236446903
0.5472075930
0.5703825931
0.5918687984
0.5918727788
0.5918727788
0.5919588694
0.5919720321
0.5920136372
0.5922040398
0.5922040398
0.5922560151
0.5922683946
0.5924123843
0.5924276207
0.5924276207
0.5924701123
0.5926973596
0.5927208753
0.5927200469
0.5927200469
0.5926887004
0.5926721071
0.5926876402
0.5927044506
0.5927044506
0.5927081386
0.5926997349
0.5926973537
0.5926927826
0.5926927826
0.5926866116
0.5927090676
0.4511866175
0.4902417508
0.4902417508
0.5019392493
0.4468403850
0.4094616713
0.4236569713
0.4236569713
0.4026027487
0.4152942666
0.4080733309
0.4080863005
0.4080863005
0.4075463918
0.4068364833
0.4053371427
0.4053229591
0.4053229591
0.4052962720
0.2705052998
0.2607802501
0.1721557681
0.1721557681
0.1400165639
0.1175035824
0.1098594038
0.1007706173
0.1007706173
0.0973478786
0.0806978967
0.0928643256
0.1085480236
0.1085480236
0.1204990438
0.1283077996
0.1283525139
0.1283521342
0.1283521342
0.2659828257
0.2660021098
0.2660428908
0.2660556815
0.2660556815
0.2660545966
0.2660564758
0.2660591784
0.2660662626
0.2660662626
0.2660650767
0.2660711815
0.2660693131
0.2660770997
0.2660770997
0.2660807968
0.2660835644
0.2660822564
0.2660832783
0.2660832783
0.2660766946
0.2660848803
0.2660873298
0.6713282954
0.6713282954
0.6741437737
0.6764586186
0.6791428694
0.6810051559
0.6810051559
0.6817101307
0.6836867499
0.6888244876
0.6906067123
0.6906067123
0.6924490393
0.6937739607
0.6944547062
0.6958229519
0.6958229519
0.6967701832
0.6975657026
0.6978007460
0.6983045407
0.6983045407
0.6986483896
0.6984815330
0.6986035103
0.6986260752
0.6986260752
0.6984272563
0.6983539535
0.6982711708
0.6985720087
0.6985720087
0.6984762297
0.6984247112
0.6981712989
0.6980849698
0.6980849698
0.6980206800
0.6978046525
0.6977222913
0.6976544782
0.6976544782
0.6977571986
0.6976727492
0.6975793492
0.6977024789
0.6977024789
0.6976449878
0.6975575060
0.6972667247
0.6972667247
0.6971911359
0.6971349823
0.6968754891
0.6968029275
0.6968029275
0.6967292361
0.6967885871
0.6967155609
0.6966712200
0.6967835896
0.6967835896
0.6967084732
0.6966488214
0.6962216186
0.6962216186
0.6961722442
0.6960883624
0.6961775966
0.6961047668
0.6961047668
0.6960420611
0.6961770150
0.6961095376
0.6959859002
0.6959859002
0.6955765908
0.6954957088
0.6954244902
0.4530551350
0.4530551350
0.4502404928
0.4502180536
0.4502161535
0.4493474718
0.4493474718
0.4493554250
0.4493655885
0.4475263438
0.4475198205
0.4475198205
0.4475121527
0.4503155529
0.4503152516
0.4503034274
0.4503034274
0.4520748646
0.4520684217
0.4520590671
0.4537951605
0.4537951605
0.4538050629
0.4538092201
0.4538109324
0.4538003048
0.4538003048
0.4538003443
0.4537890183
0.4537883939
0.4538050820
0.4538050820
0.4538024318
0.4538012951
0.4538025834
0.4537893713
0.4537893713
0.1573841374
0.1573622368
0.1573571505
0.1542571839
0.1542571839
0.1542705175
0.1542693845
0.1499633429
0.1499718206
0.1499718206
0.1499761761
0.1479779008
0.1479879809
0.1479938110
0.1479938110
0.1454222818
0.1454843204
0.1454924672
0.1406354748
0.1406354748
0.1406352627
0.1406320779
0.1390311326
0.1390462535
0.1390462535
0.1390459626
0.1375985790
0.1376051138
0.1376098878
0.1376098878
0.1373174785
0.1373051643
0.1372952562
0.1370399145
0.1370399145
0.1370418085
0.1370301193
0.1382030508
0.1382108998
0.1382108998
0.1382029136
0.1404003419
0.1404152377
0.1404061282
0.1404061282
0.1417399326
0.1417499947
0.1417557333
0.1432103607
0.1432103607
0.1432227197
0.1432151563
0.1452877568
0.1453411365
0.1453411365
0.1453471834
0.1467413057
0.1467501545
0.1467761851
0.1467761851
0.1480949622
0.1481090820
0.1481090226
0.2650754010
0.2650754010
0.2650303421
0.2649288714
0.2649284973
0.2649141984
0.2649141984
0.2649089800
0.2649270118
0.2649227896
0.2649182933
0.2649182933
0.2649132274
0.2649113053
0.2649976608
0.2650306698
0.2650306698
0.2650316439
0.2649289281
0.2649132154
0.2649308057
0.2649308057
0.2648947907
0.2649051213
0.2648975749
0.2648617794
0.2648617794
0.2648501953
0.2648487636
0.2650372991
0.2650413543
0.2650413543
0.2650372124
0.2649808912
0.2649790167
0.2649753124
0.2649753124
0.2649841853
0.2649728113
0.2649644963
0.2649720839
0.2649720839
0.2649704352
0.2649791534
0.2649798252
0.2649796658
0.2649796658
0.2649770082
0.2649775199
0.2649724012
0.2649631430
0.2649631430
0.1906953093
0.1898801471
0.1899281938
0.1916880110
0.1916880110
0.1916877808
0.1933196998
0.1933661138
0.1988980127
0.1988980127
0.1989637514
0.2048645172
0.2048792954
0.2099258052
0.2099258052
0.2099815482
0.2124702458
0.2124737201
0.2134686758
0.2134686758
0.2134360567
0.2134425303
0.2147736354
0.2147079947
0.2147079947
0.2147043152
0.2146944129
0.2146867353
0.2146711099
0.2146711099
0.2146786579
0.2146726724
0.3392290329
0.3392330727
0.3392330727
0.3392225360
0.3392306775
0.3392431079
0.3392355271
0.3392355271
0.3392452895
0.3392416186
0.3392821732
0.3392702423
0.3392702423
0.3392929651
0.3393415291
0.3392761500
0.3392776655
0.3392776655
0.3392883999
0.3392818331
0.3392900765
0.3392840247
0.3392840247
0.3392899860
0.3392739616
0.4055275136
0.4327391183
0.4327391183
0.4327397101
0.4635120008
0.4635050865
0.4626160462
0.4626160462
0.4626162854
0.4598853618
0.4598980608
0.4598936356
0.4598936356
0.4573432381
0.4573244788
0.4573322632
0.4532927210
0.4532927210
0.4532995182
0.4532923176
0.4536154846
0.4535977973
0.4535977973
0.4535989333
0.0410590587
0.0364748658
0.0364748658
0.0440578512
0.0403784425
0.0387014274
0.0423036684
0.0423036684
0.0381392504
0.0377209530
0.0395068308
0.0389291794
0.0389291794
0.0372867929
0.0374813045
0.0377900644
0.0370653062
0.0370653062
0.0364359189
0.0349678456
0.0348086317
0.0353498269
0.0353498269
0.0364888086
0.0375850957
0.0381585807
0.0381639813
0.0381639813
0.0378403895
0.0370631618
0.0361606042
0.0357645575
0.0357645575
0.0355540861
0.0355779372
0.0363338982
0.0375928137
0.0375928137
0.0388215105
0.0389178881
0.0390264609
0.0390797750
0.0390797750
0.0391366983
0.0391007257
0.0390641126
0.0391888381
0.0391888381
0.0395334492
0.0397276179
0.0398986335
0.0396360945
0.0396360945
0.0391633663
0.0381734245
0.0368846894
0.0361537905
0.0361537905
0.0353782657
0.0349249539
0.0348449175
0.0347950769
0.0347950769
0.0347064038
0.0347507273
0.0350176727
0.1179384251
0.1179384251
0.1217830637
0.1243759626
0.1345333241
0.1443542159
0.1443542159
0.1561220178
0.1654034655
0.1766728670
0.1866821494
0.1866821494
0.1989592980
0.2090589368
0.2123539171
0.2139600603
0.2139600603
0.2165568061
0.2182392394
0.2201311406
0.2217062633
0.2217062633
0.2234797631
0.2213121232
0.2225883957
0.2242753133
0.2242753133
0.2264689026
0.2279872186
0.2299929813
0.2314853094
0.2314853094
0.2329651906
0.2348885893
0.2371285501
0.2385972313
0.2385972313
0.2409175860
0.2423713867
0.2431931248
0.2431740067
0.2431740067
0.2431813575
0.2443324089
0.2443274709
0.2443629096
0.2443629096
0.2453573055
0.2453510304
0.2453588288
0.2465786344
0.2465786344
0.2465867589
0.2465681903
0.2465936907
0.2465985560
0.2465985560
0.2466081431
0.2466259275
0.2466268357
0.2466189266
0.2466189266
0.2466448423
0.1450886621
0.1449567467
0.1448241414
0.1448241414
0.1454269154
0.1453957730
0.1434924246
0.1434778822
0.1434778822
0.1504074887
0.1504141913
0.1522160779
0.1522221919
0.1522221919
0.1522364169
0.1540692997
0.1540843998
0.1540651570
0.1540651570
0.1533799359
0.1533671458
0.1533578059
0.1572424618
0.1572424618
0.1572668313
0.1572649378
0.1616517471
0.1616358506
0.1616358506
0.1616221987
0.1669778181
0.1670045284
0.1670106577
0.1670106577
0.1704030395
0.1703581858
0.1703784863
0.1765215151
0.1765215151
0.1765502440
0.1765412601
0.1805808991
0.1805154291
0.1805154291
0.1804768357
0.1867213148
0.1866836514
0.1866430748
0.1866430748
0.1869349818
0.1868652902
0.1868668993
0.1855938827
0.1855938827
0.1855761644
0.1854872688
0.1857067552
0.1856529922
0.1856529922
0.1855106908
0.1830086212
0.1829541764
0.1829173131
0.1829173131
0.1839620909
0.1839089512
0.1838300717
0.1817822393
0.1817822393
0.1817172475
0.1816252771
0.1834118429
0.1833794951
0.1833794951
0.2399455547
0.2399551148
0.2400027113
0.2400191107
0.2400191107
0.2400112239
0.2400162728
0.2400251469
0.2425698190
0.2425698190
0.2499914082
0.2613261936
0.2734156327
0.2822892065
0.2822892065
0.2854250872
0.2855001941
0.2855525707
0.2856029045
0.2856029045
0.2855786289
0.2855689904
0.5526832331
0.5533197803
0.5533197803
0.5594569755
0.5665734167
0.5632321625
0.5737303169
0.5737303169
0.5687280532
0.5855533283
0.5886774633
0.5886774633
0.6275859978
0.5911538101
0.6283777931
0.5915164652
0.5915164652
0.6473310180
0.6497056627
0.6297706391
0.6583144429
0.6583144429
0.6390058581
0.6632529284
0.6412260435
0.6461762929
0.6461762929
0.5742944325
0.6346091664
0.5868166118
0.4116240761
0.4116240761
0.4142983159
0.4214283216
0.4275063119
0.4346172623
0.4346172623
0.4384193444
0.4425363093
0.4450999871
0.4466895955
0.4466895955
0.4501797653
0.4541017552
0.4558057263
0.4564906461
0.4564906461
0.4570460998
0.4549400979
0.4493315689
0.4425844123
0.4425844123
0.4366704380
0.4319476901
0.4318412340
0.4322602769
0.4322602769
0.4334058766
0.4337322227
0.3147628488
0.3128307191
0.3128307191
0.3095127373
0.3071542224
0.3067059059
0.3036364339
0.3036364339
0.3020882514
0.3017090386
0.3002842891
0.2995241299
0.2995241299
0.2985667054
0.2964485879
0.2899194454
0.2841542140
0.2841542140
0.2783018310
0.2721122163
0.2716654626
0.2725047864
0.2725047864
0.2731421883
0.2764285668
0.2818109437
0.2866473703
0.2866473703
0.2894932330
0.2914810812
0.2891333872
0.2849958198
0.2849958198
0.2793057769
0.2744764620
0.2700432864
0.2667166974
0.2667166974
0.2646437497
0.2658453326
0.2682787442
0.2736343396
0.2736343396
0.2750464340
0.2763141986
0.2773611558
0.2743744838
0.2743744838
0.2712766126
0.2685381978
0.2653277475
0.2640461252
0.2640461252
0.2652461871
0.2676884694
0.2724099832
0.1327498667
0.1327498667
0.1363610716
0.1370415541
0.1379225672
0.1336504424
0.1336504424
0.1342775799
0.1348181373
0.1375435520
0.1378004760
0.1378004760
0.1380401896
0.1362200403
0.1362521141
0.1364787349
0.1364787349
0.1345957596
0.1347609871
0.1348855254
0.1365884099
0.1365884099
0.1366029935
0.1367583604
0.1404891889
0.1405900351
0.1405900351
0.1405819612
0.1399759571
0.1399606034
0.1400375896
0.1400375896
0.1401947016
0.1402926165
0.1403463132
0.1405380057
0.1405380057
0.3092662639
0.3092981203
0.3093041902
0.3092892958
0.3092892958
0.3092677202
0.3093447879
0.3093468938
0.3093373541
0.3093373541
0.3093914763
0.3091710174
0.3092035299
0.3092772214
0.3092772214
0.3091995828
0.3093944234
0.3094645979
0.3090911489
0.3090911489
0.3091252039
0.3093567327
0.3087663797
0.3088750386
0.3088750386
0.3088723700
0.3079836837
0.3079605996
0.3079692256
0.3079692256
0.3076106462
0.3077519948
0.4245839002
0.4246263671
0.4246263671
0.4246755636
0.4247279617
0.4247881282
0.4248325419
0.4248325419
0.4248803955
0.4249049539
0.4248914844
0.4249184538
0.4249184538
0.4249756898
0.4250050299
0.4250352669
0.4261052201
0.4261052201
0.4280049827
0.4297215126
0.4309921127
0.4329574698
0.4329574698
0.4342095001
0.4350809892
0.4371369958
0.4386425738
0.4386425738
0.4404280361
0.4429492085
0.4440828663
0.4457449477
0.4457449477
0.4469169539
0.4517926836
0.4547333162
0.4581791539
0.4581791539
0.4590926476
0.4596980399
0.4630798493
0.4642648018
0.4642648018
0.4689386846
0.4734590774
0.4801577252
0.8128442542
0.8128442542
0.6416854932
0.8591204279
0.1379780233
0.0599759623
0.0599759623
0.0695796750
0.0356939869
0.0357571348
0.0358563621
0.0358563621
0.0358957172
0.0359649224
0.0358105659
0.0353361828
0.0353361828
0.0347294887
0.0345704740
0.0345657021
0.0350559826
0.0350559826
0.0357247672
0.0371451148
0.0376652677
0.0376752796
0.0376752796
0.0374108214
0.0368010929
0.0357594818
0.0353090839
0.0353090839
0.0351080561
0.0351217615
0.0356835409
0.0373466998
0.0373466998
0.0383099996
0.0384920813
0.0385119130
0.6258036099
0.6258036099
0.6164258540
0.6115906737
0.6103171749
0.6103171749
0.6023039927
0.5944083775
0.5852986704
0.5810056032
0.5810056032
0.5701103279
0.5595294956
0.5461651456
0.3155581196
0.2332942445
0.2332942445
0.1606957249
0.1853584747
0.1909842213
0.1909842213
0.2212382649
0.2451076694
0.3837762936
0.2855386548
0.2855386548
0.1884593450
0.1667977058
0.2009384359
0.1811437265
0.1811437265
0.1577979097
0.3518848015
0.1705003480
0.1932523681
0.1932523681
0.2372105166
0.2391582662
0.4816254230
0.8129099539
0.8129099539
0.6429267011
0.8596237110
0.1412489321
0.0625953045
0.0625953045
0.0704295112
0.0360045347
0.0379133539
0.0377244774
0.0377244774
0.0377990125
0.0377281294
0.0376711546
0.0371657834
0.0371657834
0.0371354102
0.0369893778
0.0368926366
0.0370911772
0.0370911772
0.0378706654
0.0386666379
0.0401077035
0.0400114852
0.0400114852
0.0395510236
0.0382448608
0.0378756942
0.0372948268
0.0372948268
0.0371648581
0.0371525836
0.0379510688
0.0388634688
0.0388634688
0.0401111655
0.0402656631
0.0403544551
0.0403756149
0.0403756149
0.0403972550
0.0403656183
0.0403789933
0.1686236237
0.1686236237
0.1438016375
0.1265873623
0.1137779851
0.1077668092
0.1077668092
0.1048971893
0.1061200061
0.1141714816
0.1206045679
0.1206045679
0.1281291375
0.1342555583
0.1359404629
0.1359396767
0.1359396767
0.1327398501
0.1305690695
0.1308056809
0.1314550912
0.1314550912
0.1358137368
0.1443754056
0.1476635632
0.1535769497
0.1535769497
0.1656532561
0.1736972948
0.1747176034
0.1943386091
0.1943386091
0.2080166242
0.2207798409
0.2311178603
0.2268790965
0.2268790965
0.2360790310
0.2253703166
0.3595760166
0.3585324140
0.3585324140
0.3571605611
0.3556278851
0.3539756454
0.3522186988
0.3522186988
0.3505307578
0.3486844942
0.3467961354
0.3450318016
0.3450318016
0.3431655871
0.3413420269
0.3396642629
0.3374775269
0.3374775269
0.2402859632
0.2403894263
0.2412176061
0.2420117353
0.2420117353
0.2423013300
0.2424166188
0.2425258792
0.2439028392
0.2439028392
0.2442447634
0.2437994448
0.2454901371
0.2457471456
0.2457471456
0.1956582297
0.2432356379
0.2513077457
0.2542845754
0.2542845754
0.2442477024
0.2350218387
0.2326623464
0.2320898376
0.2320898376
0.2306018697
0.2302812335
0.2288869013
0.2286900123
0.2286900123
0.2273057691
0.2270613555
0.2256162563
0.2254259463
0.2254259463
0.2237058413
0.5078927298
0.5167878050
0.5317776814
0.5317776814
0.5457761298
0.5457045312
0.5457955026
0.5454920871
0.5454920871
0.5454278006
0.5449593611
0.5441339994
0.5433663514
0.5433663514
0.5426038717
0.5421756949
0.5427479267
0.5425851572
0.5425851572
0.5449042996
0.5446404517
0.5446522727
0.5470199783
0.5470199783
0.5462593674
0.5454779047
0.5458560851
0.5454484703
0.5454484703
0.5458386624
0.5454431499
0.2842408943
0.2693468816
0.2693468816
0.2639702446
0.2562056327
0.2566879758
0.2495284512
0.2495284512
0.2480874129
0.2601849126
0.2552743354
0.2540406606
0.2540406606
0.2524065326
0.2529541753
0.2509333859
0.2507705914
0.2507705914
0.2494667949
0.2569622358
0.2535511631
0.2455982832
0.2455982832
0.4370785600
0.3073813961
0.2555929548
0.2549661308
0.2549661308
0.2394078834
0.2384174703
0.2309894210
0.2311809580
0.2311809580
0.2526421713
0.2529154592
0.2392546089
0.2400379455
0.2400379455
0.2535477429
0.2549519145
0.4248559864
0.2864233065
0.2864233065
0.5696261752
0.4269745644
0.4544239574
0.4544239574
0.4359672543
0.4250222944
0.4268116216
0.3580428415
0.3580428415
0.3624335269
0.5848133342
0.5881602233
0.5837619931
0.5837619931
0.5825924872
0.5877025866
0.5720723168
0.5731747260
0.5731747260
0.5746100525
0.3888109047
0.3887805822
0.3888061938
0.3888061938
0.3888137096
0.3888144362
0.3888191474
0.3888213374
0.3888213374
0.1072657090
0.1072448406
0.1696673157
0.4228593107
0.4228593107
0.4248535374
0.1896387003
0.2109019121
0.3770109010
0.3770109010
0.3522970959
0.3089623380
0.2920353972
0.2732562202
0.2732562202
0.2570867985
0.2388710952
0.2208101293
0.2029649294
0.2029649294
0.1850677047
0.1692125516
0.1551095615
0.1432393942
0.1432393942
0.1314574039
0.1314214208
0.1311423175
0.1310317219
0.1310317219
0.1316170469
0.1316437233
0.1316920702
0.1324379707
0.1324379707
0.1327820516
0.1330119455
0.1339374805
0.1340091831
0.1340091831
0.2855700785
0.3084342059
0.2856440215
0.3084970268
0.3084970268
0.2857072459
0.3083786767
0.2858216826
0.3086244141
0.3086244141
0.0811054378
0.0811404607
0.0811543695
0.0811878958
0.0811878958
0.0812020144
0.0812227205
0.0812335402
0.1588993490
0.1588993490
0.1588982023
0.1589085521
0.1588985463
0.1589048621
0.1589048621
0.1588996164
0.1588921476
0.1588973497
0.0531999615
0.0531999615
0.0532579467
0.0532681079
0.0532780875
0.0532935471
0.0532935471
0.0533027838
0.0755805673
0.1053445168
0.2270044862
0.2270044862
0.3041882917
0.3068189028
0.3463955220
0.3630416944
0.3630416944
0.4700095928
0.4856729073
0.5948687125
0.5824601830
0.5824601830
0.6554745484
0.6820036279
0.7628514568
0.7568636820
0.7568636820
0.7388594910
0.7402008730
0.7005861175
0.7480406354
0.7480406354
0.8265318357
0.7893890096
0.7302724569
0.6609197035
0.6609197035
0.3102232559
0.3101948359
0.3102166570
0.3079383051
0.3079383051
0.3921141115
0.4411311470
0.5200653363
0.5790568046
0.5790568046
0.6362546807
0.6892616841
0.7463310289
0.7839031418
0.7839031418
0.8003977178
0.8244958886
0.8265919666
0.8235547530
0.8235547530
0.8169626922
0.8141457003
0.8125600471
0.8097961495
0.8097961495
0.8069416928
0.8076700541
0.8055699335
0.8152147577
0.8152147577
0.8157650899
0.8004308414
0.1116168807
0.1109401005
0.1109401005
0.1054198241
0.0972173537
0.0981838147
0.0970369877
0.0970369877
0.0976269744
0.0983509824
0.0946659714
0.0951264951
0.0951264951
0.0951098128
0.0826500639
0.0827456383
0.0827433268
0.0827433268
0.0774762815
0.0774382607
0.0774321774
0.0770113343
0.0770113343
0.0770039987
0.0769480256
0.0764790750
0.0764408184
0.0764408184
0.0764484213
0.0760070608
0.0759949083
0.0759445743
0.0759445743
0.0756145586
0.0756033441
0.0756288682
0.3317316104
0.3317316104
0.3319338546
0.3321203915
0.3319858543
0.3315577279
0.3315577279
0.3313575727
0.3319049468
0.3325751077
0.3332400164
0.3332400164
0.3337118167
0.3340396493
0.3342400923
0.3341769806
0.3341769806
0.3338346668
0.3336390958
0.3342117737
0.3348342666
0.3348342666
0.3355604396
0.3359367578
0.3363544528
0.3366179705
0.3366179705
0.3365043469
0.3361605213
0.3358986123
0.3365128163
0.3365128163
0.3371634904
0.3378393913
0.3383584267
0.3386322116
0.3386322116
0.2853222630
0.2850382827
0.2848105574
0.2845420104
0.2845420104
0.2842576076
0.2840858678
0.2837956853
0.2838098953
0.2838098953
0.2836173899
0.2834226648
0.2832484784
0.2832484784
0.2830519600
0.2827488129
0.2825629496
0.2823123672
0.2823123672
0.2820340822
0.2817392377
0.2815979900
0.2812643000
0.2812643000
0.2809891625
0.2807237756
0.2806277576
0.2803831729
0.2803831729
0.2803303896
0.2800529681
0.2800964912
0.2796909752
0.2796909752
0.2794162915
0.2792339235
0.2789323433
0.2786792486
0.2786792486
0.2784505297
0.2781324525
0.2780150639
0.2776915484
0.2776915484
0.2775193290
0.2773763296
0.2771512796
0.2768960290
0.2768960290
0.2767635246
0.2815847604
0.2814783923
0.2814518392
0.2814518392
0.2812824746
0.2811428940
0.2810907108
