0.1894582949
0.1894582949
0.1894582949
0.1894582949
0.1894582949
0.1894582949
0.1894582949
0.1894582949
0.1894582949
0.1894582949
0.1894582949
0.1892924274
0.1892014515
0.1891162762
0.1894312758
0.1894312758
0.1899130611
0.1905562888
0.1911429574
0.1919362624
0.1919362624
0.1926222856
0.1934762445
0.1943038647
0.1950750884
0.1950750884
0.1958686048
0.1966355866
0.1973255728
0.1978415125
0.1978415125
0.1983024698
0.1987821075
0.1989508401
0.1989373274
0.1989373274
0.3205420198
0.3195657072
0.3188587655
0.3181582047
0.3181582047
0.3175760482
0.3170601063
0.3165695513
0.3163064546
0.3163064546
0.3160916097
0.3158753847
0.3157733707
0.3156637117
0.3156637117
0.3155418889
0.3153991609
0.1802817247
0.1797505034
0.1797505034
0.1786351429
0.1773848252
0.1763427445
0.1758149803
0.1758149803
0.1755489518
0.1754165492
0.1754873323
0.1754806280
0.1754806280
0.1752706572
0.1749446216
0.1746725559
0.1744467222
0.1744467222
0.1743316138
0.1740980294
0.1738979122
0.2291834758
0.2291834758
0.2254151398
0.2220297565
0.2181863171
0.2145836132
0.2145836132
0.2041090543
0.2025150917
0.2011693313
0.1997742612
0.1997742612
0.1990161774
0.1985396921
0.1977235405
0.1968686484
0.1968686484
0.1963532460
0.1958115438
0.2293317784
0.2293317784
0.2278389354
0.2261674623
0.2251097071
0.2241133296
0.2241133296
0.2226750852
0.2212490842
0.2201597395
0.2190327473
0.2190327473
0.2174400044
0.2156453512
0.2141667093
0.2129016012
0.2129016012
0.2114060299
0.2101891235
0.2087633626
0.2074481857
0.2074481857
0.1330082661
0.1331343570
0.1333623668
0.1336323520
0.1336323520
0.1340047808
0.1341253501
0.1342548362
0.1343283254
0.1343283254
0.1344773555
0.1345186770
0.1345901822
0.1346152333
0.1346152333
0.1346410757
0.1346492234
0.1346242002
0.1346175570
0.1346175570
0.1346239730
0.1345914769
0.1346081996
0.1346223661
0.1346223661
0.1346335078
0.1346478409
0.1346399593
0.1346503131
0.1346503131
0.1346068786
0.1346183267
0.1346408970
0.2260750817
0.2260750817
0.2272524639
0.2277645880
0.2283266510
0.2288945707
0.2288945707
0.2296446859
0.2304501570
0.2311425179
0.2318098846
0.2318098846
0.2328459269
0.2336035671
0.2341841426
0.2345679819
0.2345679819
0.2350027986
0.2355410409
0.2361557374
0.2368200116
0.2368200116
0.2376621381
0.2385778522
0.2393702048
0.2401835494
0.2401835494
0.2412228563
0.2420070550
0.2426508883
0.2434858380
0.2434858380
0.2440110136
0.2448959599
0.2457753042
0.2472046500
0.2472046500
0.2484900965
0.3354723009
0.3355229084
0.3355844605
0.3355844605
0.3357000896
0.3358737858
0.3360706209
0.3362467793
0.3362467793
0.3363115094
0.3364695017
0.3367127338
0.3377521082
0.3377521082
0.3388662287
0.3393755140
0.3390692656
0.3387048104
0.3387048104
0.3382091877
0.3377857989
0.2529590526
0.2527787769
0.2527787769
0.2527334833
0.2524203411
0.2521958970
0.2520523884
0.2520523884
0.2518884190
0.2517051427
0.2515136640
0.2513928364
0.2513928364
0.2512297553
0.2512063350
0.2512777931
0.2514279318
0.2514279318
0.2515025960
0.2516429597
0.2517772428
0.2518876541
0.2518876541
0.2519276640
0.2519695045
0.2522479900
0.2525143621
0.2525143621
0.2527291734
0.2530521578
0.2532871604
0.3014338610
0.3014338610
0.3017516021
0.2951460848
0.2819274872
0.2814604035
0.2814604035
0.2821784768
0.2832805685
0.2838973990
0.2847235627
0.2847235627
0.2854473026
0.2855206942
0.2854024217
0.2855625928
0.2855625928
0.2857174857
0.2857730520
0.2858528601
0.2860292210
0.2860292210
0.2859259511
0.2021800695
0.2024711174
0.2032943159
0.2032943159
0.2040221415
0.2049222750
0.2060842065
0.2061679663
0.2061679663
0.2060805383
0.2062009704
0.2061988097
0.2372759698
0.2372759698
0.2372415730
0.2373709340
0.2375707523
0.2377824601
0.2377824601
0.2382952345
0.2389116537
0.2395851915
0.2402032967
0.2402032967
0.2409672044
0.2415918038
0.2421961185
0.2425924136
0.2425924136
0.2427303844
0.2428702181
0.2430255916
0.2432205083
0.2432205083
0.2433557956
0.2435939388
0.2437710700
0.2440181450
0.2440181450
0.2440658003
0.2440798834
0.2442917043
0.2444687092
0.2444687092
0.2445384859
0.2444095420
0.2440292882
0.2421859379
0.2421859379
0.2398577118
0.2423078165
0.2431039100
0.2432955632
0.2432955632
0.2439308427
0.2449820316
0.2459622321
0.2466527499
0.2466527499
0.2471652316
0.2474336919
0.2476388705
0.2481321849
0.2481321849
0.2486882322
0.2495544785
0.2503642288
0.1794299139
0.1794299139
0.1794814940
0.1795613723
0.1796611632
0.1797881458
0.1797881458
0.1800746100
0.1803667624
0.1804263231
0.1805139629
0.1805139629
0.1807655193
0.1808686912
0.1809686115
0.1809686115
0.1809952866
0.1810514646
0.1811278865
0.1811630543
0.1811630543
0.1811967002
0.1812987727
0.1813108487
0.1813419222
0.1813118607
0.1813118607
0.1813231930
0.1813201537
0.1813416312
0.1813416312
0.1813994378
0.1815059570
0.1815698790
0.1815982674
0.1815982674
0.2537585466
0.2679256043
0.2809476245
0.2419430732
0.2419430732
0.2294709648
0.2344860119
0.2266001471
0.2161914398
0.2161914398
0.2059819517
0.2009334003
0.2053157128
0.2101412847
0.2101412847
0.2108657884
0.2082458451
0.2088230497
0.2104477119
0.2104477119
0.2126924841
0.2130268786
0.1608758244
0.1615823528
0.1615823528
0.1625823106
0.1638074998
0.1650820604
0.1663893749
0.1663893749
0.1677032015
0.1694122088
0.1713399689
0.1724055739
0.1724055739
0.1721587489
0.1712660031
0.1710188439
0.1708584740
0.1708584740
0.2778452994
0.2770346629
0.2761557546
0.2766235703
0.2766235703
0.2786924686
0.2818584022
0.2837079804
0.2852293527
0.2852293527
0.2859466330
0.2857426155
0.2865169475
0.2865643090
0.2865643090
0.2864111130
0.2862675981
0.2861172279
0.2861068335
0.2861068335
0.2852085192
0.2837384723
0.2832567639
0.2847677151
0.2847677151
0.2688727088
0.2698548471
0.2694909439
0.2659315070
0.2659315070
0.2638823038
0.2607573550
0.2573349090
0.2660036348
0.2660036348
0.2711987967
0.2724407555
0.2671466528
0.2647558696
0.2647558696
0.2615794394
0.2710806167
0.2799784570
0.2888515090
0.2888515090
0.2957490636
0.2991821234
0.3019370085
0.3019914536
0.3019914536
0.3008742524
0.2992422627
0.2964560965
0.2933536248
0.2933536248
0.2901035030
0.2869133400
0.2840898823
0.0098777695
0.0098777695
0.0560150782
0.0741951507
0.0898105357
0.0861808864
0.0861808864
0.0822457340
0.0783601519
0.0748083428
0.0715533287
0.0715533287
0.0682509736
0.0653629879
0.0629258320
0.0610085030
0.0610085030
0.0591169391
0.0573146259
0.0557142028
0.0541035965
0.0541035965
0.0529825494
0.0519909779
0.0512761536
0.0507419547
0.0507419547
0.0505777889
0.0502904421
0.0501380966
0.0504398990
0.0504398990
0.0508315515
0.0511581534
0.0514889960
0.2023364984
0.2023364984
0.2041078402
0.2045753761
0.2044278719
0.2041423298
0.2041423298
0.2039501867
0.2026101996
0.1989149872
0.1952932224
0.1952932224
0.1948878630
0.1921098407
0.1822974116
0.1571250858
0.1571250858
0.1633106694
0.1761813278
0.1814784839
0.1843092166
0.1843092166
0.1864443570
0.1898330183
0.1926274842
0.1559424659
0.1559424659
0.1560776753
0.1553614510
0.1554378013
0.1551854801
0.1551854801
0.1549175910
0.1539479954
0.1536881438
0.1537049598
0.1537049598
0.1537388462
0.1536646935
0.1536143380
0.1535768262
0.1535768262
0.1536153237
0.1535121602
0.1534056546
0.1534234138
0.1534234138
0.4237723030
0.4277842971
0.4318634170
0.4367885805
0.4367885805
0.4449506674
0.4330019858
0.4101237901
0.3887378266
0.3887378266
0.3741416567
0.3723108457
0.3752299559
0.3661090696
0.3661090696
0.3355704296
0.2389047279
0.2397263111
0.2393407780
0.2393407780
0.2390374382
0.2388132360
0.2382449713
0.2371533968
0.2371533968
0.2366176952
0.2380769604
0.2383990035
0.2382859964
0.2382859964
0.2376936798
0.2137971563
0.2132100159
0.2122533352
0.2122533352
0.2120724236
0.2126397218
0.2137608104
0.2146363773
0.2146363773
0.2162801902
0.2178821869
0.2193779155
0.2208275498
0.2208275498
0.2201597868
0.2183066202
0.2163336838
0.2143456279
0.2143456279
0.2114514757
0.2076493556
0.2033220659
0.1993552579
0.1993552579
0.1985978835
0.2004193881
0.2027555583
0.2051571773
0.2051571773
0.2070970369
0.2089811926
0.2160888652
0.2160888652
0.2196150054
0.2167182601
0.2255168562
0.2158251494
0.2158251494
0.2115020877
0.2135710775
0.2152050824
0.2124017820
0.2124017820
0.2154227370
0.2205685552
0.2136098201
0.2075158372
0.2075158372
0.2004274315
0.1987674867
0.1976851811
0.1997714803
0.1997714803
0.2022386636
0.2035220019
0.2041635521
0.2037076061
0.2037076061
0.2029911686
0.2015709103
0.2004387807
0.3155177674
0.3155177674
0.3157135709
0.3155483016
0.3151595497
0.3151718562
0.3151718562
0.3154254938
0.3154893088
0.3156906467
0.3160911880
0.3160911880
0.3164139089
0.3165897508
0.3165025363
0.3164100106
0.3164100106
0.3167915254
0.3168254192
0.3172329085
0.3180072532
0.3180072532
0.3185932365
0.3193820178
0.3202451531
0.3210277115
0.3210277115
0.3216550118
0.3223423178
0.3231014790
0.3241876749
0.3241876749
0.3248202375
0.3255601032
0.3260083018
0.3265474378
0.3265474378
0.3275383702
0.3284540522
0.3290958018
0.3304974769
0.3304974769
0.3316119113
0.3321299384
0.3332167777
0.3346351164
0.3346351164
0.3355941525
0.3364471652
0.3375298338
0.3385720089
0.3385720089
0.3393778987
0.3399925463
0.3406467525
0.3419089893
0.3419089893
0.3432239147
0.3438663487
0.3446037494
0.3452198707
0.3452198707
0.3458237288
0.3467775396
0.3479661355
0.2508473491
0.2508473491
0.2598408626
0.2693030912
0.2757476872
0.2832161799
0.2832161799
0.2864528275
0.2989283486
0.3053591964
0.3135345137
0.3135345137
0.3107909529
0.3084167971
0.3028576986
0.3036297183
0.3036297183
0.3093591176
0.3188652979
0.3288139462
0.3207679214
0.3207679214
0.3228666652
0.3232711721
0.3087327418
0.3159013359
0.3159013359
0.3077468826
0.3053099514
0.3039375025
0.2970545850
0.2970545850
0.2927286020
0.2897411250
0.2811789966
0.2907359275
0.2907359275
0.2479685109
0.2486584486
0.2495872515
0.2514979907
0.2514979907
0.2525253019
0.2536696256
0.2566977101
0.2583899145
0.2583899145
0.2580481578
0.2549520832
0.2561460683
0.2562058177
0.2562058177
0.2546825955
0.2535967000
0.2517640106
0.2494994313
0.2494994313
0.2456390780
0.2428823901
0.2423365454
0.2468845842
0.2468845842
0.2512452677
0.2503296355
0.2487397218
0.2493138188
0.2493138188
0.2518643743
0.2541955425
0.1778544974
0.1773358217
0.1773358217
0.1771222550
0.1771857878
0.1774513824
0.1787773625
0.1787773625
0.1795145193
0.1799811706
0.1807469259
0.1810943350
0.1810943350
0.1817463240
0.1823429676
0.1827019931
0.1833453789
0.1833453789
0.1832747487
0.1836454088
0.1837444882
0.1836920413
0.1836920413
0.1822470210
0.1490987345
0.1482276205
0.1491317710
0.1491317710
0.1493155848
0.1506060175
0.1524733081
0.1541305729
0.1541305729
0.1558604423
0.1586004573
0.1594160398
0.1593859970
0.1593859970
0.1559831710
0.1535848997
0.1506481188
0.1478878583
0.1478878583
0.1463312892
0.1396691153
0.1575416055
0.2077068377
0.2077068377
0.1820078615
0.1607111630
0.1577864938
0.1552808504
0.1552808504
0.1565186380
0.1599233018
0.1644508832
0.1705825630
0.1705825630
0.1746987067
0.1762863765
0.1764406237
0.1733313170
0.1733313170
0.1694101354
0.1661991752
0.1635177315
0.1613399382
0.1613399382
0.1587804773
0.1570191074
0.2804751576
0.2823257169
0.2823257169
0.2849044587
0.2874740710
0.2894250135
0.2907277507
0.2907277507
0.2915056908
0.2922468477
0.2931154752
0.2935682177
0.2935682177
0.2935627403
0.2927957507
0.2924832104
0.2924832104
0.2908879503
0.2887667523
0.2885499998
0.2876500517
0.2876500517
0.2872553589
0.1662655953
0.1669318480
0.1648762489
0.1625613622
0.1625613622
0.1572235225
0.1534062602
0.1495773392
0.1495773392
0.1471048390
0.1476465221
0.1498298003
0.1531528051
0.1531528051
0.1536591529
0.1544264185
0.1562363939
0.1583272343
0.1583272343
0.1612115464
0.1618462661
0.1625690116
0.1644516888
0.1644516888
0.1642350519
0.1615663739
0.1587985444
0.1571570688
0.1571570688
0.1611420086
0.1701730301
0.1721479115
0.1663440043
0.1663440043
0.1648839206
0.1622497748
0.1580538871
0.1588471233
0.1588471233
0.1616876982
0.1623713530
0.1643363634
0.1621845151
0.1621845151
0.1617408250
0.1631706965
0.1638922188
0.1647001635
0.1647001635
0.2356843797
0.2365687500
0.2386406466
0.2384001404
0.2384001404
0.2399483021
0.2413848475
0.2431380140
0.2456463504
0.2456463504
0.2465213654
0.2465054801
0.2472569572
0.2456252734
0.2456252734
0.2455279131
0.2468402760
0.2466950325
0.2456081894
0.2456081894
0.2464113258
0.2457903549
0.2396183285
0.2352179313
0.2352179313
0.2337018537
0.2336223219
0.2328029660
0.1627952961
0.1627952961
0.1636859321
0.1613598612
0.1588456176
0.1605478874
0.1605478874
0.1586604146
0.1579759686
0.1608895340
0.1617492664
0.1617492664
0.1606227430
0.1660101441
0.1684748091
0.1681327363
0.1681327363
0.1700081094
0.1696672015
0.1694209765
0.1754138264
0.1754138264
0.2316322604
0.2300667858
0.2287511477
0.2262529770
0.2262529770
0.2240894604
0.2221453356
0.2211819767
0.2202062647
0.2202062647
0.2185883659
0.2176584263
0.2168406209
0.2170528440
0.2170528440
0.2183546076
0.2189730895
0.2191173254
0.2194028103
0.2194028103
0.0098254173
0.0602343408
0.0691821487
0.0683810306
0.0683810306
0.0672477538
0.0656362104
0.0642388405
0.0627967140
0.0627967140
0.0615520585
0.0603359922
0.0591960707
0.0583236958
0.0583236958
0.0575964568
0.0570940637
0.0564355127
0.0558790632
0.0558790632
0.0554162111
0.0549262879
0.0545201159
0.0543454005
0.0543454005
0.0541688197
0.0539990400
0.0539389239
0.0539437856
0.0539437856
0.0540798542
0.0540878651
0.0539913796
0.0539694575
0.0539694575
0.1562346493
0.1549033411
0.1543356609
0.1535150951
0.1535150951
0.1521501341
0.1510388408
0.1498819991
0.1490191226
0.1490191226
0.1480916392
0.1470016972
0.1464087899
0.1458567926
0.1458567926
0.1447604315
0.1437450386
0.1431490301
0.1424901794
0.1424901794
0.1417723191
0.1415129848
0.1411068733
0.1563858830
0.1563858830
0.1569918345
0.1572146436
0.1575338099
0.1630370173
0.1630370173
0.1638297060
0.1695444011
0.1711853171
0.1731816621
0.1731816621
0.1745894394
0.1760493554
0.1775283113
0.1784920637
0.1784920637
0.1790372604
0.1796542325
0.1800100936
0.1807280411
0.1807280411
0.1819123850
0.1826097927
0.1823808512
0.1818289297
0.1818289297
0.1816695602
0.1812858062
0.1808831118
0.1808390714
0.1808390714
0.1808110554
0.1806668161
0.1802245803
0.1802211172
0.1802211172
0.2895208922
0.2891221113
0.2890057288
0.2906205110
0.2906205110
0.2932969016
0.2906695394
0.2887749141
0.2868274994
0.2868274994
0.2823234797
0.2628363079
0.2641070008
0.2618822416
0.2618822416
0.2648312154
0.2637025299
0.2607666435
0.2601323295
0.2601323295
0.2586099920
0.2574960256
0.2564476898
0.2158673350
0.2158673350
0.2180073203
0.1882318730
0.1850888183
0.1850888183
0.1764982828
0.1718978151
0.1719311319
0.1709036449
0.1709036449
0.1694672248
0.1682032890
0.1661126454
0.1650453659
0.1650453659
0.1640523289
0.1631697686
0.1632752529
0.1631660849
0.1631660849
0.1628449509
0.1623839548
0.1613266039
0.1599538936
0.1599538936
0.1580013105
0.1576257805
0.1576131909
0.1584153404
0.1584153404
0.1577850212
0.1572026660
0.1593324554
0.2442238765
0.2442238765
0.2432917126
0.2417246355
0.2399968796
0.2386172902
0.2386172902
0.2376128901
0.2364843128
0.2352465288
0.2344061203
0.2344061203
0.2337576176
0.2332527597
0.2327587847
0.2325152637
0.2325152637
0.2324052907
0.2323378750
0.2323750785
0.2324539291
0.2324539291
0.2326611977
0.1317309332
0.1319704439
0.1329044948
0.1329044948
0.1338819240
0.1355517695
0.1381970284
0.1411550707
0.1411550707
0.1445818332
0.1479168009
0.1508313823
0.1537699614
0.1537699614
0.1561812696
0.1584749609
0.1604321835
0.1622158626
0.1622158626
0.1889340658
0.1891436138
0.1898105318
0.1900981783
0.1900981783
0.1898010035
0.1895480953
0.1849529554
0.1815085254
0.1815085254
0.1828280863
0.1816747178
0.1810970579
0.1812811063
0.1812811063
0.1871501710
0.1864354281
0.1843974869
0.1838681943
0.1838681943
0.1834292797
0.1841598630
0.1857200510
0.1861713720
0.1861713720
0.1870712037
0.1877091654
0.1883962457
0.1890237499
0.1890237499
0.1894393651
0.1898711350
0.1902855124
0.1905014608
0.1905014608
0.0879280872
0.1003480625
0.1305201123
0.1751373865
0.1751373865
0.2390864478
0.2402397856
0.2238290680
0.1861145250
0.1861145250
0.1909537077
0.2165836494
0.2184061191
0.2106908981
0.2106908981
0.2135332223
0.2257392160
0.1760750559
0.1335426493
0.1335426493
0.1081421410
0.0953878340
0.0790054659
0.0702318312
0.0702318312
0.0612674355
0.0640726917
0.0732434932
0.0847164871
0.0847164871
0.0890880977
0.0996174784
0.1147574554
0.1976704051
0.1976704051
0.2408526017
0.2329495876
0.2190800663
0.1872885933
0.1872885933
0.2011817547
0.2232082848
0.2123180668
0.2051690773
0.2051690773
0.2165381821
0.2069756620
0.1650536308
0.1225434358
0.1225434358
0.0981257944
0.0847051934
0.0742380842
0.0658790525
0.0658790525
0.0593742360
0.0615180419
0.3005782470
0.2643570258
0.2643570258
0.2136368740
0.2321997868
0.2565432118
0.2427382550
0.2427382550
0.2499290688
0.3045318549
0.2963348867
0.2232042114
0.2232042114
0.1597984387
0.1287854981
0.1156750050
0.1026957198
0.1026957198
0.0925282748
0.0834763182
0.0857510831
0.0909073137
0.0909073137
0.0982053176
0.1120292318
0.1421592153
0.2054080380
0.2054080380
0.2985018679
0.3226810750
0.2941433209
0.2589048027
0.2589048027
0.2155445854
0.2619784004
0.2636988376
0.0697070677
0.0697070677
0.0834300933
0.1017730181
0.1543945318
0.2564128386
0.2564128386
0.2750898538
0.2582068332
0.2033623177
0.1950584880
0.1950584880
0.2439678839
0.2404826040
0.2253475284
0.2346762387
0.2346762387
0.2578262344
0.2312350920
0.1561455517
0.1095206197
0.1095206197
0.0988076250
0.0834279913
0.0727643763
0.0626147166
0.0626147166
0.0604847162
0.0625510911
0.0660897245
0.0752365508
0.0752365508
0.0899842108
0.1123491938
0.1704025621
0.2837294002
0.2837294002
0.2719030665
0.2478953614
0.2045816959
0.2172763052
0.2172763052
0.2471877265
0.2408150929
0.2235342067
0.2463784845
0.2463784845
0.2655373368
0.2367931166
0.1700627148
0.1700627148
0.1348801861
0.1129209827
0.1108285546
0.1305217372
0.1325668239
0.1325668239
0.1503671968
0.1571049355
0.1394224834
0.0938088845
0.0938088845
0.0623267661
0.0561522289
0.0542625530
0.0542625530
0.0530927677
0.0521427868
0.0553108642
0.0525262615
0.0525262615
0.2053839442
0.1531637736
0.1291709287
0.1172440742
0.1172440742
0.1070454883
0.0949530474
0.0988410228
0.1048494188
0.1048494188
0.1111870647
0.1214618439
0.1547173626
0.2003549576
0.2003549576
0.2510613017
0.2594045479
0.2091411271
0.1651014782
0.1651014782
0.1281510732
0.1032559530
0.1333686503
0.1681267361
0.1681267361
0.1871048598
0.2302257353
0.2641175159
0.2475132250
0.2475132250
0.1927449219
0.1419562799
0.1241292885
0.1161909735
0.1161909735
0.1022452622
0.0952958232
0.0434298298
0.0435359815
0.0435359815
0.0436427313
0.0438629505
0.0439865235
0.0443040547
0.0443040547
0.0444574095
0.0446680634
0.0447535795
0.0449043379
0.0449043379
0.0449959852
0.0451449842
0.0452063742
0.0454150342
0.0454150342
0.0454199693
0.0454346476
0.0454657186
0.0455788424
0.0455788424
0.0456776210
0.0458635084
0.0459803107
0.0460891409
0.0460891409
0.0462319934
0.0464358576
0.0464582711
0.0464902618
0.0464902618
0.0465364963
0.0466076660
0.0466412190
0.0466534917
0.0466534917
0.0467752102
0.0471532336
0.0473158051
0.0474515552
0.0474515552
0.0476544568
0.0478709755
0.0479841151
0.0481088050
0.0481088050
0.0482233486
0.0484053053
0.0484864482
0.0485456027
0.0485456027
0.0486289635
0.0486842307
0.0488160365
0.0489215440
0.0489215440
0.0490037960
0.0491315247
0.0492473236
0.0493096543
0.0493096543
0.0493725835
0.0493213612
0.0492763479
0.0493128660
0.0493128660
0.0493641474
0.0494395583
0.0494916848
0.0494511358
0.0494511358
0.0494850975
0.0494850806
0.0494857371
0.0494804754
0.0494804754
0.0495028709
0.0495618397
0.0495913946
0.1283133266
0.1283133266
0.1281597896
0.1282518043
0.1284893778
0.1285348200
0.1285348200
0.1282977739
0.1285906120
0.1289090685
0.1291823971
0.1291823971
0.1298114055
0.1307469523
0.1312058583
0.1316314517
0.1316314517
0.1322918323
0.1329082779
0.1328146478
0.1325592609
0.1325592609
0.1317662339
0.1314684597
0.1313767805
0.1313373471
0.1313373471
0.1311940402
0.1311443724
0.1309813394
0.1307716055
0.1307716055
0.1301420915
0.1293473128
0.1287510431
0.1274182810
0.1274182810
0.1259478988
0.1248783067
0.1240526528
0.1232704688
0.1232704688
0.1233691737
0.1247077654
0.1257085772
0.1255169476
0.1255169476
0.1250733374
0.1244229639
0.1244140649
0.1247465823
0.1247465823
0.1247512788
0.1245667250
0.1246456231
0.1250284571
0.1250284571
0.1253329103
0.1256254200
0.1257747364
0.1257787419
0.1257787419
0.1259398558
0.1262473825
0.1265111208
0.1266550418
0.1266550418
0.1269442691
0.1271942238
0.1279006245
0.1290395648
0.1290395648
0.1304666759
0.1320841424
0.1337815887
0.1354888303
0.1354888303
0.1373179457
0.1386572029
0.1398471226
0.1407887694
0.1407887694
0.1415231696
0.1420853491
0.1425373409
0.1427051265
0.1427051265
0.1430473861
0.1434620369
0.1438180426
0.1442558270
0.1442558270
0.1447139470
0.1451096925
0.1124903841
0.1119300940
0.1119300940
0.1138545516
0.1148447723
0.1135763855
0.1109946984
0.1109946984
0.1100893465
0.1053465342
0.1054850239
0.1064409383
0.1064409383
0.1068529332
0.1081567938
0.1092049664
0.1112545137
0.1112545137
0.1123451627
0.1130996626
0.1152929688
0.1163781610
0.1163781610
0.1200206762
0.1211277376
0.1212392457
0.1215708322
0.1215708322
0.1229197027
0.1256513381
0.1262596619
0.1262596619
0.1410215072
0.1397007673
0.1398359841
0.1393557483
0.1393557483
0.1372336789
0.1385738912
0.1379609932
0.1381578400
0.1381578400
0.1384149929
0.1388055872
0.1390944650
0.1391892562
0.1391892562
0.1394248300
0.1397207813
0.1397282551
0.1398225663
0.1398225663
0.1398955399
0.1400926915
0.1928657055
0.1928679728
0.1928679728
0.1928688958
0.1928688079
0.1928672311
0.1928685321
0.1928685321
0.1928703334
0.1928710740
0.1928700466
0.1928696609
0.1928696609
0.1928704335
0.1928698774
0.1928701913
0.1928700127
0.1928700127
0.1928687299
0.1928686327
0.1928692585
0.1928696027
0.1928696027
0.1831267748
0.1824540261
0.1813998948
0.1798634423
0.1798634423
0.1785884133
0.1772696640
0.1766538003
0.1787246441
0.1787246441
0.1778260257
0.1749892886
0.1769925177
0.1767944953
0.1767944953
0.1752669274
0.1768348309
0.1756357913
0.1740040826
0.1740040826
0.1739636603
0.1729956704
0.1721922907
0.1733606063
0.1733606063
0.1728651674
0.1725043019
0.1734297874
0.1726992341
0.1726992341
0.1722271520
0.1737179568
0.1736764107
0.1733265761
0.1733265761
0.1752252186
0.1756619156
0.1746824294
0.1772884516
0.1772884516
0.1769322920
0.1750350125
0.1776904046
0.1771436721
0.1771436721
0.1754157529
0.1771661699
0.1448518478
0.1449062405
0.1449062405
0.1456611838
0.1467152711
0.1477381232
0.1487291638
0.1487291638
0.1496559413
0.1504212363
0.1514706726
0.1525612908
0.1525612908
0.1531836514
0.1534340731
0.1536504136
0.1537814989
0.1537814989
0.1539828545
0.1538981346
0.1534531257
0.1517353669
0.1517353669
0.1505609576
0.1489776975
0.1473961186
0.1448339233
0.1448339233
0.1421714205
0.1388195694
0.1360507372
0.1344200133
0.1344200133
0.1332787333
0.1314222677
0.1299369435
0.1289111312
0.1289111312
0.1296415164
0.1297768619
0.1309901866
0.1315117358
0.1315117358
0.1320292953
0.1310647697
0.1283604840
0.1255201746
0.1255201746
0.1229025880
0.1204600466
0.1181360408
0.1163006092
0.1163006092
0.1148693349
0.1137675881
0.1132838265
0.1127367649
0.1127367649
0.1120821351
0.1118366388
0.1116178733
0.1113246659
0.1113246659
0.1114952619
0.1112754708
0.1110875110
0.1109956050
0.1109956050
0.1108704375
0.1107747296
0.1109605050
0.1108344277
0.1108344277
0.1108583343
0.1109285801
0.1106945304
0.1707023038
0.1707023038
0.1705661704
0.1702635856
0.1699893286
0.1696565848
0.1696565848
0.1692919372
0.1688205758
0.1681901175
0.1675933807
0.1675933807
0.1669337167
0.1663238775
