0.0579477510
0.0579477510
0.0579477510
0.0579477510
0.0579477510
0.0579477510
0.0579477510
0.0579477510
0.0579477510
0.0579477510
0.0579477510
0.0579477510
0.0579477510
0.0579477510
0.0579477510
0.0579477510
0.0579477510
0.0579477510
0.0579477510
0.0579477510
0.0579477510
0.0579477510
0.0582202038
0.0586340598
0.0589739991
0.0589739991
0.0593707587
0.0597208631
0.0601730848
0.0604741285
0.0604741285
0.0610729722
0.0614353888
0.0618678968
0.0621863703
0.0621863703
0.0624502473
0.0626779523
0.0630293471
0.0633907174
0.0633907174
0.0639202248
0.0642231332
0.0645510047
0.0648780843
0.0648780843
0.0653900226
0.0657983783
0.0661771541
0.0665494951
0.0665494951
0.0667934464
0.0670327145
0.0672803501
0.0651798302
0.0651798302
0.0623380222
0.0595231956
0.0567601242
0.0540654042
0.0540654042
0.0512129217
0.0485035719
0.0455170117
0.0455170117
0.0425896949
0.0396056409
0.0367464888
0.0338181093
0.0338181093
0.0308671858
0.0278478145
0.0249664989
0.0219361098
0.0189462668
0.0189462668
0.0160084036
0.0128718650
0.0098689005
0.0098689005
0.0067050143
0.0039450802
0.0012974624
0.0000000000
0.0000000000
0.0000000000
0.0000000000
0.0000000000
0.0196580651
0.0196580651
0.0162388646
0.0229226600
0.0292495300
0.0376736553
0.0376736553
0.0466284581
0.0563733792
0.0652745538
0.0757756040
0.0757756040
0.0885366949
0.1511216785
0.2591536179
0.2853470563
0.2853470563
0.3084893789
0.3316098156
0.3315479099
0.3324603828
0.3324603828
0.3320285435
0.3314678960
0.3291365252
0.2540700945
0.2540700945
0.2527580210
0.2524478859
0.2505955894
0.2506995112
0.2506995112
0.2496644073
0.2492075073
0.2489191947
0.2485898698
0.2485898698
0.2538378713
0.3399090186
0.3396230379
0.3386879375
0.3386879375
0.3387621828
0.3388795221
0.3389918332
0.3402610987
0.3402610987
0.3392285090
0.2555119035
0.2526477822
0.2501317679
0.2501317679
0.2503484736
0.1450050587
0.1451535089
0.1446790786
0.1446790786
0.1681228709
0.2031914240
0.2027942978
0.2022746934
0.2022746934
0.2016625176
0.2013715626
0.2167902635
0.2166877231
0.2166877231
0.2162533008
0.1463652254
0.1628142515
0.1915082670
0.1915082670
0.2463740299
0.2545558588
0.2605493110
0.2623612930
0.2623612930
0.2599712817
0.2561434913
0.2512078153
0.2704503493
0.2704503493
0.2528713666
0.2645975754
0.2645280208
0.2675802414
0.2675802414
0.2508561407
0.2388505866
0.2357883665
0.2306294936
0.2306294936
0.2193585724
0.1566171512
0.1169386167
0.0958421778
0.0958421778
0.1675125340
0.1483897040
0.1185987827
0.0000041394
0.0000041394
0.0817780032
0.1172817394
0.1289377224
0.0000000322
0.0000000322
0.0000000359
0.0000000359
0.0000000359
0.0000000359
0.0000000359
0.0000000359
0.0000000359
0.0000000359
0.0000000359
0.0000000359
0.0000000359
0.0028204276
0.0080869608
0.0145276878
0.0145276878
0.0207188250
0.0279846500
0.0344805106
0.0405476903
0.0405476903
0.0469965384
0.0532147366
0.0604319211
0.0672323692
0.0672323692
0.0735830324
0.0796342688
0.0864364856
0.0931479829
0.0931479829
0.1003697402
0.1074074905
0.1130148252
0.1194661130
0.1194661130
0.1261535284
0.1330645983
0.1394327991
0.1460269763
0.1460269763
0.1518917821
0.1586543280
0.1650291437
0.1717795864
0.1717795864
0.1790353715
0.1849368078
0.1911635629
0.1913525447
0.1913525447
0.1915488319
0.1918275911
0.1918675445
0.1919403810
0.1919403810
0.1919872262
0.1921291272
0.1921691847
0.1921585434
0.1921585434
0.1921887633
0.1920493219
0.1920955988
0.1921162987
0.1921162987
0.1921625319
0.1922828221
0.1923365542
0.1923672667
0.1923672667
0.1924032542
0.1924310147
0.1923844130
0.1924038385
0.1924038385
0.1923987308
0.0563579039
0.0551441928
0.0524353411
0.0524353411
0.0512976385
0.0501451574
0.0498627395
0.0505420496
0.0505420496
0.0512059525
0.0529442350
0.0539342410
0.0556021786
0.0556021786
0.0587771532
0.0611023312
0.0734740451
0.0796864939
0.0796864939
0.0879750729
0.1023840694
0.1228824519
0.1410382298
0.1410382298
0.1509636567
0.1491328472
0.1386204801
0.1386204801
0.1282427800
0.1148477942
0.1020296857
0.0974932540
0.0974932540
0.0832731902
0.0547538328
0.0440616106
0.0476230703
0.0476230703
0.0518278788
0.0564819672
0.0625146962
0.0692621172
0.0692621172
0.0729726991
0.0722082263
0.0694439438
0.0675277599
0.0675277599
0.0703524383
0.0694925298
0.0728840791
0.0775038420
0.0775038420
0.0772614773
0.0814336974
0.0653743588
0.0682646675
0.0682646675
0.0706385236
0.0780279503
0.0809751756
0.0835533507
0.0835533507
0.0806202847
0.0767595452
0.0769122486
0.0755271371
0.0755271371
0.0702407781
0.0674656155
0.0593930835
0.0000000000
0.0000000000
0.0000000000
0.0000000000
0.0000000000
0.0000000000
0.0000000000
0.0000000000
0.0000000000
0.0018328373
0.0050889301
0.0050889301
0.0096135845
0.0132332367
0.0179714585
0.0227924451
0.0227924451
0.0271462152
0.0319908143
0.0365140429
0.0408664141
0.0408664141
0.0458597465
0.0506560126
0.0560933856
0.0612978913
0.0612978913
0.0667097548
0.0710321029
0.0762319148
0.0815754905
0.0815754905
0.0877196789
0.0930660047
0.0984059256
0.1037424216
0.1037424216
0.1089563064
0.1145651868
0.1207119098
0.1276641810
0.1276641810
0.1346421582
0.1399130261
0.1456751543
0.1516449540
0.1516449540
0.1578522430
0.1640935196
0.1661750401
0.1675523673
0.1675523673
0.1687701146
0.1693328528
0.1699740384
0.1709617088
0.1709617088
0.1720897354
0.1732341088
0.1737397270
0.1743058052
0.1743058052
0.0621435357
0.0646572934
0.0660592482
0.0692049665
0.0692049665
0.0592049882
0.0595161401
0.0612094949
0.0609003513
0.0609003513
0.0542033302
0.0519965266
0.0508700805
0.0487913076
0.0487913076
0.0485341577
0.0483386368
0.0484120672
0.0481322103
0.0481322103
0.0484995446
0.0491002997
0.0491964222
0.0500614317
0.0500614317
0.0486369215
0.0508618996
0.0519046454
0.0547845106
0.0547845106
0.0602911683
0.0610234547
0.0617763479
0.0621163709
0.0621163709
0.0624051381
0.0630220076
0.0438369827
0.0415842416
0.0415842416
0.0430428963
0.0434380927
0.0435516473
0.0414468766
0.0414468766
0.0410237669
0.0389997951
0.0383916840
0.0382294931
0.0382294931
0.0371846152
0.0360349035
0.0336641650
0.0331667867
0.0331667867
0.0320532860
0.0316197963
0.0326006289
0.0317517450
0.0317517450
0.1384662474
0.1407728772
0.1448967903
0.1464205456
0.1464205456
0.1444836881
0.1413149608
0.1383399748
0.1376659791
0.1376659791
0.1373607239
0.1370719226
0.1368796475
0.1368175259
0.1368175259
0.1367622844
0.1367767424
0.1367720114
0.1368270799
0.1368270799
0.0678540561
0.0667882814
0.0674342124
0.0674119480
0.0674119480
0.0720460403
0.0777205447
0.0782183872
0.0777465583
0.0777465583
0.0397664240
0.0391306766
0.0384605623
0.0614898817
0.0614898817
0.0903690226
0.1285999965
0.1514396723
0.1543323514
0.1543323514
0.1529513447
0.1503088075
0.1439234646
0.1316547007
0.1316547007
0.1221954486
0.1097280927
0.1006726768
0.0915870056
0.0915870056
0.0846993384
0.0771680154
0.0630738331
0.0502941067
0.0502941067
0.0401771968
0.0301440639
0.1111132792
0.1151325805
0.1151325805
0.1174056285
0.1188799519
0.1172583276
0.1156949361
0.1156949361
0.1148685725
0.1161728781
0.1175582710
0.1130760375
0.1130760375
0.1116356446
0.1113611984
0.1077616938
0.1024188535
0.1024188535
0.0998964137
0.0981770099
0.0968828736
0.0948162975
0.0948162975
0.0933076530
0.0930471337
0.0948215103
0.0957291267
0.0957291267
0.0996188248
0.1019573546
0.1055417886
0.1133358959
0.1133358959
0.0000045148
0.0000000927
0.0000000927
0.0000000927
0.0000000927
0.0000000927
0.0000000927
0.0000000927
0.0000000927
0.0000000000
0.0000000000
0.0000000000
0.0000000000
0.0000000000
0.0000000000
0.0000000000
0.0000000000
0.0000000000
0.0000000000
0.0000000000
0.0000000000
0.0000000000
0.0019546972
0.0019546972
0.0058087460
0.0102000153
0.0165655986
0.0214184583
0.0214184583
0.0264446922
0.0322690095
0.0380444400
0.0433910102
0.0433910102
0.0490381607
0.0548355338
0.0606819727
0.0648634527
0.0648634527
0.0700093834
0.0752651295
0.0810513686
0.0865863665
0.0865863665
0.0919339438
0.0979197240
0.1019542682
0.1067379681
0.1067379681
0.1128759874
0.1188944929
0.1249405227
0.1289630735
0.1289630735
0.1338729508
0.1390291843
0.1446257176
0.1502342814
0.1502342814
0.1562232848
0.1617154813
0.1659877854
0.1716154233
0.1716154233
0.1772971025
0.1831836524
0.1890036376
0.1925574709
0.1925574709
0.1969134857
0.2031583925
0.2076911009
0.2136915641
0.2136915641
0.2183474399
0.2187202396
0.2188942666
0.2195119266
0.2195119266
0.2196003849
0.2197009889
0.2198054649
0.2201287332
0.2201287332
0.2202236869
0.2202867659
0.2203630354
0.2201244907
0.2201244907
0.2202130600
0.2202981945
0.2203618346
0.2204252879
0.2204252879
0.2205017718
0.2206722974
0.2207460841
0.2207618702
0.2207618702
0.2208115021
0.2208659012
0.2209252678
0.2209602172
0.2209602172
0.2209972003
0.2209983487
0.2210035925
0.2197736638
0.2197736638
0.2198256780
0.2198740823
0.2199086288
0.2199019937
0.2199019937
0.2199130043
0.2199095698
0.2199117114
0.2199663850
0.2199663850
0.2199631623
0.2199795331
0.2199539396
0.2198699854
0.2198699854
0.2198356357
0.2198107212
0.2197659739
0.2195514141
0.2195514141
0.2195489363
0.2195601878
0.2195541716
0.2195397633
0.2195397633
0.2195471011
0.2195430450
0.2195076909
0.2189000289
0.2189000289
0.2188931505
0.2188651834
0.2188451013
0.2188290683
0.2188290683
0.2188055530
0.2187742243
0.2187436275
0.2187057023
0.2187057023
0.2186871978
0.2186809003
0.2186407358
0.2183776903
0.2183776903
0.2183728798
0.2183582995
0.2183516005
0.2180022740
0.2180022740
0.2179704529
0.2179540251
0.2179010645
0.2178070187
0.2178070187
0.2177437853
0.2176389718
0.2175795943
0.2174048986
0.2174048986
0.2173624624
0.2169431006
0.2168833401
0.2168292904
0.2168292904
0.2167928419
0.2167443464
0.2166965792
0.2165467384
0.2165467384
0.2164755074
0.2164012368
0.2163189990
0.2161590155
0.2161590155
0.2160895537
0.2159933024
0.2159238718
0.2153506614
0.2153506614
0.2153294479
0.2152950561
0.2152673449
0.2152435407
0.2152435407
0.2152298618
0.2151772466
0.2151546929
0.2151166171
0.2151166171
0.2150892844
0.2150921394
0.2151233660
0.2151166054
0.2151166054
0.2151731781
0.2038521218
0.2028279243
0.2011343851
0.2011343851
0.1992058133
0.1969260334
0.1961348624
0.1952031501
0.1952031501
0.1932569115
0.1901644160
0.1820059815
0.1703247562
0.1703247562
0.1636089386
0.1590962319
0.1554263487
0.1518110858
0.1518110858
0.1489549806
0.1468528577
0.1457878139
0.1464045099
0.1464045099
0.1485706306
0.1505503839
0.1527436945
0.1545564044
0.1545564044
0.1569103420
0.1582047756
0.0000000000
0.0000000000
0.0000000000
0.0000000000
0.0000000000
0.0000000000
0.0000000000
0.0000000000
0.0000000000
0.0000000000
0.0000000000
0.0000000000
0.0000000000
0.0000000000
0.0000000000
0.0000000000
0.0000000000
0.0000000000
0.0000000000
0.0000000000
0.0000000000
0.0000000000
0.0000000000
0.0000000000
0.0000000000
0.0000000000
0.0000000000
0.0000000000
0.2503235901
0.2506519132
0.2508947786
0.2508947786
0.2509821880
0.2512124127
0.2513636627
0.2517195886
0.2517195886
0.2520025605
0.2524566631
0.0000013373
0.0000013373
0.0000013373
0.0000013373
0.0000013373
0.0000013373
0.2658461427
0.2658461427
0.2661484023
0.2664867977
0.2665520875
0.2508447806
0.2508447806
0.2346961905
0.2187030026
0.2027844636
0.1866207329
0.1866207329
0.1702381036
0.1541547701
0.1383894161
0.1221419160
0.1221419160
0.1060626106
0.0904140918
0.0742308906
0.0585877200
0.0585877200
0.0425150903
0.0260346176
0.0102182238
0.0000000000
0.0000000000
0.0000000000
0.0000000000
0.0000000000
0.0000000000
0.0000000000
0.0000000000
0.0056072749
0.0137304868
0.0219731290
0.0219731290
0.0308828796
0.0396317271
0.0479736503
0.0568273462
0.0568273462
0.0658864546
0.0746764363
0.0826084442
0.0826493070
0.0826493070
0.0826873602
0.0826071520
0.0823265834
0.0822472487
0.0822472487
0.0824174523
0.0856363225
0.0885905111
0.0913951420
0.0913951420
0.0943920726
0.0973183545
0.1013144484
0.1035396689
0.1035396689
0.1068119229
0.1096486758
0.1129241350
0.1166245185
0.1166245185
0.1197695955
0.1198957554
0.1200049452
0.1201652072
0.1201652072
0.1207072559
0.1208829455
0.1210357470
0.1211595991
0.1211595991
0.1212705595
0.1215081789
0.2402525163
0.2380296123
0.2380296123
0.2390307040
0.2420294841
0.2449679027
0.2451366294
0.2451366294
0.2472800003
0.2498047233
0.2537465136
0.2549008296
0.2549008296
0.0000000151
0.0000000076
0.0000000076
0.0000000076
0.0000000076
0.0000000076
0.2368727341
0.2293348960
0.2247697077
0.2247697077
0.2290983229
0.2394236103
0.2536362854
0.2630760398
0.2630760398
0.2695052525
0.2641488190
0.2624863057
0.2336153629
0.2336153629
0.2051963298
0.1765784333
0.1480171593
0.1208611604
0.1208611604
0.0945700936
0.0695982373
0.0454380756
0.0214373905
0.0214373905
0.0000000057
0.0000000057
0.0000000057
0.1177025862
0.1177025862
0.1174393183
0.1171299520
0.1171726580
0.1170305454
0.1170305454
0.1170830918
0.1170161139
0.1098435067
0.1024197509
0.1024197509
0.0950996248
0.0873717523
0.0805022530
0.0725143979
0.0725143979
0.0652025526
0.0577624228
0.0502246359
0.0427348929
0.0427348929
0.0348235169
0.0274232279
0.0197605146
0.0124955555
0.0124955555
0.0052422827
0.0000979356
0.0277097606
0.0277828347
0.0277828347
0.0279843252
0.0280509739
0.0282228242
0.0284311342
0.0284311342
0.0286103081
0.0287520328
0.0288750311
0.0290072839
0.0290072839
0.0291745344
0.0293361691
0.0295470811
0.0296829508
0.0296829508
0.0486701312
0.1165800620
0.0962700337
0.0465908262
0.0465908262
0.0283047949
0.0280788980
0.0279041722
0.0278695555
0.0278695555
0.0000000000
0.0000000000
0.0000000000
0.0000000000
0.0000000000
0.0038147879
0.0092168323
0.0151940120
0.0212250812
0.0212250812
0.0272765305
0.0335521624
0.0397473243
0.0461624599
0.0461624599
0.0526729583
0.0593149526
0.0663934654
0.0725021996
0.0725021996
0.0794237117
0.0864519649
0.0934823010
0.1005203851
0.1005203851
0.1074718384
0.1149122116
0.1222585109
0.1296984012
0.1296984012
0.1372786127
0.1451805947
0.1523529636
0.1599065306
0.1599065306
0.1610393875
0.1620741353
0.1630758211
0.1640365777
0.1640365777
0.1649705227
0.1659490386
0.1669125077
0.1669125077
0.1678595076
0.1687418432
0.1696673714
0.1706300385
0.0000000208
0.0000000208
0.0000000132
0.0000000132
0.0000000132
0.0000000132
0.0000000132
0.0000000132
0.0000000132
0.0000000132
0.0000000132
0.0000000132
0.0000000132
0.0000000132
0.0000000132
0.0000000132
0.0000000132
0.0000000132
0.0000000132
0.0000000132
0.0000000132
0.0000000132
0.0000000132
0.0030856931
0.0076301981
0.0076301981
0.0124697262
0.0175071971
0.0223883942
0.0274757908
0.0274757908
0.0322976685
0.0375016428
0.0425959989
0.0482007768
0.0482007768
0.0521334127
0.0567335095
0.0621932077
0.0674161730
0.0674161730
0.0729140741
0.0731330251
0.0731106833
0.0730606264
0.0730606264
0.0729889154
0.0729795735
0.0729855322
0.0730227767
0.0730227767
0.0730554059
0.0730663586
0.0730789237
0.0730824891
0.0730824891
0.0730053329
0.0729089253
0.0728647701
0.0728531253
0.0728531253
0.0728841416
0.0729104084
0.0729233754
0.0729236421
0.0729236421
0.0729157236
0.0728940140
0.0728507500
0.0727711911
0.0727711911
0.0727622121
0.0727537515
0.0727760789
0.0727777861
0.0727777861
0.0727663633
0.0726270526
0.0726264028
0.0726279125
0.0726279125
0.0726258309
0.0726074042
0.0886832525
0.0886819954
0.0886819954
0.0886553288
0.0885115803
0.0886511791
0.0887444466
0.0887444466
0.0887169588
0.0886829051
0.0886460264
0.0886182147
0.0886182147
0.0885582803
0.0882943067
0.0881783728
0.0879752818
0.0879752818
0.0878469025
0.0876477793
0.0875750800
0.0874432653
0.0874432653
0.0876822734
0.0878848336
0.0879690893
0.0878756266
0.0878756266
0.0877770154
0.0876414663
0.0875860205
0.0872826883
0.0872826883
0.0868674924
0.0868475937
0.0868636298
0.0869732052
0.0869732052
0.0875419378
0.0876397071
0.0876763161
0.0876256932
0.0876256932
0.0877153895
0.0880292317
0.0880721530
0.0874838909
0.0874838909
0.0873431493
0.0871782235
0.0871797455
0.0872574729
0.0872574729
0.0878825590
0.0878186552
0.0878215478
0.0877774994
0.0877774994
0.0878889901
0.0878886256
0.0873519649
0.0871173347
0.0871173347
0.0871490827
0.0871526329
0.0871850628
0.0871996630
0.0871996630
0.0872305038
0.0872121453
0.0873883444
0.0873893766
0.0873893766
0.0873722167
0.1307047348
0.1307032369
0.1307113729
0.1307113729
0.1307105785
0.1308446877
0.1308413334
0.1308291567
0.1308291567
0.1308085397
0.1308790677
0.1308266364
0.1307325397
0.1307325397
0.1306637741
0.1305762072
0.1305695403
0.1305264986
0.1305264986
0.1306296109
0.1306918542
0.1307144671
0.1307013227
0.1307013227
0.1306978087
0.1306738270
0.1306982991
0.1307149747
0.1307149747
0.1307414521
0.1307112155
0.1307465048
0.1307575590
0.1307575590
0.1307669190
0.1307858632
0.1308004413
0.1308298081
0.1308298081
0.1308541374
0.1306657459
0.1306707469
0.1307003117
0.1307003117
0.1307083145
0.1307205529
0.1307327093
0.1307466580
0.1307466580
0.1307604420
0.1308526767
0.1308674674
0.1308839465
0.1308839465
0.1308889379
0.1307907198
0.1308166147
0.1308458284
0.1308458284
0.1308587767
0.1308369013
0.1308525730
0.1308707711
0.1308707711
0.0162192595
0.0165141947
0.0165217766
0.0163606786
0.0163606786
0.0163055892
0.0161375385
0.0160218028
0.0158344684
0.0158344684
0.0157238714
0.0155712377
0.0154892858
0.0153653899
0.0153653899
0.0153189605
0.0151675010
0.0151176476
0.0150574241
0.0150574241
0.0149778236
0.0148752629
0.0147622202
0.0147622202
0.0146681087
0.0146124613
0.0144747723
0.0144653784
0.0144653784
0.0189796616
0.0236917972
0.0298176371
0.0357050650
0.0357050650
0.0416188320
0.0472888329
0.0531037552
0.0596033498
0.0596033498
0.0649965254
0.0709840306
0.0768136337
0.0831583148
0.0831583148
0.0901673819
0.0953484858
0.1019006715
0.1081189484
0.1081189484
0.1141765930
0.1190738791
0.1193826828
0.1194897836
0.1194897836
0.1197738740
0.1198760760
0.1199832227
0.1200464167
0.1200464167
0.1200719936
0.1201554336
0.1201903335
0.1202254132
0.1202254132
0.1616865531
0.1617103679
0.1617837308
0.1619232114
0.1619232114
0.1620335369
0.1620662594
0.1621012580
0.1621453202
0.1621453202
0.1622186453
0.1622931430
0.1623751601
0.1624404552
0.1624404552
0.1625224267
0.1625318463
0.1625301348
0.1625638389
0.1625638389
0.1626797522
0.1627647767
0.1628865348
0.1629395928
0.1629395928
0.1630104780
0.1630430723
0.1630877069
0.1631037854
0.1631037854
0.1631025651
0.1630781608
0.1630525069
0.0000001141
0.0000001141
0.0000000076
0.0039554812
0.0100834664
0.0166918718
0.0166918718
0.0236049839
0.0311992982
0.0389649414
0.0463849711
0.0463849711
0.0541162513
0.0618361783
0.0700569544
0.0776524346
0.0776524346
0.0864752059
0.0946419019
0.0955201786
0.0964545438
0.0964545438
0.0974332840
0.0985495639
0.0998108497
0.1010567963
0.1010567963
0.1022762426
0.1036775421
0.1045516415
0.1050449611
0.1050449611
0.1066024182
0.1077747162
0.1090560981
0.1100253997
0.1100253997
0.1112444555
0.1120918622
0.0000077406
0.0000000057
0.0000000057
0.0000000057
0.0136616684
0.0305414795
0.0488326697
0.0488326697
0.0687259839
0.0885218593
0.1068060320
0.1251277410
0.1251277410
0.1437509165
0.1617548492
0.1790192062
0.1803386080
0.1803386080
0.1825353501
0.1833710577
0.1838088812
0.1833805160
0.1833805160
0.1827543218
0.1815259594
0.1795539858
0.0541682375
0.0541682375
0.0532929070
0.0526301745
0.0523257079
0.0518243451
0.0518243451
0.0511684125
0.0504497127
0.0502012240
0.0494770696
0.0494770696
0.0488366111
0.0481329446
0.0474079214
0.0463352938
0.0463352938
0.0455803999
0.0450749684
0.0409579657
0.0357405924
0.0357405924
0.0306957137
0.0259820729
0.0209134152
0.0160010439
0.0160010439
0.0109826982
0.0068296171
0.0028115593
0.0000000889
0.0000000889
0.0000000889
0.0000000889
0.0178681672
0.0385720530
0.0385720530
0.0601785061
0.0814319446
0.1034860167
0.1260788786
0.1260788786
0.1493790755
0.1726063821
0.1963465524
0.2177525635
0.2177525635
0.2400281413
0.2410691660
0.2418659344
0.2430099533
0.2430099533
0.2440950423
0.2442113469
0.2445326624
0.2453392347
0.2453392347
0.2458949184
0.2464585310
0.2459661381
0.2458317309
0.2458317309
0.2446854085
0.2437801954
0.2429372986
0.2423699115
0.2423699115
0.2422296338
0.2420579130
0.2531230946
0.2531057910
0.2531057910
0.2524086065
0.2521777095
0.2507720445
0.2507559379
0.2507559379
0.2503927676
0.2513829229
0.2524788481
0.2539445515
0.2539445515
0.2550947996
0.2559435251
0.2565979564
0.2586852980
0.2586852980
0.2596593837
0.2604132479
0.2612505264
0.2625419287
0.2625419287
0.2630324199
0.2628155490
0.2356175372
0.2356175372
0.2091013408
0.1833075388
0.1559421290
0.1290739764
0.1290739764
0.1024206395
0.0748360797
0.0476210982
0.0217796690
0.0000000000
0.0000000000
0.0000000000
0.2284371409
0.2346434362
0.2346434362
0.2414067468
0.2487488088
0.2582739228
0.2685062604
0.2685062604
0.2799496394
0.2913511444
0.3028579626
0.3138851272
0.3138851272
0.3228561844
0.3306589930
0.3370066699
0.3416147465
0.3416147465
0.1928417116
0.1939179503
0.1956550377
0.1949484211
0.1949484211
0.1973947354
0.1997049932
0.1987319228
0.2003695922
0.2003695922
0.2042083992
0.2084226070
0.2073150598
0.2113391407
0.2113391407
0.2107784289
0.2095080061
0.0000016377
0.0000000000
0.0000000000
0.0000000000
0.0179853652
0.0387725233
0.0617758179
0.0617758179
0.0853194973
0.1098357102
0.1346519527
0.1601072614
0.1601072614
0.1619894251
0.1641343187
0.1661363907
0.1685333855
0.1685333855
0.1712275962
0.1737909768
0.1758125718
0.2661447051
0.2661447051
0.2663940850
0.2667827617
0.2674633439
0.2688724047
0.2688724047
0.2707428303
0.2726569423
0.2748240902
0.2769493701
0.2769493701
0.2791086487
0.2815941952
0.2835427814
0.2848644776
0.2848644776
0.2860514373
0.2887722762
0.2932779829
0.1783047783
0.1783047783
0.1782314290
0.1791156231
0.1815981813
0.1840969660
0.1840969660
0.1846592821
0.1864958737
0.1842919414
0.1799838166
0.1799838166
0.1795420031
0.1799709852
0.1804630312
0.2588183580
0.2588183580
0.2588284280
0.2588060941
0.2588053002
0.2590636513
0.2590636513
0.2590891529
0.2591029686
0.2591012592
0.2592174124
0.2592174124
0.2592001338
0.2594639869
0.2595648243
0.2593514797
0.2593514797
0.2593808383
0.2593008981
0.2593565968
0.1211695345
0.1211695345
0.1211909163
0.1212490108
0.1212958699
0.1213625515
0.1213625515
0.1212902647
0.1212732546
0.1212612561
0.1212837437
0.1212837437
0.1213776817
0.1214356397
0.1213915876
0.1213472129
0.1213472129
0.1213331980
0.1213504393
0.1213599118
0.1213457326
0.1213457326
0.2155724796
0.2153648508
0.2150566868
0.2147391813
0.2147391813
0.2144179832
0.2140773928
0.2136677186
0.2130659524
0.2130659524
0.2128810437
0.2126167736
0.2124108493
0.2119844800
0.2119844800
0.2117077810
0.2159650333
0.2201111818
0.2243001184
0.2243001184
0.2287018695
0.2328704249
0.2368585752
0.2408667003
0.2408667003
0.2446139173
0.2484201092
0.2520854550
0.2557226048
0.2557226048
0.2590523525
0.2625393575
0.2657873115
0.2648518520
0.2648518520
0.2638054686
0.2630617638
0.2623128663
0.2613068177
0.2613068177
0.2609034176
0.2606762133
0.2597909506
0.2592533875
0.2592533875
0.2593409553
0.2587755724
0.2590604317
0.2590875772
0.2590875772
0.2588153705
0.2588839945
0.2587693804
0.0000000000
0.0000000000
0.0000000000
0.0000000000
0.0124313377
0.0286105613
0.0286105613
0.0456878918
0.0623250632
0.0803798565
0.0967734740
0.0967734740
0.1119757247
0.1299935379
0.1468792940
0.1648212326
0.1648212326
0.1814766426
0.1978994415
0.2124018161
0.2125222136
0.2125222136
0.2125067249
0.2125013122
0.2124633946
0.2125342686
0.2125342686
0.2125138437
0.1965183185
0.1937974592
0.1913688082
0.1913688082
0.1893751191
0.1875141690
0.1858147792
0.1844108248
0.1844108248
0.1834584889
0.1827013374
0.1823843643
0.1820576223
0.1820576223
0.1817057317
0.1815240735
0.1813021247
0.1859198770
0.1859198770
0.1858618488
0.1857128069
0.1856682284
0.1857690821
0.1857690821
0.1855513438
0.1857158000
0.1856070865
0.1856769060
0.1856769060
0.1854774694
0.1854005974
