0.4873350066
0.4873350066
0.4873350066
0.4873350066
0.4873350066
0.4873350066
0.4873350066
0.4873350066
0.4873350066
0.4873350066
0.4873350066
0.4873350066
0.4873350066
0.4873350066
0.4873350066
0.4873350066
0.4873350066
0.4873350066
0.4873350066
0.4873350066
0.4873350066
0.4873350066
0.4873350066
0.4873350066
0.4873350066
0.4873350066
0.4873350066
0.4873350066
0.4873350066
0.4873350066
0.4873350066
0.4873350066
0.4873350066
0.4873350066
0.4873350066
0.4873350066
0.4873350066
0.4873350066
0.4873350066
0.4873350066
0.4873350066
0.4873350066
0.4873350066
0.4873350066
0.4873350066
0.4873350066
0.4873350066
0.4873350066
0.4873350066
0.4873350066
0.4873350066
0.4873350066
0.4873350066
0.4873350066
0.4873350066
0.4873350066
0.4873350066
0.4873350066
0.4873350066
0.4873350066
0.4873350066
0.4873350066
0.4873350066
0.4873350066
0.4873350066
0.4872169176
0.4872733047
0.4874126868
0.4875898993
0.4878045620
0.4879330294
0.4878643401
0.4878346365
0.4880554524
0.4883241312
0.4886668169
0.4889873350
0.4892969072
0.4895181080
0.4902544099
0.4908485501
0.4909647739
0.4915690311
0.4930701280
0.4949366288
0.4969458846
0.4984134230
0.4982751879
0.4978213418
0.4974504473
0.4972180464
0.4974594984
0.4976630277
0.4969148786
0.4952184486
0.4927892703
0.4900558343
0.4874508203
0.4847992654
0.4826031061
0.4802082963
0.4773978890
0.4752332649
0.4740904099
0.4731373065
0.4718905484
0.4702875229
0.4685473887
0.4667434181
0.4653972401
0.4647012779
0.4647853327
0.4653664443
0.4656796567
0.4661662639
0.4667801286
0.4672270805
0.4678499218
0.4683796016
0.4690305753
0.4697786529
0.4709785129
0.4726679537
0.4748452647
0.4775989037
0.4804157695
0.4827984154
0.4838636748
0.4842406984
0.4843485422
0.4845126096
0.4840694708
0.4832958600
0.4821980487
0.4806997691
0.4788277626
0.4769594727
0.4756297597
0.4748012735
0.4739395179
0.4728240066
0.4726628872
0.4728288590
0.4726163354
0.4719984916
0.4715383253
0.4703776542
0.4691024859
0.4683072796
0.4681929534
0.4685246099
0.4686457798
0.4689619164
0.4694318769
0.4699758667
0.4704912824
0.4711469955
0.4719926824
0.4725071395
0.4733869615
0.4747536073
0.4766275607
0.4789698505
0.4813231295
0.4827214996
0.4832694507
0.4831614086
0.4828035719
0.4822842339
0.4813525786
0.4798062939
0.4777122008
0.4753586835
0.4732552670
0.4718454283
0.4709289558
0.4696325494
0.4690941960
0.4690157420
0.4684262133
0.4679920836
0.4677561335
0.4668781473
0.4660177955
0.4657933687
0.4653813746
0.3477307493
0.3470788574
0.3469498155
0.3476894568
0.3486447189
0.3500160593
0.3514375652
0.3534123476
0.3554373046
0.3567373276
0.3580187567
0.3598706628
0.3610774698
0.3630991904
0.3657090107
0.3687283608
0.3717821589
0.3746118916
0.3768953140
0.3790525664
0.3804848843
0.3811713720
0.3811322810
0.3818166962
0.3811776973
0.3805076729
0.3786543721
0.3768234861
0.3757048278
0.3759681390
0.3769859943
0.3776091576
0.3788137104
0.3805248152
0.3834994021
0.3868218917
0.3907233089
0.3949697295
0.3990779295
0.4013470089
0.4006282798
0.3991864959
0.3980002809
0.3966314830
0.3953917263
0.3937737124
0.3919779938
0.3898490852
0.3876994538
0.3862482332
0.3849240160
0.3837604630
0.3826794794
0.3811082352
0.3797934075
0.3788513273
0.3783998936
0.3778847351
0.3774869918
0.3767081756
0.3756306774
0.3751393716
0.3747464180
0.3740343345
0.3732703387
0.3726781086
0.3723234679
0.3721142983
0.3718872236
0.3720211159
0.3727658109
0.3731092983
0.3729909450
0.3733529909
0.3735310150
0.3730069757
0.3722259129
0.3715405220
0.3715081766
0.3718411187
0.3718305707
0.3709430255
0.3695589285
0.3677628581
0.3661331262
0.3645568253
0.3630315417
0.3616696752
0.3606968527
0.3599778689
0.3596899315
0.3598285632
0.3602527175
0.3610094787
0.3617307025
0.3624719675
0.3631365714
0.3639767158
0.3653723436
0.3665541154
0.3681335660
0.3706024400
0.3738381446
0.3770091912
0.3800205300
0.3827293086
0.3855196824
0.3884020510
0.3913078445
0.3942448663
0.3978269159
0.4017598795
0.4058005624
0.4096200011
0.4134373213
0.4160264931
0.4178533150
0.4188378526
0.4198610019
0.4206276374
0.4211530969
0.4211872116
0.4207489939
0.4210203601
0.4209001877
0.4212073076
0.3680077680
0.3731016027
0.3779150334
0.3818337320
0.3861252107
0.3902521956
0.3936756571
0.3964689588
0.3984455529
0.4001015476
0.4018795190
0.4042585773
0.4061783172
0.4087780504
0.4119724526
0.4144499158
0.4163927337
0.4172695280
0.4181734465
0.4190926988
0.4205966363
0.4219861726
0.4234077544
0.4244997025
0.4242500096
0.4252283821
0.4263130593
0.4258585329
0.4242294552
0.4223360621
0.4206484574
0.4184626980
0.4159324989
0.4141720928
0.4111747854
0.4085416970
0.4060830010
0.4043513922
0.4025294511
0.4003249539
0.3983602567
0.3965724150
0.3950144750
0.3946618720
0.3931758764
0.3917415025
0.3905187251
0.3889318604
0.3868795255
0.3834721856
0.3791625679
0.3748361753
0.3692755233
0.3646321497
0.3598068844
0.3558257785
0.3526349943
0.3503068424
0.3473272519
0.3439650966
0.3405426123
0.3371656086
0.3351138954
0.3331937902
0.3309849874
0.3278345398
0.3236010219
0.3203429561
0.3180279134
0.3166993872
0.3146962967
0.3125268547
0.3105930925
0.3089824060
0.3069701522
0.3038080713
0.3016623936
0.2996773383
0.2974552128
0.2957364177
0.2939892120
0.2931068691
0.2917496036
0.2913095562
0.2913090229
0.2914719286
0.2917437711
0.2913267849
0.2903582400
0.2896983913
0.2883376380
0.2866924316
0.2856000873
0.2848910639
0.2849695184
0.2856278039
0.2862580358
0.2868867824
0.2875027252
0.2892292622
0.2916814361
0.2944419857
0.2969947395
0.3001561771
0.3030108426
0.3303719322
0.3300018440
0.3299112562
0.3299470843
0.3300576952
0.3300323780
0.3302267947
0.3304828985
0.3308465894
0.3312337249
0.3316822554
0.3322783802
0.3329498507
0.3337502561
0.3348145165
0.3356038655
0.3361498056
0.3359553161
0.3354696569
0.3349767023
0.3344311189
0.3344575797
0.3345644843
0.3342652791
0.3342500127
0.3349438182
0.3354858997
0.3371623155
0.3396587514
0.3419372555
0.3439777976
0.3452188495
0.3463782634
0.3473860914
0.3482139579
0.3485519916
0.3488471582
0.3490017430
0.3489891391
0.3497107790
0.3513224132
0.3528861713
0.3543307349
0.3563412292
0.3580778527
0.3592770493
0.3603436188
0.3613897752
0.3627171561
0.3640417622
0.3656225857
0.3670461871
0.3686130298
0.3697783267
0.3708712733
0.3720976481
0.3735674329
0.3745107857
0.3756172176
0.3769317817
0.3781010358
0.3795442454
0.3811138580
0.3827549836
0.3845340277
0.3863743858
0.3876680168
0.3889278258
0.3900909759
0.3914087898
0.3930492530
0.3947205471
0.3966584485
0.3986802868
0.4008643210
0.4033489941
0.4058665568
0.4081311623
0.4098173368
0.4106081522
0.4113979622
0.4122055171
0.4129336774
0.4139130926
0.4147730571
0.4157289881
0.4167775625
0.4178594499
0.4190673878
0.4201986777
0.4210652091
0.4218223174
0.4226163777
0.4233752062
0.4238192845
0.4240739242
0.4241814725
0.4241814725
0.4240879955
0.4237497880
0.4233447864
0.4229778518
0.4227166410
0.4223011063
0.4219296542
0.4215979659
0.4213601382
0.4210065749
0.4205920206
0.4201562125
0.4197135726
0.4190011792
0.4184286143
0.4178479151
0.4174711513
0.4171832606
0.4168748815
0.4166256325
0.4162593578
0.4162043587
0.4160262469
0.4160270205
0.4159026608
0.4156618421
0.4153995089
0.4148146300
0.4137119239
0.4126753541
0.4120233354
0.4118543980
0.4115455745
0.4109229652
0.4099901808
0.3966601594
0.3968649254
0.3968911686
0.3968198143
0.3968376098
0.3966996787
0.3967350205
0.3965649572
0.3964253667
0.3961803705
0.3959859717
0.3949854367
0.3946890958
0.3943545787
0.3939480738
0.3933032676
0.3927099891
0.3919943041
0.3912140330
0.3905025221
0.3897333679
0.3888963076
0.3879362594
0.3867073889
0.3855837552
0.3844299981
0.3832122045
0.3815918330
0.3802780110
0.3789428211
0.3775539123
0.3762861416
0.3750527155
0.3738181463
0.3722586157
0.3704566418
0.3689213877
0.3672281406
0.3654578497
0.3638520363
0.3622578120
0.3607364650
0.3592486556
0.3579516600
0.3566419899
0.3556701879
0.3543431250
0.3529483305
0.3516064942
0.3504191646
0.3494751179
0.3485768737
0.3479957014
0.3475918739
0.3473510570
0.3473206858
0.3472278632
0.3475990296
0.3478747532
0.3476931266
0.3478663815
0.2790388828
0.2794798326
0.2796947436
0.2795915362
0.2795122215
0.2794123307
0.2793100820
0.2795690893
0.2797036565
0.2798391561
0.2800002338
0.2804688845
0.2805085389
0.2800579899
0.2793850036
0.2788472701
0.2780837113
0.2774690115
0.2769281724
0.2761974001
0.2754703173
0.2747627035
0.2742712154
0.2740163855
0.2736818338
0.2732506951
0.2727559159
0.2727636727
0.2723216146
0.2719318110
0.2713415760
0.2709454805
0.2705159335
0.2701379960
0.2697943110
0.2694929518
0.2692702768
0.2690312838
0.2690397931
0.2692522272
0.2694886302
0.2695642512
0.2695254305
0.2696330004
0.2696971327
0.2698272621
0.2702706811
0.2707620604
0.2712051813
0.2717050504
0.2721139402
0.2727840217
0.2733153209
0.2737285393
0.2741637465
0.2748082496
0.2757108074
0.2764551219
0.2771523627
0.2780339584
0.2786421937
0.2796870297
0.2808743935
0.2823003797
0.2834635634
0.2844085301
0.2850874037
0.2857899790
0.2866495072
0.2872815813
0.2879855448
0.2888172823
0.2896598189
0.2905196486
0.2913879828
0.2925693851
0.2933103507
0.2940345610
0.2939817666
0.2939542279
0.2933741631
0.2930200728
0.2922051258
0.2915701892
0.2910110762
0.2902783001
0.2898262540
0.2895266938
0.2888680727
0.2881726008
0.2874473611
0.2870222414
0.2866248884
0.2860434077
0.2852987547
0.2849063646
0.2845637999
0.2841853340
0.2837545701
0.2832941387
0.2830077956
0.2823159008
0.2823686978
0.2827034243
0.2831493828
0.2836162559
0.2840148172
0.2844148126
0.2847230075
0.2849571604
0.2851108830
0.2858484397
0.2868016427
0.2877837855
0.2890956625
0.2902270759
0.2917131833
0.2933372403
0.2950476105
0.2965827941
0.2980922440
0.2993959099
0.3007706537
0.3020004197
0.3031107104
0.3039583633
0.3047323824
0.3055695761
0.3065315270
0.3073222889
0.3080244293
0.3088450745
0.3097091373
0.3105005355
0.3113132448
0.3123633449
0.3134234863
0.3146790651
0.3164371869
0.3181552945
0.3202388446
0.3223961638
0.3247963260
0.3271252354
0.3294648974
0.3312681668
0.3328851622
0.3338771462
0.5258695019
0.5258327488
0.5259067132
0.5259619918
0.5259667489
0.5259567294
0.5257569695
0.5256184423
0.5255282466
0.5254176129
0.5252223555
0.5250907070
0.5247364759
0.5245494046
0.5243245620
0.5241746971
0.5239518515
0.5236733784
0.5233904208
0.5231141422
0.5226560553
0.5224088088
0.5219606694
0.5217843998
0.5214277383
0.5212990956
0.5210267080
0.5210400836
0.5210475920
0.5210228798
0.5210747240
0.5211249372
0.5210230752
0.5209155792
0.5208359970
0.5208901214
0.5208068710
0.5208986398
0.5208926498
0.5208938351
0.5209553622
0.5210254046
0.5210503701
0.5211658055
0.5212611433
0.5213641520
0.5214091491
0.5214355365
0.5213904727
0.5214973379
0.5213277263
0.5211866309
0.5210664654
0.5209435673
0.5207888283
0.5207047540
0.5206002057
0.5205745885
0.5206195350
0.5206971034
0.5205516986
0.5205941215
0.5205588573
0.5207040785
0.5209387211
0.5211443596
0.5212215096
0.5213412688
0.5215222761
0.5217632671
0.5218669532
0.5219961413
0.5220961427
0.5223426518
0.5221853704
0.5222567638
0.5223460800
0.5224450973
0.5225206116
0.5225099619
0.5226109199
0.5226581600
0.5226209836
0.5227666293
0.5227808304
0.5229513419
0.5231642999
0.5233259715
0.5234391015
0.5236319757
0.5237662565
0.5239137798
0.5239971722
0.5242076229
0.5242915333
0.5244484024
0.5244844368
0.5244444024
0.5243633243
0.5244630834
0.5246403480
0.5247096932
0.5248632750
0.5249376972
0.5250888441
0.5253685168
0.5255071145
0.5259413855
0.5262115643
0.5264901239
0.5267006330
0.5268149835
0.5270489090
0.5270026986
0.5267738786
0.5270467459
0.5270818405
0.5270995411
0.5271904026
0.5835491583
0.5800533404
0.5783951696
0.5789940418
0.5807043272
0.5840715542
0.5885482833
0.5927618853
0.5956006620
0.5966995867
0.5971175105
0.5971955152
0.5968918807
0.5961586614
0.5954781842
0.5946771024
0.5939900605
0.5931950948
0.5924608833
0.5919654270
0.5916012972
0.5912477932
0.5908179072
0.5899695300
0.5880403701
0.5850803823
0.5829463442
0.5836033963
0.5856878719
0.5875394853
0.5901451189
0.5929493548
0.5945687533
0.5946992832
0.5944264636
0.5937411121
0.5930617533
0.5924597134
0.5919991229
0.5915175182
0.5911579328
0.5907453766
0.5902305366
0.5888876427
0.5864524839
0.5833154781
0.5817076232
0.5821117143
0.5835128676
0.5856856340
0.5884977690
0.5912136784
0.5927600394
0.5931387683
0.5930469132
0.5928730699
0.5925962212
0.5920836913
0.5916196373
0.5910703066
0.5905501813
0.5901200765
0.5898672901
0.5895221880
0.5895740404
0.5897634822
0.5900117261
0.5902359173
0.5903242038
0.5891376711
0.5879877841
0.5878264943
0.5884280609
0.5896291864
0.5910963448
0.5928804301
0.5941104357
0.4325284652
0.4316892023
0.4316243930
0.4316142666
0.4314460750
0.4309100152
0.4305859989
0.4308277229
0.4308460001
0.4304864537
0.4299875321
0.4293553938
0.4282242825
0.4273475232
0.4266838015
0.4261317947
0.4260616377
0.4259116448
0.4260064367
0.4262291791
0.4266003069
0.4269288291
0.4269764768
0.4268801678
0.4265155060
0.4258659279
0.4249672203
0.4240842773
0.4232957522
0.4227656472
0.4225105998
0.4226623992
0.4229392244
0.4234360016
0.4245951324
0.4255464156
0.4262219400
0.4267211104
0.4272069168
0.4277991454
0.4280757410
0.4275558024
0.4269692119
0.4269038524
0.4269044986
0.4268942951
0.4269263584
0.4269854425
0.4272985911
0.4272850747
0.4271904982
0.4273497403
0.4276485923
0.4275460340
0.4273624497
0.4270001691
0.4266794863
0.4265245411
0.4266584783
0.4265739167
0.4265729625
0.4263951840
0.4261644000
0.4258763010
0.4255520173
0.4253515340
0.4251290722
0.4249541155
0.4248124548
0.4245686096
0.4244347460
0.4241999616
0.4238120976
0.4237541232
0.4240035042
0.4243305127
0.4246229309
0.4244704514
0.4243359511
0.4243209914
0.4244774890
0.4246913262
0.4248468968
0.4249970690
0.4252124418
0.4255157359
0.4257699378
0.4259953107
0.4261091845
0.4263510031
0.4264629187
0.4265794842
0.4267517535
0.4268561448
0.3965814329
0.3957657302
0.3953975632
0.3951714816
0.3950473708
0.3946444618
0.3940565553
0.3933728150
0.3927085932
0.3924698994
0.3922372503
0.3921374713
0.3918379538
0.3916497602
0.3914845231
0.3914585824
0.3913901042
0.3912868287
0.3911500463
0.3910592310
0.3910691336
0.3913601857
0.3919390851
0.3927758876
0.3931406626
0.3934092893
0.3935321861
0.3937158825
0.3941785141
0.3945480137
0.3948848352
0.3951115224
0.3952351046
0.3953811950
0.3956669898
0.3959109042
0.3961831521
0.3964417198
0.3966479805
0.3969087283
0.3969580049
0.3974792150
0.3979521835
0.3983493421
0.3985534156
0.3985257024
0.3983941827
0.3983786318
0.3982120899
0.3980206604
0.3976479400
0.3973100652
0.3969608974
0.3967317413
0.3964402886
0.3961038302
0.3956041152
0.3950017284
0.3941564222
0.3931818095
0.3920460021
0.3911538805
0.3906029094
0.3901687205
0.3897098569
0.3893156628
0.3887402448
0.3880431294
0.3873633358
0.3866813452
0.3343577618
0.3344123755
0.3344509169
0.3346392081
0.3349681875
0.3354552063
0.3360862169
0.3367084444
0.3374036944
0.3377514425
0.3383103014
0.3386302257
0.3389487502
0.3385218324
0.3383091743
0.3381044404
0.3377149910
0.3374707731
0.3371643912
0.3370112152
0.3370180790
0.3369949082
0.3368532457
0.3365797983
0.3360710585
0.3353392169
0.3344198934
0.3338409121
0.3333598672
0.3328788024
0.3322648852
0.3315949027
0.3305002758
0.3293882224
0.3286390883
0.3281125971
0.3275400734
0.3268615215
0.3259921975
0.3251972572
0.3243050929
0.3235190170
0.3229275930
0.3223891370
0.3214334755
0.3209869472
0.3203656060
0.3199436860
0.3195388916
0.3190674584
0.3183484349
0.3177774279
0.3171235349
0.3165965671
0.3162445332
0.3159463944
0.3155201333
0.3150382366
0.3144663926
0.3141663390
0.3139733420
0.3138056950
0.3136706086
0.3136073059
0.3135064652
0.3134723579
0.3134709576
0.3135331315
0.3136565429
0.3137012993
0.3139286594
0.3140399335
0.3141032961
0.3139528459
0.3135028813
0.3137047550
0.3140317804
0.3142639128
0.3145616113
0.3148235108
0.3151097422
0.3154175998
0.3155781890
0.3156031418
0.3155099712
0.3153464505
0.3151488697
0.3152097082
0.3153349930
0.3312524471
0.3318015199
0.3323842815
0.3330519991
0.3336733401
0.3342072547
0.3347388590
0.3352673272
0.3357733235
0.3364398940
0.3369984108
0.3375602318
0.3381973611
0.3386103606
0.3391292637
0.3397813063
0.3403914420
0.3408390367
0.3413577723
0.3419565493
0.3426146840
0.3433228683
0.3440722463
0.3447394986
0.3454095491
0.3456534187
0.3462716614
0.3470479309
0.3478655915
0.3484023192
0.3489452411
0.3493525898
0.3500007873
0.3506837637
0.3512287542
0.3516987064
0.3520689190
0.3522231908
0.3523662411
0.3525936284
0.3529509014
0.3533189173
0.3537560869
0.3543783259
0.3548597619
0.3552983279
0.3558823558
0.3564550103
0.3568212055
0.3570781453
0.3574897162
0.3579428122
0.3583317907
0.3587512243
0.3592252695
0.3596155649
0.3599961249
0.3603720367
0.3608101553
0.3612365912
0.3616774301
0.3618912460
0.3621464455
0.3625358893
0.3628936985
0.3631309847
0.3633762230
0.3634809793
0.3636777526
0.3642310114
0.3650090254
0.3658025003
0.3665391381
0.3670736667
0.3675335977
0.3682202041
0.3686196093
0.3690950947
0.3695556231
0.3696917659
0.3699497684
0.3700020594
0.3701421252
0.3701995368
0.3703586689
0.3701713428
0.3700524583
0.3701235760
0.3699950094
0.3698414036
0.3695123948
0.3690742226
0.3687316750
0.3683963418
0.3681830763
0.3677444077
0.3673551329
0.3668357306
0.3664901776
0.3661166105
0.3657109101
0.3652312206
0.3647730180
0.3645448103
0.3642448917
0.3639471581
0.3634454571
0.3631285697
0.3629964333
0.3625571695
0.3624836009
0.3620757197
0.3616466147
0.3613629897
0.3612193489
0.3611002392
0.3610171310
0.3608615985
0.3605847536
0.3602133998
0.3600025964
0.3596249183
0.3594159021
0.3592149725
0.3590597791
0.3587767954
0.3584656604
0.3578791305
0.4194064660
0.4192807695
0.4193731733
0.4193764611
0.4195232236
0.4195570906
0.4197024267
0.4198064362
0.4198220567
0.4198769797
0.4199878504
0.4200015398
0.4199809600
0.4200435203
0.4201176784
0.4202098523
0.4203279738
0.4203646673
0.4204123654
0.4204750669
0.4205648418
0.4205569953
0.4206503094
0.4206856026
0.4207434272
0.4206710714
0.4207168551
0.4207163839
0.4207274448
0.4206853122
0.4205793958
0.4204236318
0.4202327749
0.4200525588
0.4199024476
0.4196116843
0.4194140286
0.4193181770
0.4191910263
0.4190457851
0.4190669161
0.4192171045
0.4192203427
0.4192796075
0.4194389672
0.4195524005
0.4197100936
0.4199048448
0.4200978179
0.4201180900
0.4202493234
0.4205271672
0.4204260393
0.4206962853
0.4206901424
0.4207779126
0.4207565936
0.4206730097
0.4207089762
0.4204195041
0.4203958807
0.4202935916
0.4201727068
0.4199534527
0.4198486809
0.4194659146
0.4193132423
0.4189426508
0.4186556788
0.4182406858
0.4179420992
0.4176525344
0.4174090796
0.4170515351
0.4169314598
0.4167163245
0.4166400180
0.4166632087
0.4166754977
0.4166098158
0.4166975811
0.4167683555
0.4168212267
0.4168058938
0.4170865338
0.4170545465
0.4171654778
0.4171084545
0.4171582245
0.4170976931
0.4170268841
0.4170032110
0.4168642902
0.4166193954
0.4164376647
0.4161325669
0.4158671186
0.4154151207
0.4151221252
0.4148417280
0.4145322094
0.4141749091
0.4138483265
0.4134791840
0.4131463357
0.4127656145
0.4123855046
0.4119309365
0.4115402242
0.4111630592
0.4108470860
0.4106227103
0.4103015612
0.4100218507
0.4096299679
0.4093955113
0.4092131069
0.4090457255
0.4087411836
0.4081930805
0.4078585052
0.4075500032
0.4073087840
0.4069836488
0.4065714174
0.4061348604
0.4056891346
0.4052859698
0.4048380308
0.4045196669
0.4041031447
0.4036761279
0.4032649987
0.4025003851
0.4018298473
0.4014643677
0.4010226866
0.4005360138
0.4000266625
0.3995269836
0.3990795942
0.3987855908
0.3984141640
0.3980428452
0.3976041648
0.3973910726
0.3970709736
0.3966591036
0.3962195187
0.3960058239
0.3957754971
0.3955166193
0.3953390823
0.3953376300
0.3951826205
0.3952186603
0.3952047968
0.3952683139
0.3951014131
0.3948520970
0.3943894233
0.4675373680
0.4672695005
0.4669898701
0.4666564159
0.4664417296
0.4663101446
0.4661146631
0.4660622764
0.4659505451
0.4656959289
0.4653363493
0.4648553212
0.4644101002
0.4639186005
0.4634493274
0.4629918646
0.4625961426
0.4622639483
0.4620214140
0.4618205266
0.4616181019
0.4615204729
0.4614888365
0.4614636294
0.4614743007
0.4614743007
0.4616204863
0.4618782606
0.4622066017
0.4624515975
0.4626846275
0.4628521901
0.4629349947
0.4630029357
0.4631782912
0.4633629933
0.4633634521
0.4633846538
0.4633263348
0.4633878629
0.4633119395
0.4632751834
0.4632664595
0.4632508483
0.4632015390
0.4631137252
0.4630641622
0.4629659202
0.4628912176
0.4627199014
0.4626262368
0.4626015960
0.4624949385
0.4624139660
0.4623430761
0.4622459205
0.4621414998
0.4620044678
0.4618413339
0.4616351776
0.4614667370
0.4614573249
0.4615208211
0.4616437677
0.4617788044
0.4621616580
0.4624795069
0.4629330634
0.4634212291
0.4637751376
0.4642787579
0.4647892555
0.4653887327
0.4659505560
0.4666883220
0.4674335636
0.4681137840
0.4687569865
0.4694003327
0.4699311388
0.4703825219
0.4707536613
0.4712693996
0.4718410179
0.4723441014
0.5460849348
0.5460342863
0.5461250016
0.5462980402
0.5464618195
0.5465753120
0.5466360187
0.5465412543
0.5464322850
0.5462695258
0.5459831484
0.5457256099
0.5454867003
0.5453763710
0.5452376225
0.5452459524
0.5452140635
0.5453291499
0.5454101662
0.5455118251
0.5455090043
0.5454056643
0.5452200035
0.5450863908
0.5449186056
0.5449387668
0.5449015407
0.5449078874
0.5448331695
0.5445889143
0.5443591424
0.5440848047
0.5438028254
0.5433728255
0.5429835489
0.5424896084
0.5421064070
0.5417836438
0.5414718234
0.5412879480
0.5410736140
0.5407529574
0.5403690215
0.5399415846
0.5394562859
0.5390931472
0.5388489401
0.5385945334
0.5382911145
0.5381711764
0.5380376211
0.5379339999
0.5378108293
0.5377858336
0.5378776603
0.5378329452
0.5376104596
0.5374749322
0.5373357138
0.5372065081
0.5369981831
0.5369172949
0.5368125878
0.5366920897
0.5367478456
0.5368857714
0.5371374009
0.5374848869
0.5377891238
0.5380090073
0.5382836954
0.5385095988
0.5385553946
0.5385764195
0.5385653647
0.5385643269
0.5386298265
0.5386512681
0.5386715037
0.5387563966
0.5390056727
0.5387412626
0.5386459188
0.5386169770
0.5386374851
0.5385963762
0.5385816267
0.5385211248
0.5385272615
0.5385772708
0.5386470994
0.5384666244
0.5383474812
0.5383173731
0.5383553434
0.5384213533
0.5384131446
0.5384305466
0.5385793575
0.5387805191
0.5390653287
0.5391638163
0.5391629119
0.5391049650
0.5390030785
0.5389062781
0.5386844518
0.5384038807
0.5381006196
0.5377436609
0.5374281149
0.5369143204
0.5368270819
0.5362455402
0.5360593667
0.5358984199
0.5357861117
0.5359415557
0.4840916766
0.4840147917
0.4837492362
0.4837644791
0.4837559500
0.4837458278
0.4838684900
0.4838865516
0.4838169368
0.4839298728
0.4839477043
0.4839652894
0.4839829631
0.4840785552
0.4840392976
0.4842320088
0.4843310878
0.4844280654
0.4843578453
0.4844156231
0.4843788652
0.4843528121
0.4841555364
0.4839862020
0.4837592930
0.4835214479
0.4830184293
0.4828139172
0.4826034175
0.4823761595
0.4820926994
0.4820005009
0.4818564170
0.4817593913
0.4815890930
0.4814179433
0.4812174839
0.4810178257
0.4805595244
0.4805168869
0.4806345776
0.4806465778
0.4805950035
0.4805775222
0.4804777756
0.4804706421
0.4804416975
0.4804009678
0.4803034282
0.4800717522
0.4795873860
0.4794460923
0.4793534006
0.4792381531
0.4791179290
0.4790205649
0.4788486271
0.4787311628
0.4786251480
0.4784754800
0.4783076084
0.4781127239
0.4778961154
0.4778049921
0.4778073068
0.4777340500
0.4775000751
0.4773216801
0.4769108511
0.4765580424
0.4763439962
0.4760097579
0.4756005088
0.4751951702
0.4745636544
0.4743513823
0.4738859221
0.4736213178
0.4728846815
0.4722214740
0.4714973520
0.4709524413
0.4703633326
0.4697985305
0.4691952993
0.4686480853
0.4678687403
0.4675518202
0.4671717095
0.4669067793
0.4666068879
0.4663361031
0.4663047242
0.4661210939
0.4660559808
0.4659851023
0.4658822645
0.4657575729
0.4656640850
0.4655597963
0.4651846562
