0.1226753227
0.1226753227
0.1226753227
0.1226753227
0.1226753227
0.1226753227
0.1226753227
0.1226753227
0.1226753227
0.1226753227
0.1226753227
0.1226753227
0.1226753227
0.1226753227
0.1226753227
0.1226753227
0.1226753227
0.1226753227
0.1226753227
0.1226753227
0.1226753227
0.1226753227
0.1226753227
0.1226753227
0.1226753227
0.1226753227
0.1226753227
0.1226753227
0.1226753227
0.1226753227
0.1226753227
0.1226753227
0.1226753227
0.1226753227
0.1226753227
0.1226753227
0.1226753227
0.1226753227
0.1226753227
0.1226753227
0.1226753227
0.1226753227
0.1226753227
0.1226753227
0.1226753227
0.1226753227
0.1226753227
0.1226753227
0.1226753227
0.1226753227
0.1226753227
0.1226753227
0.1226753227
0.1226753227
0.1226753227
0.1226753227
0.1226753227
0.1226753227
0.1226753227
0.1226753227
0.1226753227
0.1226753227
0.1226753227
0.1226753227
0.1226753227
0.1226753227
0.1226753227
0.1226753227
0.1226753227
0.1226753227
0.1226753227
0.1226753227
0.1226753227
0.1226753227
0.1226753227
0.1226753227
0.1226753227
0.1226753227
0.1226753227
0.1226753227
0.1226753227
0.1226753227
0.1226753227
0.1226753227
0.1226753227
0.1226753227
0.1226753227
0.1226753227
0.1226753227
0.1226753227
0.1226753227
0.1226753227
0.1226753227
0.1226753227
0.1226753227
0.1226753227
0.1226753227
0.1226753227
0.1226753227
0.1226753227
0.1226753227
0.1226753227
0.1226753227
0.1226753227
0.1226753227
0.1226753227
0.1226753227
0.1226753227
0.1226753227
0.1226753227
0.1226753227
0.1226753227
0.1226753227
0.1226753227
0.1226753227
0.1226753227
0.1226753227
0.1226753227
0.1226753227
0.1226753227
0.1226082660
0.1226082660
0.1234909171
0.1242153458
0.1252746114
0.1262757076
0.1277747628
0.1277747628
0.1297213874
0.1317764868
0.1296801120
0.1296592696
0.1294496843
0.1294496843
0.1292115253
0.1288913320
0.1285721195
0.1282858038
0.1280226197
0.1280226197
0.1276756614
0.1273812303
0.1268939281
0.1267027959
0.1264158882
0.1264158882
0.1261790115
0.1259397670
0.1257719077
0.1256244766
0.1254374359
0.1254374359
0.1250830583
0.1245904653
0.1241878921
0.1239293123
0.1237977014
0.1237977014
0.1235419837
0.1234620603
0.1233260644
0.1230466463
0.1227934711
0.1227934711
0.1226697682
0.1225789848
0.1225655480
0.1226854026
0.1230972086
0.1230972086
0.1240003093
0.1375527986
0.1568389893
0.1569940586
0.1476579404
0.1476579404
0.1238544017
0.1195678016
0.1176528256
0.1149545909
0.1134506534
0.1134506534
0.1128613897
0.1121486241
0.1114408508
0.1108790351
0.1103378865
0.1103378865
0.1101795973
0.1100881609
0.1100659783
0.1100748480
0.1100928378
0.1100928378
0.1101758685
0.1103121522
0.1104157870
0.1106083398
0.1109108210
0.1109108210
0.1112631108
0.1115521399
0.1118594729
0.1120612686
0.1122831548
0.1122831548
0.1125090869
0.1126924149
0.1128493178
0.1651204566
0.1650970563
0.1650970563
0.1651483467
0.1651533588
0.1652118384
0.1652823410
0.1653360668
0.1653360668
0.1653795419
0.1653896117
0.1653856009
0.1654276993
0.1655088038
0.1655088038
0.1655055658
0.1655279366
0.1655348623
0.1655274893
0.1655306826
0.1655306826
0.1654774480
0.1654639473
0.1654455809
0.1654372546
0.1653230180
0.1653230180
0.1653145169
0.1652226183
0.1650639009
0.1649794555
0.1648953975
0.1648953975
0.1648920896
0.1648794630
0.1646878798
0.1646532795
0.1646321547
0.1646321547
0.1645379806
0.1643772663
0.1643658084
0.1643342237
0.1642679779
0.1642679779
0.1640400359
0.1640799091
0.1641564666
0.1642246611
0.1641864057
0.1641864057
0.1642288944
0.1642500047
0.1643126109
0.1641245008
0.1641472298
0.1641472298
0.1640427174
0.1640696342
0.1639662904
0.1640216967
0.1641001845
0.1641001845
0.1641003922
0.1637029529
0.1637298113
0.1637324743
0.1132621242
0.1132621242
0.1133216648
0.1133693801
0.1134767449
0.1135308522
0.1136920510
0.1136920510
0.1137525252
0.1137672712
0.1137549736
0.1137183806
0.1137193643
0.1137193643
0.1136930191
0.1136648462
0.1135846325
0.1135845265
0.1135034047
0.1135034047
0.1133122114
0.1131452988
0.1131142637
0.1130932452
0.1130832200
0.1130832200
0.1130181907
0.1130028881
0.1130034572
0.1129940636
0.1129979578
0.1129979578
0.1130212910
0.1129950790
0.1129942401
0.1129345510
0.1129123060
0.1129123060
0.1129118707
0.1128961991
0.1128737396
0.1128768195
0.1128860418
0.1128860418
0.1128839627
0.1128226727
0.1128363885
0.1128258976
0.1128625114
0.1128625114
0.1128387125
0.1128491932
0.1128478180
0.1127667344
0.1126553892
0.1126553892
0.1127056909
0.1127253369
0.1128119640
0.1128649187
0.1128994140
0.1128994140
0.1129499824
0.1130230987
0.1131206802
0.1131131536
0.1130820776
0.1130820776
0.1131132637
0.1130596415
0.1130900235
0.1131486358
0.1132225791
0.1132225791
0.1132416783
0.1133154633
0.1133885216
0.1134502223
0.1134877210
0.1134877210
0.1488798528
0.1488179802
0.1488753714
0.1488451399
0.1488247089
0.1488247089
0.1488051203
0.1487662755
0.1487496522
0.1486807420
0.1485889838
0.1485889838
0.1484450733
0.1484087205
0.1482899493
0.1482317288
0.1481316407
0.1481316407
0.1479945333
0.1479179518
0.1478119041
0.1477000996
0.1476977354
0.1476977354
0.1475949238
0.1474753558
0.1473464082
0.1472104455
0.1471236307
0.1471236307
0.1470737216
0.1469605735
0.1468216196
0.1467832935
0.1466857334
0.1466857334
0.1466011774
0.1464364589
0.1462769636
0.1460712176
0.1459758983
0.1459758983
0.1458479272
0.1457171052
0.1456356945
0.1455602030
0.1454956802
0.1454956802
0.1454558465
0.1453072100
0.1452711428
0.1451775692
0.1451500764
0.1451500764
0.1450878525
0.1449140384
0.1447691326
0.1447218790
0.1446683753
0.1446683753
0.1445666410
0.1443667528
0.1443043285
0.1442434623
0.1441552135
0.1441552135
0.1440791639
0.1440682679
0.1439703566
0.1438886527
0.1437076854
0.1437076854
0.1436708803
0.1435280846
0.1434052651
0.1102371835
0.1102386784
0.1102386784
0.1102536609
0.1102905475
0.1102914451
0.1102979627
0.1103108807
0.1103108807
0.1103396631
0.1103282878
0.1103068177
0.1102997820
0.1103172806
0.1103172806
0.1103044037
0.1102990406
0.1102954166
0.1102924925
0.1102789758
0.1102789758
0.1102989218
0.1103143472
0.1103066662
0.1102914216
0.1102931514
0.1102931514
0.1102930100
0.1103021600
0.1102907487
0.1102851262
0.1103054339
0.1103054339
0.1103305166
0.1103312902
0.1103204057
0.1103113840
0.1103325127
0.1103325127
0.1103214627
0.1103129347
0.1103078750
0.1103399808
0.1103263003
0.1103263003
0.1103161088
0.1103175242
0.1103208758
0.1103571344
0.1103356728
0.1103356728
0.1103490711
0.1103423065
0.1103600540
0.1103943333
0.1106053407
0.1106053407
0.1106070450
0.1106409678
0.1106716776
0.1111159697
0.1116143014
0.1116143014
0.1123835981
0.1129463484
0.1132009788
0.1131712242
0.1129544638
0.1129544638
0.1127340006
0.1126562987
0.1125314547
0.1125178420
0.1125112364
0.1125112364
0.1125696589
0.1127119958
0.1128146250
0.1128301215
0.1129619809
0.1129619809
0.1130510783
0.1131397429
0.1132481566
0.1134052220
0.1133003620
0.1133003620
0.1134408228
0.1137592831
0.1143143499
0.1150548267
0.1163356187
0.1163356187
0.1186523961
0.1207856186
0.1224354702
0.1233190205
0.1235803694
0.1235803694
0.1229877394
0.1237435053
0.1248302134
0.1259262391
0.1268235844
0.1268235844
0.1281984003
0.1305361343
0.1319379019
0.1327196946
0.1333453868
0.1333453868
0.1341323689
0.1351062714
0.1356917107
0.1360978599
0.1362664218
0.1362664218
0.0645557662
0.0656937579
0.0661723158
0.0671418146
0.0692928997
0.0692928997
0.0716977755
0.0734043244
0.0749446148
0.0765412985
0.0781725704
0.0781725704
0.0795876671
0.0804993836
0.0814299264
0.0818379022
0.0819094148
0.0819094148
0.0821163188
0.0825192685
0.0829097031
0.0831807991
0.0834858033
0.0834858033
0.0835127860
0.0837322049
0.0840282201
0.0846082071
0.0847437853
0.0847437853
0.0846993244
0.0846856802
0.0848895975
0.0849783836
0.0850104175
0.0850104175
0.0850430179
0.0850719816
0.0850968744
0.0851106312
0.0852755604
0.0852755604
0.0854049168
0.0853676951
0.0853806901
0.0853931986
0.0855003206
0.0855003206
0.0857326363
0.0857334160
0.0857607452
0.0858269957
0.0858927834
0.0858927834
0.0859813448
0.0862235424
0.0864792478
0.0866457997
0.0868025122
0.0868025122
0.0870988995
0.0874076768
0.0876104106
0.0878979699
0.0880096907
0.0880096907
0.0881931935
0.0883311457
0.0885313923
0.0886436321
0.0887165545
0.0887165545
0.0886761161
0.0886493444
0.0886455391
0.0886631974
0.0886988297
0.0886988297
0.0886950515
0.0886873007
0.0886801194
0.0886975813
0.0886980968
0.0886980968
0.0886972219
0.0886929200
0.0887078632
0.0887330174
0.0887385907
0.0887385907
0.0887469857
0.0887950906
0.0888319176
0.0888715710
0.0889207542
0.0889207542
0.0889682622
0.0889956035
0.0890295190
0.1113483887
0.1113561602
0.1113561602
0.1113562260
0.1113472620
0.1113671273
0.1113676228
0.1113656062
0.1113656062
0.1113623092
0.1113625780
0.1113696097
0.1113692971
0.1113698702
0.1113698702
0.1113656074
0.1113638349
0.1113710277
0.1113710069
0.1113714275
0.1113714275
0.1113764380
0.1113843872
0.1113865582
0.1113888614
0.1113864309
0.1113864309
0.1113883383
0.1113871426
0.1113695673
0.1113746441
0.1113747177
0.1113747177
0.1113710403
0.1113701317
0.1113711118
0.1113716528
0.1113699603
0.1113699603
0.1113674719
0.1113628616
0.1113685582
0.1113743981
0.1113738392
0.1113738392
0.1113706301
0.1113689482
0.1113648401
0.1113741151
0.1113739020
0.1113739020
0.1113738016
0.1113744259
0.1113777888
0.1113779136
0.1113746447
0.1113746447
0.1113757632
0.1113794018
0.1113839028
0.1113870262
0.1113910851
0.1113910851
0.1114032399
0.1114027537
0.1114065465
0.1114059648
0.1114056253
0.1114056253
0.1113995281
0.1113904984
0.1113875484
0.1113836827
0.1113855293
0.1113855293
0.1113865858
0.1113866096
0.1113844502
0.1113897766
0.1113894076
0.1113894076
0.1113941753
0.1113923735
0.1113968307
0.1113893545
0.1113868394
0.1113868394
0.2004707243
0.2004805467
0.2004828351
0.2004825685
0.2004894229
0.2004894229
0.2004899508
0.2004979188
0.2005233788
0.2005387938
0.2005384376
0.2005384376
0.2005496657
0.2005487189
0.2005466463
0.2005468127
0.2005478863
0.2005478863
0.2005487961
0.2005517473
0.2005528234
0.2005549919
0.2005608488
0.2005608488
0.2005570545
0.2005585737
0.2005552403
0.2005561415
0.2005610967
0.2005610967
0.2005674095
0.2005682146
0.2005753756
0.2005835907
0.2005830478
0.2005830478
0.2005949269
0.2005955396
0.2006183439
0.2006178370
0.2006201021
0.2006201021
0.2005998423
0.2005957846
0.2005955466
0.2005946037
0.2005982724
0.2005982724
0.2005892740
0.2005852222
0.2005864187
0.2005827860
0.2005775805
0.2005775805
0.2005751176
0.2005739096
0.2005720039
0.2729287488
0.2732301706
0.2732301706
0.2734862690
0.2734787038
0.2737398003
0.2739822420
0.2741924974
0.2741924974
0.2744169113
0.2747263597
0.2749358968
0.2751250010
0.2752761713
0.2752761713
0.2754440907
0.2756203022
0.2757865387
0.2759326767
0.2761396318
0.2761396318
0.2762671152
0.2763799380
0.2765052508
0.2765908821
0.2766769832
0.2766769832
0.2767440146
0.2768346403
0.2768926460
0.2769800373
0.2770249942
0.2770249942
0.2770715982
0.2770870580
0.2771552075
0.2771884210
0.1023413538
0.1023413538
0.1024376484
0.1024604093
0.1025084950
0.1024898533
0.1025710886
0.1025710886
0.1027365073
0.1027055029
0.1026109799
0.1026863118
0.1026698380
0.1026698380
0.1027938279
0.1027178597
0.1026882959
0.1027793743
0.1027816083
0.1027816083
0.1027271902
0.1027095985
0.1027941928
0.1027532226
0.1029067187
0.1029067187
0.1029371595
0.1030035508
0.1029297735
0.1028076901
0.1027596071
0.1027596071
0.1028003593
0.1028203238
0.1026170089
0.1027076598
0.1028124108
0.1028124108
0.1026923399
0.1026963602
0.1028538474
0.1029193033
0.1028105409
0.1028105409
0.1029655371
0.1029633888
0.1029302404
0.1029529187
0.1029530440
0.1029530440
0.1027935091
0.1028627441
0.1028644697
0.1029540241
0.1028232261
0.1028232261
0.1029061310
0.1028878945
0.1028120198
0.1027873704
0.1028219543
0.1028219543
0.1027740409
0.1029577995
0.1029670483
0.1031440608
0.1030019634
0.1030019634
0.1028820436
0.1029193011
0.1030384114
0.1029188468
0.1028897310
0.1028897310
0.1030609528
0.1031088701
0.1028339252
0.1029037500
0.1028927551
0.1028927551
0.1028583930
0.1286658171
0.1286829122
0.1286564407
0.1286530879
0.1286530879
0.1286619569
0.1286708388
0.1286835901
0.1287228842
0.1288822374
0.1288822374
0.1291941413
0.1298372423
0.1307418939
0.1317178256
0.1325965601
0.1325965601
0.1333303476
0.1338785465
0.1342932246
0.1346553506
0.1348483199
0.1348483199
0.1350977223
0.1353016898
0.1354680271
0.1355570688
0.1355755398
0.1355755398
0.1355689173
0.1355708525
0.1355651261
0.1355766314
0.1355828365
0.1355828365
0.1355560272
0.1355927496
0.1355974684
0.1356220517
0.1356245596
0.1356245596
0.1356457021
0.1356361386
0.1356352141
0.1356246794
0.1356120880
0.1356120880
0.1171323117
0.1171301746
0.1171636267
0.1172002680
0.1171931727
0.1171931727
0.1171918195
0.1171934406
0.1172037593
0.1172101622
0.1171917918
0.1171917918
0.1171779198
0.1171738798
0.1171728197
0.1171934342
0.1172093293
0.1172093293
0.1172193363
0.1172170007
0.1172157595
0.1172171002
0.1172190685
0.1172190685
0.1172100015
0.1171970079
0.1171978131
0.1171938977
0.1171943925
0.1171943925
0.1172170127
0.1172110992
0.1172214709
0.1172211688
0.1172284267
0.1172284267
0.1172265676
0.1172163758
0.1172013265
0.1172029074
0.1172040366
0.1172040366
0.1172127729
0.1172274555
0.0677101879
0.0677102916
0.0677779020
0.0677779020
0.0679434375
0.0685174298
0.0697371305
0.0715337383
0.0735701548
0.0735701548
0.0750575055
0.0757441400
0.0762108722
0.0765662829
0.0766376845
0.0766376845
0.0767524947
0.0767926397
0.0767996188
0.0769428880
0.0768866831
0.0768866831
0.0769358518
0.0770345499
0.0770636394
0.0770628699
0.0771393957
0.0771393957
0.0771240799
0.0771201205
0.0770955118
0.0770848603
0.0770707762
0.0770707762
0.0770363560
0.0770467098
0.0770897154
0.0771256596
0.0771325001
0.0771325001
0.0772272152
0.0772197630
0.0772264743
0.0772440647
0.0772473643
0.0772473643
0.1958930044
0.1959093442
0.1959509418
0.1959510472
0.1959369999
0.1959369999
0.1959311885
0.1959825359
0.1959851681
0.1959732293
0.1959787545
0.1959787545
0.1960012059
0.1959881667
0.1959805075
0.1959914989
0.1960176196
0.1960176196
0.1960148868
0.1960047817
0.1959939281
0.1960183873
0.1960158897
0.1960158897
0.1959967324
0.1959896284
0.1959822297
0.1959870361
0.1960096044
0.1960096044
0.1959929049
0.1959967234
0.1959894719
0.1959957564
0.1960113370
0.1960113370
0.1960229384
0.1960246951
0.1960046932
0.1959965104
0.1959988928
0.1959988928
0.1960070692
0.1959948978
0.1959864870
0.1959850063
0.1960000498
0.1960000498
0.1959774354
0.0780198121
0.0779988099
0.0779649177
0.0779511174
0.0779511174
0.0779310559
0.0778075186
0.0778140822
0.0778078118
0.0778170507
0.0778170507
0.0778047450
0.0779631789
0.0780059791
0.0780302072
0.0780333352
0.0780333352
0.0780430155
0.0780347767
0.0780352394
0.0779033257
0.0779232164
0.0779232164
0.0779158882
0.0779055040
0.0779054029
0.0779521683
0.0779866160
0.0779866160
0.0780364232
0.0780281480
0.0780499652
0.0780302480
0.0780544747
0.0780544747
0.0780568389
0.0780166403
0.0780157665
0.0779981708
0.0779716320
0.0779716320
0.0779833396
0.0779280286
0.0779044670
0.0778575021
0.0779043828
0.0779043828
0.0779458364
0.0778591698
0.0778278930
0.0778659402
0.0778081320
0.0778081320
0.0778071391
0.0777521004
0.0777600776
0.0777690446
0.0777690639
0.0777690639
0.0777744489
0.0778546451
0.0778366796
0.0778403503
0.0778699834
0.0778699834
0.0778852898
0.0779039848
0.0779583998
0.0779932131
0.0780076251
0.0780076251
0.0779586359
0.0766826722
0.0766664869
0.0766961879
0.0767250053
0.0767250053
0.0767314855
0.0768162834
0.0768393938
0.0768617143
0.0768525073
0.0768525073
0.0768577962
0.0768329335
0.0768431369
0.0768383092
0.0768748390
0.0768748390
0.0768571588
0.0768716393
0.0768879775
0.0768820356
0.0768779441
0.0768779441
0.0769001785
0.0768843853
0.0769064017
0.0769114025
0.0769936260
0.0769936260
0.0769866606
0.0770037652
0.0769858874
0.0770041190
0.0770075035
0.0770075035
0.0770035499
0.0770609929
0.0771191204
0.0771033860
0.0770462494
0.0770462494
0.0770061277
0.0768506380
0.0766124619
0.0766184084
0.0764426044
0.0764426044
0.0761757799
0.0759771345
0.0758246574
0.0757590008
0.0757427295
0.0757427295
0.0758643016
0.0759758965
0.0761616028
0.0763480522
0.0764401840
0.0764401840
0.0764526323
0.0763808119
0.0763379100
0.0763065598
0.0763166560
0.0763166560
0.0762818340
0.0762709442
0.0762507837
0.0762258237
0.0762013442
0.0762013442
0.0761828922
0.0762089126
0.0761860870
0.0761901596
0.0762116456
0.0762116456
0.0762012580
0.0761773600
0.1558439121
0.1558644148
0.1557354732
0.1557354732
0.1555586425
0.1553659368
0.1551310423
0.1548901993
0.1547176768
0.1547176768
0.1545555017
0.1544296982
0.1543384671
0.1542321852
0.1541743408
0.1541743408
0.1541546421
0.1541635102
0.1541727289
0.1541120351
0.1539761052
0.1539761052
0.1538452569
0.1538000858
0.1537852026
0.1537750898
0.1539051370
0.1539051370
0.1539431909
0.1538758029
0.1538103938
0.1538020880
0.1537435799
0.1537435799
0.1536925350
0.1535346640
0.1534393694
0.1533461118
0.1532666283
0.1532666283
0.1532272267
0.1532323310
0.1532629271
0.1532859890
0.1532766117
0.1532766117
0.1532664697
0.1532669214
0.1532712751
0.1532659554
0.1532646380
0.1532646380
0.1532498620
0.1532465066
0.1532632520
0.1532589756
0.1532548251
0.1532548251
0.1532243833
0.1532242539
0.1532227659
0.1753179619
0.1753373890
0.1753373890
0.1753677324
0.1753685228
0.1753669823
0.1753684629
0.1753773055
0.1753773055
0.1753755642
0.1753739751
0.1753742151
0.1753769554
0.1753785574
0.1753785574
0.1753806729
0.1753791715
0.1753829002
0.1753828638
0.1753895214
0.1753895214
0.1753881620
0.1753946014
0.1753941368
0.1753935140
0.1753953062
0.1753953062
0.1753927068
0.1753842599
0.1753819165
0.1753782881
0.1753759220
0.1753759220
0.1753772576
0.1753752557
0.1753698620
0.1753706197
0.1753700684
0.1753700684
0.1753604598
0.1753373744
0.1753965261
0.1753765073
0.1753703353
0.1753703353
0.1753262941
0.1753151669
0.1752773384
0.1752714241
0.1753400311
0.1753400311
0.1753926891
0.1754479034
0.1754516738
0.1754286643
0.1754481116
0.1754481116
0.1755419486
0.1756104463
0.1757713231
0.1758595334
0.1760400481
0.1760400481
0.1761252086
0.1762507276
0.1762902189
0.1495438214
0.1495765048
0.1495765048
0.1497010218
0.1497825284
0.1497386789
0.1493737961
0.1484907632
0.1484907632
0.1468367052
0.1444847950
0.1411682663
0.1371778509
0.1336769750
0.1336769750
0.1314575289
0.1304352897
0.1302889698
0.1298501627
0.1294141565
0.1294141565
0.1288378474
0.1294061801
0.1311784047
0.1327811538
0.1343775065
0.1343775065
0.1360988950
0.1373552643
0.1382866422
0.1380071711
0.1366099514
0.1366099514
0.1341778125
0.1306291494
0.1306342737
0.1273984666
0.1216366237
0.1216366237
0.1139611284
0.1080579863
0.1027945386
0.0994412200
0.0970054800
0.0970054800
0.0958343518
0.0954158178
0.0951261133
0.0950210939
0.0948820157
0.0948820157
0.0948235022
0.0947611299
0.0948055085
0.0915199324
0.0915164140
0.0915164140
0.0915563249
0.0916112319
0.0915651795
0.0916660388
0.0916920447
0.0916920447
0.0916110898
0.0916539386
0.0916110730
0.0916549572
0.0916858168
0.0916858168
0.0915180692
0.0916423920
0.0917188099
0.0916407980
0.0917153239
0.0917153239
0.0916071993
0.0916793020
0.0917362992
0.0915807530
0.0916897668
0.0916897668
0.0916843932
0.0916836871
0.0917317774
0.0916366162
0.0917670031
0.0917670031
0.0917646039
0.0918082299
0.0918249305
0.0918761215
0.0917880930
0.0917880930
0.0919554031
0.0920373467
0.0919710408
0.0920882674
0.0921617035
0.0921617035
0.0922297632
0.0923167760
0.0922687612
0.0924202372
0.0925440776
0.0925440776
0.0926753772
0.0928443233
0.0929942848
0.0932005925
0.0934270335
0.0934270335
0.0934648913
0.0937207669
0.0938676743
0.0939679797
0.0942814953
0.0942814953
0.0942930677
0.0944336518
0.0948310180
0.0950882201
0.0953240387
0.0953240387
0.0956182706
0.0959073504
0.0960384305
0.0961373236
0.0962011921
0.0962011921
0.0964338272
0.0965321305
0.0965956074
0.0967864541
0.0968128086
0.0968128086
0.0968982084
0.0968834538
0.0969245551
0.0973252296
0.0975064411
0.0975064411
0.0975882726
0.0977232088
0.0976533625
0.0976118302
0.0976330532
0.0976330532
0.0976393395
0.0974146088
0.0972927468
0.0970148231
0.0968983872
0.0968983872
0.0968425502
0.0966435954
0.0965704627
0.0965139830
0.0963580453
0.0963580453
0.0963966812
0.0962780322
0.0964082122
0.0964788835
0.0964467371
0.0964467371
0.0967729756
0.0969777591
0.0972326682
0.0975223157
0.0974947085
0.0974947085
0.0976152019
0.0976507658
0.0976347325
0.0976157081
0.0974806342
0.0974806342
0.0974911534
0.0974947512
0.0973728540
0.0970862310
0.0969541504
0.0969541504
0.0966507556
0.0964541279
0.0963928255
0.0960452158
0.0960738904
0.0960738904
0.0959721721
0.0958354182
0.0958899543
0.0958233562
0.0958477602
0.0958477602
0.0958732089
0.0958994941
0.0959494887
0.0960182004
0.0960962972
0.0960962972
0.0961101970
0.0960558942
0.0960873528
0.0960315818
0.0959843094
0.0959843094
0.0959796542
0.0960070213
0.0956912009
0.0956713719
0.0955846518
0.0955846518
0.0953777495
0.0953755213
0.0952208921
0.0951628930
0.0951225603
0.0951225603
0.0949246539
0.0949943687
0.0949953647
0.0949920262
0.0950549828
0.0950549828
0.0949246166
0.0950301509
0.0951295320
0.0950845495
0.0951778756
0.0951778756
0.0950185037
0.0951346090
0.0952344566
0.0949962834
0.1148370042
0.1148370042
0.1149686310
0.1149859795
0.1149613262
0.1148763892
0.1152150353
0.1152150353
0.1152442424
0.1162390563
0.1175359099
0.1176200138
0.1180345444
0.1180345444
0.1178864694
0.1178517131
0.1178504244
0.1178697128
0.1176958808
0.1176958808
0.1180300369
0.1190078557
0.1193623163
0.1189380018
0.1170701276
0.1170701276
0.1133924845
0.1123305997
0.1123775981
0.1124218809
0.1124119378
0.1124119378
0.1123595040
0.1124255509
0.1125552907
0.1130329438
0.1137154781
0.1137154781
0.1137260800
0.1143126965
0.1146904066
0.1143704835
0.1139150727
0.1139150727
0.1138800253
0.1139290990
0.1139289809
0.1137964395
0.1138126281
0.1138126281
0.1140739492
0.1143383095
0.1146219709
0.1148109656
0.1148378675
0.1148378675
0.1144709657
0.1138716868
0.1135067263
0.1135938198
0.1136417244
0.1136417244
0.1136898568
0.1140343779
0.1147267254
0.1159952621
0.1180221980
0.1180221980
0.1180699963
0.1200358965
0.1207325451
0.1202412588
0.1185707318
0.1185707318
0.1180238962
0.1179703939
0.1179029774
0.0938939978
0.0940513465
0.0940513465
0.0941279245
0.0941575013
0.0943401185
0.0943878999
0.0943848410
0.0943848410
0.0945632621
0.0946767755
0.0946555855
0.0948198770
0.0948321608
0.0948321608
0.0949135190
0.0949840022
0.0947906730
0.0948165580
0.0945697644
0.0945697644
0.0940482241
0.0936463671
0.0931118919
0.0926429427
0.0921264433
0.0921264433
0.0924316638
0.0933330872
0.0938130790
0.0938676589
0.0939124547
0.0939124547
0.0932873739
0.0930749553
0.0926786831
0.0923117577
0.0922870763
0.0922870763
0.0918643909
0.0913713995
0.0913365690
0.0910118010
0.0904523772
0.0904523772
0.0902345297
0.0898285625
0.0890970959
0.0885799402
0.0880795033
0.0880795033
0.0881931226
0.0879046353
0.0875415938
0.0875174342
0.0873375245
0.0873375245
0.0873878924
0.0873796687
0.0870076695
0.0867684819
0.0865159953
0.0865159953
0.0865097777
0.0864868338
0.0862820207
0.0863103813
0.0863078876
0.0863078876
0.0862136206
0.0861329335
0.0861560919
0.0858716318
0.0858553936
0.0858553936
0.0858279484
0.0855988152
0.0854597917
0.0851604964
0.0850028929
0.0850028929
0.0847753970
0.0844279713
0.0842894980
0.0840946664
0.0839015388
0.0839015388
0.0837437501
0.0834892781
0.0834471967
0.0833294876
0.0830404684
0.0830404684
0.1180858043
0.1179193228
0.1179181533
0.1179247690
0.1179635072
0.1179635072
0.1179636324
0.1178566818
0.1175726615
0.1172002263
0.1168359235
0.1168359235
0.1165867457
0.1165213614
0.1165145963
0.1166026848
0.1167044869
0.1167044869
0.1167682504
0.1167403433
0.1166441295
0.1165350381
