0.2134784855
0.2134784855
0.2134784855
0.2134784855
0.2134784855
0.2134784855
0.2134784855
0.2134784855
0.2134784855
0.2134784855
0.2134784855
0.2134784855
0.2134784855
0.2134784855
0.2134784855
0.2187942828
0.2187942828
0.2245495347
0.2303963936
0.2352549869
0.2424050579
0.2424050579
0.2482276986
0.2539175611
0.2602201702
0.2675411031
0.2675411031
0.2752602159
0.2825473816
0.2899529506
0.2973152633
0.2973152633
0.3038143370
0.3088785850
0.3147147909
0.3194385361
0.3194385361
0.3240150245
0.3309202879
0.3450582397
0.3591413822
0.3591413822
0.3725761031
0.3863394152
0.3950656248
0.3995316241
0.3995316241
0.4045211538
0.4121918533
0.4191240866
0.4263208500
0.4263208500
0.4324355586
0.4361426044
0.4389277101
0.4421260621
0.4421260621
0.4445254400
0.4454392189
0.4456557400
0.4463712459
0.4463712459
0.4471222960
0.4482663810
0.4494989703
0.4502805635
0.4502805635
0.4517165237
0.4523474863
0.4536764055
0.4551898037
0.4551898037
0.4565119495
0.4572635949
0.4571746479
0.4567372491
0.4567372491
0.4570655965
0.4580926939
0.4590149788
0.4592591800
0.4592591800
0.4598485906
0.4601933697
0.4606193560
0.4611743704
0.4611743704
0.4611389537
0.4614507629
0.4628008882
0.4639817542
0.4639817542
0.4659755069
0.4678877516
0.4701311121
0.4718709050
0.4718709050
0.4744075675
0.4773595703
0.4800541774
0.4823866802
0.4823866802
0.4848505688
0.4864415443
0.4880722818
0.4894692208
0.4894692208
0.4908694837
0.4919405675
0.4926569407
0.4929883017
0.4929883017
0.4932200166
0.4929799726
0.4926529073
0.4925160118
0.4925160118
0.4932979190
0.4931301785
0.4918523275
0.4908038593
0.4908038593
0.4895450571
0.4873900357
0.4852744502
0.4833556062
0.4833556062
0.4819502063
0.4805603712
0.4798927468
0.4796204022
0.4796204022
0.4800687652
0.4736861572
0.4726569488
0.4716948304
0.4716948304
0.4707880906
0.4701250138
0.4693721145
0.4683108662
0.4683108662
0.4673519427
0.4661186218
0.4648800551
0.4641483792
0.4641483792
0.4638054619
0.4637015986
0.4636382966
0.4634142850
0.4634142850
0.4634754658
0.4630958808
0.4625795781
0.4621861801
0.4621861801
0.4616806920
0.4611584154
0.4604633221
0.4592574629
0.4592574629
0.4579249694
0.4557831056
0.4536169066
0.4512394102
0.4512394102
0.4491312796
0.4468149510
0.4445494101
0.4423817531
0.4423817531
0.4405779520
0.4385768437
0.4372481715
0.4360257158
0.4360257158
0.4353946142
0.4343260341
0.4336476294
0.4332513614
0.4332513614
0.4331740933
0.4335702361
0.4340886491
0.4346235218
0.4346235218
0.4349058053
0.4349201086
0.3958424026
0.3963531388
0.3963531388
0.3965565507
0.3972099714
0.3975224228
0.3986794747
0.3986794747
0.3997885245
0.4004220594
0.4012484064
0.4021573723
0.4021573723
0.4029766041
0.4032858622
0.4036463670
0.4039302829
0.4039302829
0.4044612478
0.4050803230
0.4060697539
0.4072421029
0.4072421029
0.4092247276
0.4110787161
0.4140442692
0.4173818224
0.4173818224
0.4204233646
0.4243238465
0.4281149178
0.4312353748
0.4312353748
0.4346294797
0.4372131729
0.4393185027
0.4415070054
0.4415070054
0.4453274443
0.4503044067
0.4509870196
0.4506535542
0.4506535542
0.4497372132
0.4477622915
0.4474215145
0.4474093086
0.4474093086
0.4460519244
0.4439438479
0.4419047862
0.4396604801
0.4396604801
0.4369293740
0.4327526522
0.4281824331
0.4237180492
0.4237180492
0.4191106726
0.4155781740
0.4122829766
0.4082707900
0.4082707900
0.4054382369
0.4026411255
0.4014819530
0.3995557715
0.3995557715
0.3986886101
0.3983793813
0.3966789435
0.3948772786
0.3948772786
0.3948532661
0.3967516853
0.3979202795
0.3978941745
0.3978941745
0.3986923747
0.4001417232
0.4016064553
0.4041701843
0.4041701843
0.4060828768
0.4073859912
0.4057659530
0.4056770882
0.4056770882
0.4052936780
0.4053369342
0.4061195613
0.4093730560
0.4093730560
0.4119439938
0.4123031232
0.4125183233
0.4118838788
0.4118838788
0.4112588265
0.4111658825
0.4110729882
0.4108746423
0.4108746423
0.4110997447
0.4110991810
0.4108649974
0.4103038577
0.4103038577
0.4104183122
0.4101408466
0.4094852881
0.4076970967
0.4076970967
0.4063867174
0.4053825496
0.4042998107
0.4028010769
0.4028010769
0.4013742232
0.4000146846
0.3988025032
0.3977812542
0.3977812542
0.4227032758
0.4192903240
0.4156949171
0.4123709742
0.4123709742
0.4101338190
0.4082685682
0.4070858889
0.4059058380
0.4059058380
0.4058808244
0.4060601549
0.4050476681
0.4034546778
0.4034546778
0.4042607169
0.4059763526
0.4082053219
0.4096919617
0.4096919617
0.4115654533
0.4136800177
0.4168156779
0.4199779545
0.4199779545
0.4233855885
0.4235353612
0.4207262044
0.4140487748
0.4140487748
0.4078837746
0.4035066547
0.3995096895
0.3963464098
0.3963464098
0.3943918772
0.3925665341
0.3907252427
0.3884062592
0.3884062592
0.3868699397
0.3848357929
0.3834186449
0.3829145002
0.3829145002
0.3836172095
0.3855814657
0.3891552542
0.3938886036
0.3938886036
0.3993009932
0.4039340009
0.4073703007
0.4089544443
0.4089544443
0.4088712044
0.4070949936
0.4047082170
0.4012184167
0.4012184167
0.3981641234
0.3954667726
0.3933207970
0.3902656930
0.3902656930
0.3876513866
0.3855551511
0.3844154139
0.3844310864
0.3844310864
0.3860678183
0.3890049983
0.3926169417
0.3978889340
0.3978889340
0.4042810377
0.4107688517
0.4191388727
0.4260112839
0.4260112839
0.4313700456
0.4370073263
0.4437996563
0.4479424642
0.4479424642
0.4494947827
0.4497689418
0.4488268575
0.4457539410
0.4457539410
0.3461536835
0.3475112017
0.3487279571
0.3497384151
0.3497384151
0.3506714508
0.3511229288
0.3517867399
0.3520357372
0.3520357372
0.3530955950
0.3532964091
0.3542564639
0.3540281618
0.3540281618
0.3538541688
0.3540678944
0.3542378974
0.3542966561
0.3542966561
0.3543957628
0.3543114437
0.3548459842
0.3553192809
0.3553192809
0.3558639485
0.3566883634
0.3574774310
0.3579574421
0.3579574421
0.3585444126
0.3592845175
0.3596980976
0.3602601322
0.3602601322
0.3607971594
0.3610732568
0.3615640505
0.3616996394
0.3616996394
0.3626386019
0.3627170739
0.3632914179
0.3635036540
0.3635036540
0.3639868262
0.3648407721
0.3658480560
0.3666876955
0.3666876955
0.3677263633
0.3687980655
0.3700596812
0.3711658030
0.3711658030
0.3721327020
0.3727047884
0.3738180500
0.3741732699
0.3741732699
0.3745754834
0.3752944198
0.3764777680
0.3767361706
0.3767361706
0.3779836059
0.3784249898
0.3796115333
0.3798847625
0.3798847625
0.3811831335
0.3814130928
0.3822640059
0.3824574744
0.3824574744
0.3829394088
0.3831626952
0.3842892444
0.3849527649
0.3849527649
0.3862696457
0.3870964292
0.3880946261
0.3888631083
0.3888631083
0.3898870261
0.3904526833
0.3912386058
0.3923143767
0.3923143767
0.3936718500
0.3949036145
0.3958697938
0.3965499718
0.3965499718
0.3976155783
0.4752681352
0.4745651991
0.4726726450
0.4726726450
0.4701141493
0.4671309720
0.4638997611
0.4605424483
0.4605424483
0.4579889735
0.4555349812
0.4539096535
0.4523114730
0.4523114730
0.4510249581
0.4491685080
0.4468147574
0.4439058318
0.4439058318
0.4412911748
0.4381743452
0.4353961780
0.4326301717
0.4326301717
0.4306633323
0.4287683950
0.4273029909
0.4265672327
0.4265672327
0.4266885120
0.3702573935
0.3703952965
0.3705490187
0.3705490187
0.3707210803
0.3707574656
0.3709086136
0.3708350001
0.3708350001
0.3708306172
0.3706595078
0.3704003839
0.3702877814
0.3702877814
0.3699922944
0.3698656629
0.3696171297
0.3695100558
0.3695100558
0.3698149848
0.3698420930
0.3702228726
0.3704687726
0.3704687726
0.3708498764
0.3710328576
0.3713479994
0.3713831981
0.3713831981
0.3716403636
0.3718954563
0.3724397319
0.3727015777
0.3727015777
0.3729249578
0.3728951305
0.3730820947
0.3729438519
0.3729438519
0.3728928883
0.3724914602
0.3721965205
0.3719452085
0.3719452085
0.3716790601
0.3713966663
0.3712382132
0.3710226501
0.3710226501
0.3709762622
0.3709682858
0.3710766482
0.3708060537
0.3708060537
0.3705755380
0.4537199030
0.4535318399
0.4533355006
0.4533355006
0.4530901525
0.4526416380
0.4524481536
0.4523170201
0.4523170201
0.4528538726
0.4534790802
0.4544606747
0.4552970240
0.4552970240
0.4564418963
0.4574059951
0.4584628448
0.4598383923
0.4598383923
0.4630302212
0.4667169099
0.4704924041
0.4736840676
0.4736840676
0.4760510213
0.4773122816
0.4777329936
0.4772661440
0.4772661440
0.4767942928
0.4767349859
0.4775811352
0.4777172224
0.4777172224
0.4780447326
0.4775706614
0.4772762821
0.4755838072
0.4755838072
0.4733459780
0.4707706443
0.4687662649
0.4665682126
0.4665682126
0.4650983116
0.4640644830
0.3979890930
0.3981922822
0.3981922822
0.3986567623
0.4001471534
0.4017564641
0.4029164253
0.4029164253
0.4054727050
0.4079330996
0.4101267467
0.4123509887
0.4123509887
0.4136682218
0.4157323549
0.4170604728
0.4186771434
0.4186771434
0.4199953489
0.4207295023
0.4212524646
0.4213548169
0.4213548169
0.4221756364
0.4207224538
0.4199745764
0.4199686279
0.4199686279
0.4201485584
0.4197164338
0.4197356464
0.4185042618
0.4185042618
0.4168858705
0.4151053751
0.4137040416
0.4113926033
0.4113926033
0.4077454654
0.4041905808
0.4020454708
0.3997537204
0.3997537204
0.3977792020
0.3965751679
0.3949843400
0.3934759961
0.3934759961
0.3922684861
0.3913177755
0.3906889705
0.3905531385
0.3905531385
0.3895639258
0.3903662828
0.3915153965
0.3925249379
0.3925249379
0.3930319016
0.3937022965
0.3952839905
0.3961638111
0.3961638111
0.3973859801
0.3989461209
0.4000783672
0.4005383090
0.4005383090
0.4007697234
0.4008242763
0.4010591828
0.4003518320
0.4003518320
0.3988828437
0.3955835697
0.3916069218
0.3849562606
0.3849562606
0.3763474753
0.3686843142
0.3574608632
0.3444146489
0.3444146489
0.3324231460
0.3200638724
0.3085029983
0.2980739388
0.2980739388
0.2899113627
0.2815672323
0.2740789726
0.2667622958
0.2667622958
0.2608060421
0.2543048282
0.2484167292
0.2431077449
0.2431077449
0.2388890584
0.2349151650
0.2316442408
0.2284985905
0.2284985905
0.2262293968
0.2240849970
0.2224547073
0.2210744934
0.2210744934
0.2200410414
0.3841638735
0.3860694974
0.3866116528
0.3866116528
0.3843415367
0.3823004668
0.3838388628
0.3858245242
0.3858245242
0.3876535715
0.3873949596
0.3884156742
0.3938528151
0.3938528151
0.4009806786
0.4073279134
0.4116913723
0.4136408603
0.4136408603
0.4150326366
0.4143927311
0.4133671839
0.4110778084
0.4110778084
0.4109260199
0.4141641061
0.4189190912
0.4234894250
0.4234894250
0.4261819755
0.4264677479
0.4271589453
0.4285549614
0.4285549614
0.4296719065
0.4283944857
0.4254230651
0.4217453884
0.4217453884
0.4184736670
0.4167378406
0.4170936020
0.4208990801
0.4208990801
0.4281555593
0.4367640086
0.4443670978
0.4485332784
0.4485332784
0.4484005057
0.4473870242
0.4488811227
0.4524489961
0.4524489961
0.4552629592
0.4567452966
0.4579384834
0.4563538416
0.4563538416
0.4539164171
0.4508804692
0.4485179574
0.4470094423
0.4470094423
0.4481324856
0.4510438969
0.4534813796
0.4541650586
0.4541650586
0.4525411884
0.4475813708
0.4413106182
0.4355852766
0.4355852766
0.3152160968
0.3187789811
0.3215027058
0.3236482485
0.3236482485
0.3255902331
0.3272848147
0.3287587277
0.3294166615
0.3294166615
0.3300955568
0.3303869311
0.3301064433
0.3301509371
0.3301509371
0.3308340219
0.3314032605
0.3316666195
0.3321913163
0.3321913163
0.3331273841
0.3342958323
0.3355470359
0.3368372990
0.3368372990
0.3383637015
0.3399023699
0.3414636724
0.3433428870
0.3433428870
0.3450174435
0.3472904869
0.3497554573
0.3519370581
0.3519370581
0.3538668338
0.3555401648
0.3574006717
0.3591902975
0.3591902975
0.3612082999
0.3630899596
0.3648252429
0.3665237565
0.3665237565
0.3680560298
0.4645544849
0.4669410655
0.4683250153
0.4683250153
0.4683046108
0.4667016154
0.4638226879
0.4633254985
0.4633254985
0.4657728380
0.4692528842
0.4716904550
0.4718067720
0.4718067720
0.4701023877
0.4674359798
0.4648855548
0.4624339803
0.4624339803
0.4610643203
0.4605918628
0.4602801103
0.4594577660
0.4594577660
0.4581346410
0.4565278880
0.4555326814
0.4553695594
0.4553695594
0.4565365227
0.4583475751
0.4609715540
0.4632003785
0.4632003785
0.4652507566
0.4670577420
0.4654355083
0.4568440001
0.4568440001
0.4583959873
0.4731621133
0.4113234667
0.3137386904
0.3137386904
0.1976161514
0.1097006307
0.4874141758
0.4869287950
0.4869287950
0.4860891394
0.4849978399
0.4835827052
0.4810224336
0.4810224336
0.4769218451
0.4724296809
0.4704143247
0.4714034281
0.4714034281
0.4728550187
0.4746791432
0.4768929199
0.4769920554
0.4769920554
0.4770528118
0.4750889240
0.4730244445
0.4699430459
0.4699430459
0.4681195699
0.4671740884
0.4656200284
0.4638375717
0.4638375717
0.4618414985
0.4590024443
0.4554703217
0.4510378060
0.4510378060
0.4470349575
0.4438143319
0.4400540356
0.4374793002
0.4374793002
0.4349140463
0.4334034199
0.4315594632
0.4295106023
0.4295106023
0.4287386505
0.4287013339
0.4268341568
0.4232388667
0.4232388667
0.4187661833
0.4152567355
0.4113933460
0.4041066028
0.4041066028
0.3977163282
0.3954455408
0.3944919465
0.3935281142
0.3935281142
0.3934051349
0.3955670657
0.3980563915
0.3994552256
0.3994552256
0.4008986973
0.4010188483
0.3989669447
0.3943364406
0.3943364406
0.3847762489
0.3754689076
0.3664040767
0.3561683847
0.3561683847
0.3491029650
0.3392228618
0.3296901882
0.3287370020
0.3287370020
0.3299709739
0.3324927212
0.3342149031
0.3357928421
0.3357928421
0.3356564761
0.3357836071
0.3342264784
0.3269445522
0.3269445522
0.3107418956
0.3148310134
0.3153213046
0.3132282481
0.3132282481
0.3142767700
0.3139935084
0.3138825443
0.3154460181
0.3154460181
0.3202834160
0.3271926909
0.3313628044
0.3318813261
0.3318813261
0.3310461907
0.3327314002
0.3374677771
0.3402223058
0.3402223058
0.3426061334
0.3455407181
0.3469411097
0.3474452426
0.3474452426
0.3457135813
0.3393931269
0.3346099900
0.3304451479
0.3304451479
0.3264115267
0.3196708989
0.3119328209
0.3011379486
0.3011379486
0.2890601932
0.2774068849
0.2708222885
0.2630207323
0.2630207323
0.2547575214
0.2445577699
0.2445038257
0.2464991637
0.2464991637
0.2425492778
0.2355650429
0.2320550313
0.2357948085
0.2357948085
0.2365755144
0.2352772474
0.2366026900
0.2308355119
0.2308355119
0.2227478305
0.2174685392
0.2016941428
0.1931471655
0.1931471655
0.1800151872
0.1736884853
0.1697625008
0.1645475766
0.1645475766
0.1640095120
0.1578658729
0.1508182191
0.1421577243
0.1421577243
0.1382497641
0.1354564100
0.1335334597
0.1360059905
0.1360059905
0.1355572123
0.1354004226
0.1353277203
0.1381087415
0.1381087415
0.1409908610
0.1407279633
0.1402449876
0.1409897424
0.1409897424
0.1401681163
0.1399333394
0.1214137856
0.1579775513
0.1579775513
0.1715114530
0.1816398510
0.1911223811
0.1984459790
0.1984459790
0.2052042172
0.2098536006
0.2142333746
0.2155279936
0.2155279936
0.2165470486
0.2161672378
0.2163615964
0.2175519142
0.2175519142
0.2199459757
0.2239091140
0.2224663753
0.2199303371
0.2199303371
0.2175688812
0.2161935638
0.2130974830
0.2106847731
0.2106847731
0.2076998560
0.2034253829
0.1984476476
0.1968672789
0.1968672789
0.1949674906
0.1904166960
0.1895494346
0.1886815392
0.1886815392
0.1994666153
0.2011624771
0.1970773324
0.1987578179
0.1987578179
0.1986459155
0.1967718410
0.1735623922
0.1889468137
0.1889468137
0.1831344597
0.1766357705
0.1708783015
0.1716178537
0.1716178537
0.1708608909
0.1860335386
0.1827217124
0.1823473538
0.1823473538
0.1901856957
0.2123818546
0.2090855149
0.2149338041
0.2149338041
0.2188556698
0.2206356668
0.2227242953
0.2237610848
0.2237610848
0.2241718133
0.2249446018
0.2241286197
0.2215798337
0.2215798337
0.2187553129
0.2199622863
0.2365976694
0.2192055666
0.2192055666
0.2121719721
0.2019426913
0.2031373157
0.2047094785
0.2047094785
0.2028826457
0.2031620137
0.1992314621
0.2251194632
0.2251194632
0.2360460866
0.2390589818
0.2413760153
0.2420833895
0.2420833895
0.2439226856
0.2457482576
0.2442469156
0.2465667105
0.2465667105
0.2486759158
0.2489521283
0.2479221933
0.2389071545
0.2389071545
0.2337383494
0.2256678879
0.2213491260
0.2239810445
0.2239810445
0.2189938412
0.2087132959
0.2034222280
0.2033432366
0.2033432366
0.1965597374
0.1840034202
0.1791566492
0.1810871968
0.1810871968
0.2081274159
0.2177692019
0.2172543821
0.2157040596
0.2157040596
0.2107237171
0.2104312846
0.2098391423
0.2139272631
0.2139272631
0.2114541067
0.2090389195
0.2112888464
0.2155874619
0.2155874619
0.2174063203
0.2199227474
0.2202624380
0.2190952733
0.2190952733
0.2248923165
0.2309695010
0.2215435330
0.2467670497
0.2467670497
0.2546042113
0.2541206293
0.2566672635
0.2594489779
0.2594489779
0.2613668118
0.2621605460
0.2636897904
0.2469769522
0.2469769522
0.2615921781
0.2736695920
0.3065324166
0.3285770633
0.3285770633
0.3632923252
0.3765406096
0.4366607756
0.4960883064
0.4960883064
0.5093185309
0.4868809235
0.4649027353
0.4483021688
0.4483021688
0.4576221389
0.4479517799
0.4297091294
0.3939893597
0.3939893597
0.4005215361
0.4259624607
0.4520367762
0.4481426889
0.4481426889
0.4322128939
0.4087702095
0.3781297403
0.3758047179
0.3758047179
0.3615285056
0.3390439093
0.3248067921
0.3312800266
0.3312800266
0.3173614489
0.3093483817
0.2987864529
0.2983666658
0.2983666658
0.2897493712
0.2635854867
0.2516196787
0.2383603775
0.2383603775
0.2377151445
0.2502684087
0.2507363302
0.2498382784
0.2498382784
0.2489734010
0.2506469748
0.2478165284
0.2368039541
0.2368039541
0.2370251563
0.2259708600
0.2226961757
0.2248777755
0.2248777755
0.2270705532
0.2186136508
0.2073721062
0.1979061558
0.1979061558
0.1897089165
0.1981306763
0.2055962646
0.2120831247
0.2120831247
0.2053812343
0.2056827084
0.2182366079
0.2379289838
0.2379289838
0.2698067414
0.2750703640
0.2882899637
0.3053975367
0.3053975367
0.3192591526
0.3285074959
0.3297326757
0.3296663777
0.3296663777
0.3126405188
0.2957657824
0.2784749849
0.2753626780
0.2753626780
0.2625240586
0.2545553927
0.2532307169
0.2531470723
0.2531470723
0.2621073507
0.2670496414
0.2785624971
0.2912537340
0.2912537340
0.2841829536
0.2576074001
0.2423164180
0.2435307779
0.2435307779
0.2286639695
0.2180313737
0.2199023646
0.2164133323
0.2164133323
0.2202400496
0.2422191784
0.2570010195
0.2660291674
0.2660291674
0.2779119065
0.2874604729
0.3149351041
0.3458382916
0.3458382916
0.3441628418
0.3198147925
0.3072416995
0.3107739942
0.3107739942
0.3207920782
0.3276307168
0.3031772366
0.3033800725
0.3033800725
0.3043310571
0.3053851582
0.3075362491
0.3090869740
0.3090869740
0.3107327824
0.3121823403
0.3146112700
0.3160055735
0.3160055735
0.3179754706
0.2701318169
0.2650601276
0.2613256953
0.2613256953
0.2561399489
0.2511304911
0.2480197220
0.2461181400
0.2461181400
0.2457036791
0.2457892438
0.2474799571
0.2481455838
0.2481455838
0.2497951795
0.2504387641
0.2497333763
0.2488598891
0.2488598891
0.2480355503
0.2449714276
0.2443268080
0.2446260013
0.2446260013
0.2463956881
0.2491242981
0.2508468424
0.2496443172
0.2496443172
0.2513126684
0.2510553629
0.2486588374
0.2477239383
0.2477239383
0.2470199768
0.2466471297
0.2464544893
0.2437595292
0.2437595292
0.2436917075
0.2413855176
0.2359158361
0.2296737253
0.2296737253
0.2218301400
0.2115978458
0.1986933851
0.1879944599
0.1879944599
0.2939879937
0.2941520519
0.2948949174
0.2959126458
0.2959126458
0.2962180979
0.2956501062
0.2941974210
0.2901832445
0.2901832445
0.2847160029
0.2797481403
0.2742639539
0.2672148428
0.2672148428
0.2634194297
0.2608433735
0.2570830681
0.2529367640
0.2529367640
0.2497584075
0.2448838067
0.2430035975
0.2416853545
0.2416853545
0.2394602885
0.2402628761
0.2400016904
0.2378460951
0.2378460951
0.2336699410
0.2282127356
0.2254724165
0.2228277050
0.2228277050
0.2211085810
0.2221058401
0.2269733116
0.2418965341
0.2418965341
0.3060473221
0.3034880322
0.3047825205
0.3076998860
0.3076998860
0.3105744421
0.3095506639
0.3053616704
0.2970514804
0.2970514804
0.2900215064
0.2861752385
0.2846000235
0.2883633113
0.2883633113
0.2918402042
0.2984365571
0.3034585317
0.3052275881
0.3052275881
0.3037272345
0.2988090697
0.2900676345
0.2818616388
0.2818616388
0.2749964881
0.2754271135
0.2790633814
0.2812642200
0.2812642200
0.2820988393
0.2827963484
0.2866653546
0.2952557186
0.2952557186
0.3049707919
0.3145829550
0.3190359034
0.3150180411
0.3150180411
0.2592809205
0.2644445673
0.2711351507
0.2776659051
0.2776659051
0.2816614995
0.2837563245
0.2852533754
0.2849390759
0.2849390759
0.2847445451
0.2837242387
0.2823844220
0.2822395298
0.2822395298
0.2844790668
0.2882068483
0.2923392990
0.2945854525
0.2945854525
0.2941441232
0.2919101011
0.2879662295
0.2833693621
0.2833693621
0.2801637840
0.2791430944
0.2813145464
0.2855942558
0.2855942558
0.2898948858
0.2908350528
0.2886336713
0.2842040111
0.2842040111
0.2811510741
0.2794364745
0.2772723570
0.2741108567
0.2741108567
0.2719723159
0.2928592491
0.2942740514
0.2902372658
0.2902372658
0.2867748935
0.2817231409
0.2751439401
0.2694381819
0.2694381819
0.2636561552
0.2593844222
0.2559514745
0.2518697697
0.2518697697
0.2483090398
0.2504087536
0.2488711143
0.2468492353
0.2468492353
0.2482181357
0.2517575448
0.2532484769
0.2567896025
0.2567896025
0.3113523778
0.3121362129
0.3143633627
0.3185648039
0.3185648039
0.3219571314
0.3217460301
0.3232292519
0.3197996319
0.3197996319
0.3174054309
0.3197513265
0.3246555116
0.3271328388
0.3271328388
0.3278510063
0.3229902427
0.3135606520
0.3081554734
0.3081554734
0.3159923938
0.3145034889
0.2992987376
0.2940139642
0.2940139642
0.3010563455
0.3120630944
0.3256323582
0.5022168792
0.5022168792
0.5097153461
0.5136703345
0.5142432650
0.5122155336
0.5122155336
0.5081537703
0.4999625294
0.4903068467
0.4800932126
0.4800932126
0.4699076927
0.4610450933
0.4347364095
0.4394550719
0.4394550719
0.4428414232
0.4479315400
0.4528926218
0.4597748964
0.4597748964
0.4648977690
0.4695563675
0.4705765265
0.4702399133
0.4702399133
0.4682120583
0.4676104006
0.4656446721
0.4074682671
0.4074682671
0.4036125881
0.3965150699
0.3817943094
0.3652770056
0.3652770056
0.3510336877
0.3424173492
0.3310889028
0.3239502945
0.3239502945
0.3128130639
0.2978762740
0.2819022613
0.4573209498
0.4573209498
0.4632659447
0.4704008418
0.4755080432
0.4723266236
0.4723266236
0.4680123911
0.4652453254
0.4555347934
0.4485788615
0.4485788615
0.4403466966
0.4349402492
0.4344421220
0.4401862003
0.4401862003
0.4471494123
0.4541331639
0.4581130717
0.4568465658
0.4568465658
0.4526310014
0.4511424801
0.4499117234
0.4479818107
0.4479818107
0.4462651880
0.4432894926
0.4406312375
0.4379867745
0.4379867745
0.4364676187
0.4352827473
0.4347291109
0.4337928251
0.4337928251
0.4338602766
0.4339205871
0.4341100470
0.4336311222
0.4336311222
0.4332431639
0.4326707965
0.5057753854
0.5061378240
0.5061378240
0.5064786773
0.5067582143
0.5073687315
0.5078931788
0.5078931788
0.5089603973
0.5101298597
0.5113436581
0.5122948575
0.5122948575
0.5139106465
0.5152313914
0.5163633793
0.5173505866
0.5173505866
0.5186517802
0.5197751268
0.5208785433
0.5220010364
0.5220010364
0.5237000081
0.5252953825
0.5262274860
0.5265947309
0.5265947309
0.5273827405
0.5289726000
0.5304658780
0.5312455379
0.5312455379
0.5301470286
0.5252329943
0.5197834784
0.5151411410
0.5151411410
0.5117364127
0.5091857123
0.5070346091
0.5045401672
0.5045401672
0.5023874347
0.5007067838
0.5000455287
0.4995734580
0.4995734580
0.4991964488
0.4984325275
0.4984987590
0.4984599380
0.4984599380
0.4978204492
0.4960157282
0.4943613665
0.4936006688
0.4936006688
0.4939305744
0.4949111167
0.4744777952
0.4754738628
0.4754738628
0.4761786745
0.4766316618
0.4767490011
0.4770905153
0.4770905153
0.4773232311
0.4776663828
0.4777079679
0.4777867628
0.4777867628
0.4771847993
0.4769035390
0.4756237821
0.4742687798
0.4742687798
0.4729876029
0.4718867942
0.4709278603
0.4701417612
0.4701417612
0.4695872237
0.4690263578
0.4681789642
0.4680117361
0.4680117361
0.3067454979
0.3063606877
0.3054965042
0.3058954451
0.3058954451
0.3059867094
0.3050764484
0.3033305738
0.3008704602
0.3008704602
0.2994392923
0.2980502166
0.2963728454
0.2940614349
0.2940614349
0.2911857045
0.2889414863
0.2869074026
0.5079453095
0.5079453095
0.5113342054
0.5141395505
0.5153394916
0.5148305806
0.5148305806
0.5147894441
0.5147170980
0.5153869230
