0.3244295170
0.3244295170
0.3244295170
0.3244295170
0.3244295170
0.3244295170
0.3244295170
0.3244295170
0.3244295170
0.3244295170
0.3244295170
0.3244295170
0.3244295170
0.3244295170
0.3244295170
0.3244295170
0.3244295170
0.3244295170
0.3244295170
0.3244295170
0.3244295170
0.3244295170
0.3244295170
0.3244295170
0.3244295170
0.3244295170
0.3244295170
0.3244295170
0.3244295170
0.3244295170
0.3244295170
0.3244295170
0.3244295170
0.3244295170
0.3244295170
0.3244295170
0.3244295170
0.3244295170
0.3244295170
0.3244295170
0.3244295170
0.3244295170
0.3244295170
0.3244295170
0.3244295170
0.3244295170
0.3244295170
0.3244295170
0.3244295170
0.3244295170
0.3245227566
0.3249785990
0.3255507874
0.3258522045
0.3260311144
0.3260205304
0.3261142091
0.3257967271
0.3258637344
0.3261435350
0.3267073067
0.3271437306
0.3272841572
0.3270533960
0.3271114478
0.3268985697
0.3267706717
0.3269776225
0.3270017945
0.3269537782
0.3268391153
0.3261846975
0.3266495478
0.3262843243
0.3262083920
0.3262920913
0.3260459414
0.3254761809
0.3253192149
0.3248233253
0.3245899207
0.3245515584
0.3245690056
0.3246081675
0.3245179031
0.3243884568
0.3246029540
0.3248159649
0.3248175881
0.3253897173
0.3251217548
0.3248268825
0.3247569771
0.3246193816
0.3246507564
0.3246163302
0.3246491045
0.3245820529
0.3244031574
0.3239568610
0.3241755554
0.3243765520
0.3242051617
0.3240945195
0.3239294907
0.3234854457
0.3233233060
0.3233990164
0.3235777094
0.3235963078
0.3234558679
0.3232553791
0.3228613968
0.3220931920
0.3224131728
0.3227059337
0.3230127765
0.3230380325
0.3230121687
0.3218595117
0.3219357228
0.3217836694
0.3218214935
0.3219693163
0.3218114901
0.3210673101
0.3209791315
0.3211505248
0.3215266046
0.3220198811
0.3221727091
0.3221882047
0.3218909614
0.3217436786
0.3216597956
0.3215761632
0.3210282083
0.3207964519
0.3204419697
0.3202992800
0.3197658051
0.3190795702
0.3187874654
0.3185449521
0.3182500616
0.3181613858
0.3179554487
0.3175045897
0.3173532842
0.3170540420
0.3172111002
0.3171290865
0.3171067360
0.3172358382
0.3171617858
0.3170672964
0.3171423948
0.3170052246
0.3170365367
0.3171128854
0.3171208842
0.3168899312
0.3169531596
0.3170077313
0.3171310208
0.3172815023
0.3173282541
0.3173008520
0.3172031986
0.3166985424
0.3169552510
0.3171186326
0.3174443222
0.3176508849
0.3178682458
0.3184166610
0.3192405922
0.3199083644
0.3209693078
0.3216676693
0.3227084845
0.3231094752
0.3231109759
0.3229817604
0.3228104588
0.3229935763
0.3227646302
0.3228223737
0.3226905998
0.3222922302
0.3220221239
0.3218971874
0.3215720785
0.3214534636
0.3213862039
0.3212391791
0.3210435809
0.3199179189
0.3200183285
0.3200072831
0.3203295624
0.3202493163
0.3200120822
0.3199337678
0.3191121705
0.3189114276
0.3183481033
0.3171842736
0.3171284686
0.3168999123
0.3166875625
0.3162614710
0.3160640323
0.3154065171
0.3146092559
0.3142425922
0.3139400324
0.3134785684
0.3130449453
0.3127598491
0.3121576452
0.3112739526
0.3105590795
0.3100821643
0.3093719227
0.3090432445
0.3083928807
0.3076775769
0.3065820813
0.3051379072
0.3042348590
0.3034259088
0.3024806933
0.3016905761
0.3011528676
0.2996704974
0.2995640637
0.2990972614
0.2992677267
0.2989608156
0.2988611543
0.2986463757
0.2980424305
0.2978279425
0.2981209897
0.2986282096
0.2992805891
0.2996258392
0.2995579914
0.2984203137
0.2987847649
0.2990684351
0.2990467608
0.2990997362
0.2991207553
0.2990139802
0.2982393409
0.2980322661
0.2981106384
0.2979722452
0.2978288482
0.2977273838
0.2973328902
0.2963073816
0.2960835011
0.2958084005
0.2954768225
0.2952814754
0.2948230127
0.2946512932
0.2940389940
0.2935627719
0.2934070857
0.2933713542
0.2930425772
0.2927005309
0.2922251474
0.2911220345
0.2911464978
0.2908926154
0.2945483738
0.2933640238
0.2924615875
0.2915294217
0.2905495696
0.2901008105
0.2897635139
0.2896036050
0.2894384530
0.2894606368
0.2890653565
0.2881269872
0.2880934725
0.2881482836
0.2879985301
0.2878632382
0.2876584621
0.2876346167
0.2865691419
0.2867201920
0.2866146700
0.2865741297
0.2865481462
0.2863098569
0.2855547174
0.2847582219
0.2847502164
0.2848853563
0.2849745354
0.2853437143
0.2851592387
0.2852333449
0.2845011713
0.2850826800
0.2849282013
0.2851170177
0.2852407197
0.2855390596
0.2852612483
0.2849899174
0.2852580681
0.2856724178
0.2856914444
0.2864718836
0.2867474263
0.2868018188
0.2867524900
0.2868344691
0.2868613739
0.2868871367
0.2863668130
0.2858274603
0.2853155817
0.2839953929
0.2838178144
0.2836558365
0.2835458482
0.2834664584
0.2833045088
0.2831890767
0.2827575474
0.2827835567
0.2827817839
0.2830939980
0.2832359997
0.2838797126
0.2839201886
0.2834389648
0.2833573028
0.2834013355
0.2832190404
0.2837127187
0.2840645200
0.2842995849
0.2840117860
0.2842685122
0.2842533368
0.2840563422
0.2843247935
0.2845637982
0.2845152647
0.2845830249
0.2844628403
0.2841928443
0.2834295263
0.2831076293
0.2830575960
0.2828318433
0.2825727130
0.2825249596
0.2824745081
0.2823927685
0.2819549117
0.2816383470
0.2815855249
0.2813100589
0.2812454464
0.2809275213
0.2806416085
0.2801696935
0.2800883839
0.2798703436
0.2797530172
0.2792714333
0.2787934865
0.2779204543
0.2770151098
0.2761310134
0.2753992145
0.2747506940
0.2738851357
0.2731879145
0.2729482558
0.2719486164
0.2719094721
0.2713797616
0.2708216704
0.2700308027
0.2695716048
0.2688372413
0.2684249944
0.2679363025
0.2678094181
0.2676488865
0.2675883877
0.2675289131
0.2674051117
0.2673955778
0.2675028379
0.2674581918
0.2675397683
0.2675564481
0.2676022788
0.2672560493
0.2672999105
0.2671360138
0.2671892246
0.2672150298
0.2671930291
0.2671708485
0.2671919454
0.2670059424
0.2668449164
0.2666265705
0.2664342664
0.2664541463
0.2661099562
0.2658580654
0.2654151819
0.2652356968
0.2652195566
0.2652762325
0.2652317225
0.2652760993
0.2650506461
0.2650081335
0.2651050645
0.2651496225
0.2655353478
0.2658309701
0.2666918546
0.2663931506
0.2670081421
0.2684145021
0.2699409723
0.2720544759
0.2744811153
0.2766424342
0.2781996617
0.2813824541
0.2856817467
0.2886127514
0.2910393290
0.2931042900
0.2951614709
0.2962963474
0.2972076731
0.2981919257
0.2995700028
0.3001797682
0.3008181001
0.3010506861
0.3009358553
0.3009479473
0.3011279186
0.3014571420
0.3013948848
0.3013643403
0.2991010881
0.2976588176
0.2960331682
0.2946962319
0.2934516256
0.2923268031
0.2913363055
0.2904781388
0.2903294741
0.2895292592
0.2898718905
0.2895587777
0.2895072998
0.2895258039
0.2898566768
0.2889028560
0.2890629178
0.2887540366
0.2888212950
0.2890069372
0.2892826116
0.2896454761
0.2898103586
0.2894643127
0.2896060584
0.2899429416
0.2898884484
0.2898391833
0.2900029723
0.2898361341
0.2893254757
0.2894048143
0.2894739107
0.2891992253
0.2893154197
0.2893278211
0.2891689617
0.2886860204
0.2890729784
0.2885429785
0.2895990077
0.2899550279
0.2894443266
0.2886445005
0.2884186347
0.2883229320
0.2875029091
0.2872457656
0.2867070770
0.2863011687
0.2856475896
0.2851273807
0.2847112632
0.2838222358
0.2834102635
0.2836219122
0.2833680446
0.2830320620
0.2829563588
0.2827434403
0.2817042596
0.2809983414
0.2810065433
0.2811083073
0.2812352027
0.2809612001
0.2804438763
0.2800811501
0.2797522974
0.2793122360
0.2791066516
0.2790495749
0.2785918804
0.2784835494
0.2773600702
0.2772967489
0.2772298516
0.2776667318
0.2777264716
0.2778551780
0.2778044905
0.2776643522
0.2774767898
0.2775355889
0.2775194620
0.2775911558
0.2773093831
0.2769907516
0.2767702509
0.2763810560
0.2762445661
0.2760313880
0.2758413055
0.2756656243
0.2754105144
0.2749181868
0.2745009210
0.2744950535
0.2743777142
0.2744012418
0.2745761226
0.2744351359
0.2739213556
0.2731069471
0.2731145247
0.2730474691
0.2729082116
0.2733762993
0.2733206037
0.2735677101
0.2738723463
0.2746122424
0.2751189313
0.2751861451
0.2762387648
0.2773873027
0.2779872387
0.2783645546
0.2796528365
0.2808966924
0.2817834964
0.2830556694
0.2844182405
0.2853558355
0.2861039097
0.2871394139
0.2885619895
0.2895192045
0.2911605128
0.2923692634
0.2932388079
0.2940346673
0.2951594692
0.2954922886
0.2954036179
0.2959418368
0.2963418246
0.2965492067
0.2968414762
0.2972494078
0.2972943420
0.2975844795
0.2977216945
0.2981011731
0.2981386768
0.2979947087
0.2986389054
0.2989713481
0.2994532771
0.2998222973
0.2999932861
0.3000185274
0.3003039510
0.3004102587
0.3010909531
0.3016254399
0.3020228334
0.3023439996
0.3027031819
0.3027954487
0.3031359697
0.3032018283
0.3035142402
0.3037638939
0.3039320392
0.3035369317
0.3035281805
0.3037418733
0.3038543753
0.3042183721
0.3044817256
0.3045987334
0.3045586220
0.3039439182
0.3041515701
0.3041011218
0.3043015026
0.3044080209
0.3042586839
0.3040758136
0.3041455974
0.3047007712
0.3050159162
0.3055264605
0.3056482841
0.3056914711
0.3054947980
0.3052528749
0.3052966363
0.3048040684
0.3054110176
0.3054785799
0.3053650484
0.3056377886
0.3056882273
0.3055454626
0.3053327788
0.3046950078
0.3046351901
0.3043819856
0.3038912826
0.3035082435
0.3031702066
0.3024462531
0.3021712424
0.3018482357
0.3014531391
0.3012698293
0.3012705173
0.3012405687
0.3011313351
0.3009525477
0.3012517196
0.3013334409
0.3016993285
0.3019987585
0.3021469848
0.3018427068
0.3020790409
0.3024169908
0.3028366216
0.3030952154
0.3034056798
0.3035544956
0.3035068885
0.3028654857
0.3032366565
0.3032924678
0.3034809814
0.3035290574
0.3033260138
0.3027141427
0.3025630186
0.3026116371
0.3021104604
0.3019281305
0.3016927146
0.3009487801
0.3007746782
0.2999265600
0.2999001321
0.2996014152
0.2994591839
0.2994155052
0.2995946116
0.2989263267
0.2987495150
0.2990306304
0.2991609906
0.2991590691
0.2993381852
0.2993549104
0.2993907979
0.2981047029
0.2983648011
0.2987294967
0.2987760954
0.2989697389
0.2993191080
0.2996261339
0.2990423564
0.2989528169
0.2993928855
0.2995475015
0.2997009121
0.2997864208
0.2996743538
0.2986749368
0.2989331520
0.2989682558
0.2989939375
0.2989132431
0.2988750494
0.2985888500
0.2979630118
0.2980116032
0.2981247042
0.2979640888
0.2979505001
0.2980636183
0.2971749182
0.2962215675
0.2965093050
0.2963524845
0.2963755359
0.2962843932
0.2961811554
0.2957636366
0.2943867782
0.2940553430
0.2938486944
0.2930432192
0.2928498519
0.2923942551
0.2919888006
0.2907795922
0.2908715634
0.2903635880
0.2901487255
0.2897706235
0.2892560367
0.2888810773
0.2877825755
0.2876375617
0.2872326773
0.2866294331
0.2864176447
0.2860964458
0.2857440874
0.2844034810
0.2844886833
0.2845224456
0.2842313540
0.2840683956
0.2838545416
0.2836718821
0.2825614465
0.2821019711
0.2823758677
0.2822200345
0.2820179757
0.2818936322
0.2814228875
0.2805503009
0.2805191445
0.2804482162
0.2803601134
0.2803027764
0.2801598827
0.2799753671
0.2790902482
0.2786911822
0.2781602354
0.2778365553
0.2774382124
0.2774358078
0.2773103314
0.2765161607
0.2767203907
0.2766838121
0.2767248946
0.2768737284
0.2768147930
0.2765605334
0.2756725572
0.2756743509
0.2755247379
0.2750325928
0.2752383925
0.2753710257
0.2750802933
0.2750255168
0.2749362731
0.2749024707
0.2747098103
0.2745312516
0.2746830020
0.2744760461
0.2745600453
0.2745838783
0.2744566944
0.2740951873
0.2735900998
0.2734480351
0.2732344891
0.2729995521
0.2731888367
0.2728524710
0.2725397088
0.2719497883
0.2722061434
0.2722819879
0.2720764780
0.2723896501
0.2724398925
0.2719705568
0.2718242403
0.2717560253
0.2717361158
0.2717561350
0.2717716899
0.2716629755
0.2716667441
0.2714362775
0.2715786415
0.2715846368
0.2716179537
0.2715845108
0.2716025712
0.2716192942
0.2714671997
0.2715458879
0.2715821996
0.2717609134
0.2706088276
0.2706641264
0.2709526053
0.2701346280
0.2700662955
0.2718225004
0.2774841151
0.2861204511
0.2871165050
0.2822305901
0.2837437273
0.2845992493
0.2901903091
0.2910736255
0.2917368647
0.2909221520
0.2920270533
0.2947024117
0.2946383866
0.2936310851
0.2917905199
0.2896892000
0.2874007525
0.2855077179
0.2828723890
0.2797225887
0.2785485501
0.2778435925
0.2762958977
0.2753869507
0.2750092270
0.2743696402
0.2737777760
0.2738456725
0.2736421789
0.2731986401
0.2728259304
0.2728249640
0.2719809071
0.2712383076
0.2717856335
0.2720602013
0.2724444007
0.2727519056
0.2728015823
0.2726142287
0.2720956980
0.2721673708
0.2723264495
0.2722173371
0.2721773377
0.2722969671
0.2724811000
0.2717485853
0.2719969868
0.2720231787
0.2721248088
0.2723234385
0.2728028371
0.2729254651
0.2728857227
0.2736293685
0.2740697320
0.2744476857
0.2748815169
0.2751696706
0.2752666946
0.2743395508
0.2748076993
0.2751696824
0.2755518834
0.2761388664
0.2765777586
0.2768132784
0.2767525827
0.2775486959
0.2781573323
0.2787290865
0.2790825176
0.2794546939
0.2792809506
0.2777231329
0.2778269715
0.2771323799
0.2768036494
0.2765453399
0.2764640930
0.2766191736
0.2762982552
0.2769868694
0.2773988886
0.2778223200
0.2782159992
0.2780905861
0.2791197961
0.2786967608
0.2777112667
0.2712227361
0.2654408773
0.2563657913
0.2531908891
0.2590639708
0.2626049872
0.2608961843
0.2617376323
0.2617141419
0.2611828451
0.2601274158
0.2582056151
0.2570479867
0.2568506817
0.2573106102
0.2571870918
0.2566948816
0.2561143517
0.2554707033
0.2541248546
0.2538077169
0.2532018432
0.2529460154
0.2523512926
0.2516532675
0.2508774745
0.2485484434
0.2503374987
0.2499671429
0.2495307476
0.2489939194
0.2483370606
0.2476982299
0.2469425657
0.2463280109
0.2454434316
0.2452630418
0.2451777057
0.2452435778
0.2445674397
0.2443583284
0.2438703316
0.2437092042
0.2438467057
0.2442986026
0.2444219360
0.2431194001
0.2426481230
0.2423699832
0.2423227312
0.2425380912
0.2433164992
0.2433931874
0.2434621163
0.2427853786
0.2421312120
0.2418056358
0.2417782152
0.2413373920
0.2404774230
0.2406955755
0.2408491983
0.2409100037
0.2412874061
0.2414812049
0.2416984182
0.2420264192
0.2420270788
0.2421848179
0.2419251725
0.2421078471
0.2425460912
0.2432854511
0.2433622848
0.2428355471
0.2431571812
0.2425360669
0.2424132633
0.2406725598
0.2418979837
0.2420473502
0.2417713833
0.2416673202
0.2413313314
0.2416063886
0.2421533707
0.2426724527
0.2430076992
0.2433554619
0.2428442135
0.2423241373
0.2425659061
0.2431474515
0.2437524749
0.2441823131
0.2444796576
0.2439507011
0.2427658269
0.2441647706
0.2440754300
0.2446337905
0.2446498221
0.2449062792
0.2448526834
0.2445442369
0.2442709778
0.2441589443
0.2438515264
0.2437051667
0.2433742940
0.2431022592
0.2428955481
0.2431129606
0.2431143864
0.2431954662
0.2432002967
0.2429470491
0.2429235847
0.2429948947
0.2431662016
0.2430332921
0.2432509414
0.2433633862
0.2433503909
0.2427299892
0.2430038267
0.2429265031
0.2428637218
0.2427154593
0.2428925281
0.2433294089
0.2436044805
0.2438693231
0.2438643150
0.2434533281
0.2429826145
0.2425573743
0.2422558273
0.2419616197
0.2419450133
0.2420091297
0.2422663552
0.2425344400
0.2425527153
0.2427547814
0.2427969389
0.2423200466
0.2427253150
0.2429562320
0.2428388396
0.2427651384
0.2427553399
0.2424262913
0.2424823047
0.2427226392
0.2426404231
0.2420053953
0.2424591436
0.2427174138
0.2426440844
0.2429780660
0.2432340691
0.2433144588
0.2430391166
0.2425725033
0.2428339969
0.2430268764
0.2431078777
0.2432582647
0.2434693971
0.2494059647
0.2479188613
0.2463742197
0.2447857806
0.2441724649
0.2440596685
0.2442936904
0.2441034495
0.2463417918
0.2459187264
0.2453731253
0.2446736217
0.2443480800
0.2441834721
0.2434047952
0.2433060608
0.2429166947
0.2435277603
0.2435984376
0.2435413572
0.2434281376
0.2435674368
0.2437043487
0.2441113662
0.2443740176
0.2444213214
0.2446051042
0.2445432089
0.2440581274
0.2438635301
0.2437743389
0.2436752402
0.2439087787
0.2440729735
0.2442233656
0.2436947091
0.2437150210
0.2442554756
0.2444568133
0.2448632269
0.2452754704
0.2453138110
0.2452306050
0.2449651210
0.2444229760
0.2450978023
0.2448027009
0.2450399052
0.2450361270
0.2447575112
0.2444528765
0.2450179960
0.2447276751
0.2457141939
0.2466552048
0.2472979682
0.2463965155
0.2483509939
0.2487717935
0.2500000163
0.2514130247
0.2522844178
0.2530814372
0.2531885359
0.2530188659
0.2535127378
0.2537973883
0.2556647379
0.2611387361
0.2647345213
0.2661385758
0.2677123133
0.2716112075
0.2765499168
0.2790220447
0.2820056402
0.2861986683
0.2882760298
0.2905358306
0.2922767222
0.2952544395
0.2976338978
0.3006753059
0.3028521623
0.3056510945
0.3070383862
0.3099874724
0.3116237887
0.3144572751
0.3166987892
0.3188013639
0.3201953390
0.3214139172
0.3226363485
0.3240767489
0.3248760469
0.3249467659
0.3246371978
0.3243157591
0.3236545546
0.3232076932
0.3230808865
0.3209775488
0.3227909897
0.3214104726
0.3208684780
0.3202759927
0.3201053026
0.3195275465
0.3195224305
0.3187719882
0.3184933987
0.3182464872
0.3172277546
0.3172672326
0.3168908841
0.3157847191
0.3157648192
0.3151708399
0.3120449417
0.3112650903
0.3114346329
0.3113052365
0.3092270464
0.3088334592
0.3080299446
0.3069953897
0.3056584986
0.3031844722
0.3090216403
0.3167120526
0.3223761245
0.3239882042
0.3182886975
0.3116062685
0.2981173496
0.2995330218
0.2949367836
0.2909619062
0.2872540006
0.2843116165
0.2850861038
0.2848706997
0.2845484885
0.2840356005
0.2857527062
0.2860370243
0.2866784566
0.2885954407
0.2913918405
0.2949901233
0.2995517705
0.3048158234
0.3107543601
0.3167998985
0.3239910625
0.3243391268
0.3246530467
0.3247266159
0.3242614091
0.3234855482
0.3217825976
0.3188000609
0.3163615143
0.3124765451
0.3081705673
0.3042787214
0.3011869587
0.2978493955
0.2943702892
0.2911856534
0.2858003380
0.2794674580
0.2768124090
0.2733511281
0.2697579875
0.2663548614
0.2643113815
0.2614217193
0.2588245982
0.2577283496
0.2563627216
0.2559052908
0.2551574208
0.2553347910
0.2550806624
0.2547116113
0.2538693105
0.2539226734
0.2527667681
0.2535596066
0.2535437195
0.2538972285
0.2534763789
0.2531819255
0.2525179739
0.2519791652
0.2517697486
0.2513336713
0.2502949650
0.2494147280
0.2491233108
0.2487558278
0.2485039930
0.2476786654
0.2475732306
0.2469945372
0.2469886218
0.2458134873
0.2470443825
0.2462216464
0.2460449701
0.2457800084
0.2456393613
0.2448409171
0.2444265230
0.2444233379
0.2442204150
0.2444216897
0.2443540739
0.2436528843
0.2433884531
0.2431546722
0.2438099173
0.2430756141
0.2430133978
0.2426651193
0.2425658983
0.2420297718
0.2418418941
0.2414996492
0.2414032884
0.2410068991
0.2413538712
0.2408232369
0.2402065511
0.2395036249
0.2394290314
0.2384515957
0.2385546971
0.2382723222
0.2375628494
0.2369284497
0.2364436436
0.2340179008
0.2362070121
0.2456662847
0.2534031696
0.2746927081
0.2889661669
0.3150676397
0.3262343576
0.3304234345
0.3332140560
0.3322027011
0.3250393847
0.3181453746
0.3168638455
0.3155560908
0.3132929408
0.3111157076
0.3028537255
0.2904190931
0.2904292001
0.2891560136
0.2903436735
0.2909845701
0.2917072916
0.2902792413
0.2906592743
0.2881508261
0.2860970141
0.2849282699
0.2826921460
0.2824101034
0.2816784151
0.2816409616
0.2813097374
0.2837721896
0.2841951662
0.2877081227
0.2878305297
0.2879832602
0.2870284622
0.2856235005
0.2856338970
0.2858771086
0.2860059876
0.2867019484
0.2860787954
0.2863495105
0.2855370212
0.2859510626
0.2856098464
0.2852272448
0.2860760869
0.2858791010
0.2852624283
0.2859729510
0.2857229246
0.2866133118
0.2860451662
0.2860103253
0.2862237642
0.2874517767
0.2361237657
0.2429515263
0.2467566898
0.2491126499
0.2562676428
0.2604843466
0.2685119218
0.2702206460
0.2708040757
0.2711137660
0.2710291362
0.2706118350
0.2708267530
0.2702919480
0.2699337630
0.2697980759
0.2695412035
0.2690063947
0.2684779377
0.2682182960
0.2681718210
0.2682483515
0.2682870535
0.2684448723
0.2682563082
0.2681203834
0.2686894199
0.2689683389
0.2695520263
0.2694049105
0.2694731173
0.2693931689
0.2691189268
0.2689171316
0.2691656082
0.2691803489
0.2695755946
0.2697717081
0.2699813562
0.2695975523
0.2703587017
0.2706247857
0.2714918114
0.2714926089
0.2716172625
0.2713855913
0.2713343274
0.2716756171
0.2728678113
0.2738024961
0.2747754115
0.2752982596
0.2759555554
0.2761050619
0.2765659037
0.2768136358
0.2766907659
0.2763708000
0.2761449951
0.2758923810
0.2752148443
0.2758487719
0.2766627756
0.2771460146
0.2788089492
0.2789247433
0.2797603025
0.2793733498
0.2790479510
0.2790297496
0.2788770642
0.2790991413
0.2792236119
0.2793967282
0.2795680609
0.2799816549
0.2807722533
0.2815234001
0.2822867622
0.2828417274
0.2827929504
0.2828628541
0.2833167743
0.2836339460
0.2839178949
0.2845530645
0.2848516258
0.2851690285
0.2852427403
0.2856869401
0.2852894246
0.2848266092
0.2842965278
0.2840048900
0.2831923022
0.2824047917
0.2815475234
0.2809603750
0.2795900916
0.2791830136
0.2782821452
0.2780706079
0.2779295890
0.2780421153
0.2786621738
0.2789076890
0.2791592497
0.2793155096
0.2793591014
0.2797490453
0.2802697678
0.2810196644
0.2815831856
0.2822641510
0.2827324616
0.2827889081
0.2828825086
0.2830810292
0.2832788123
0.2831726604
0.2833331546
0.2834381264
0.2834459222
0.2832454812
0.2835377902
0.2840500323
0.2847503203
0.2851494728
0.2852496195
0.2850845854
0.2849275941
0.2850388442
0.2851011397
0.2853503558
0.2852272636
0.2853995848
0.2850735656
0.2845600863
0.2843641576
0.2837189699
0.2843978548
0.2844716629
0.2846754489
0.2850447210
0.2853691965
0.2855298748
0.2855440829
0.2856438693
0.2860989230
0.2863532088
0.2864501408
0.2866147842
0.2867309778
0.2865795034
0.2864347762
0.2866257927
0.2866420968
0.2866045957
0.2865129973
0.2863876658
0.2859626206
0.2853608137
0.2856447551
0.2855923762
0.2852473791
0.2849222247
0.2845895507
0.2842276908
0.2841213700
0.2843002566
0.2842034443
0.2843407181
0.2841050489
0.2838276642
0.2833930924
0.2827256447
0.2826229031
0.2825467881
0.2823671733
0.2820014518
0.2813980320
0.2807207821
0.2805210747
0.2803828180
0.2802711387
0.2805706431
0.2784295359
0.2789381142
0.2788214120
0.2787728579
0.2788788082
0.2835307692
0.2888419466
0.2836135722
0.2594192307
0.2315631759
0.2116095503
0.1974520462
0.1939294355
0.1927213970
0.1934744449
0.1924200131
0.1926083055
0.1925751616
0.1939237626
0.1943213211
0.1949661612
0.1954784163
0.1961944836
0.1969700833
0.1981159774
0.1994412689
0.2002419141
0.2013701184
0.2020121667
0.2027988325
0.2025926908
0.2025858571
0.2025175434
0.2024012248
0.2025205891
0.2025743664
0.2025048227
0.2022641641
0.2022996190
0.2023316150
0.2024788020
0.2025466038
0.2026297677
0.2027542485
0.2026612987
0.2026360486
0.2029268320
0.2032421050
0.2034796912
0.2036790584
0.2038248447
0.2038525849
0.2038496292
0.2039601134
0.2043494843
0.2047634152
0.2054167103
0.2057139689
0.2060125012
0.2057839398
0.2063780857
0.2064687007
0.2068010811
0.2069811225
0.2072370004
0.2070972791
0.2072005407
0.2073646002
0.2077005641
0.2078632923
0.2080602743
0.2080460057
0.2080514259
0.2078194441
0.2082690793
0.2082687285
0.2084632238
0.2085585596
0.2086891200
0.2086363396
0.2084482955
0.2082977168
0.2085863277
0.2088648584
0.2092041636
0.2092459661
0.2094306967
0.2094401473
0.2099694536
0.2101943809
0.2107435437
0.2108546951
0.2111853610
0.2115464479
0.2121332589
0.2125474489
0.2137125717
0.2143283643
0.2146412623
0.2153496776
0.2155742898
0.2151400501
0.2161322814
0.2163352709
0.2174430390
0.2178054635
0.2180505226
0.2182648196
0.2184794333
0.2187548247
0.2188960582
0.2182943448
0.2184036433
0.2189006328
0.2189920133
0.2189214695
0.2190388867
0.2189407328
0.2186632884
0.2188576913
0.2192960923
0.2193594578
0.2197756440
0.2201043985
0.2202597909
0.2199691442
0.2208079540
0.2212412386
0.2221676240
0.2226608431
0.2233279532
0.2236040503
0.2236789361
0.2238970935
0.2246659615
0.2250908227
0.2258711924
0.2264251962
0.2267545100
0.2263732374
0.2272336506
0.2274025785
0.2279342209
0.2280730974
0.2284282248
0.2285493408
0.2284583073
0.2287166926
0.2293869374
0.2299732083
0.2305719341
0.2307648083
0.2310952570
0.2305688656
0.2312519388
0.2311604701
0.2314944638
0.2315499528
0.2316677134
0.2315261514
0.2312567384
0.2314369552
0.2321006273
0.2321658766
0.2325502335
0.2326408725
0.2328658328
0.2324911087
0.2330633594
0.2332995943
0.2342521767
0.2348058399
0.2352783515
0.2365519200
0.2367673979
0.2377811697
0.2384921553
0.2392307114
0.2398376705
0.2406163346
0.2411389431
0.2407349552
