0.2474541459
0.2474541459
0.2474541459
0.2474541459
0.2474541459
0.2474541459
0.2474541459
0.2474541459
0.2474541459
0.2474541459
0.2474541459
0.2474541459
0.2474541459
0.2474541459
0.2474541459
0.2474541459
0.2474541459
0.2474541459
0.2474541459
0.2474541459
0.2474541459
0.2474541459
0.2474541459
0.2474541459
0.2474541459
0.2474541459
0.2474541459
0.2474541459
0.2474541459
0.2474541459
0.2474541459
0.2474541459
0.2474541459
0.2474541459
0.2474541459
0.2474541459
0.2474541459
0.2474541459
0.2474541459
0.2474541459
0.2474541459
0.2474541459
0.2474541459
0.2474541459
0.2474541459
0.2474541459
0.2474541459
0.2474541459
0.2474541459
0.2474541459
0.2474541459
0.2474541459
0.2474541459
0.2474541459
0.2474541459
0.2474541459
0.2474541459
0.2474541459
0.2474541459
0.2474541459
0.2474541459
0.2474541459
0.2474541459
0.2474541459
0.2474541459
0.2474541459
0.2474541459
0.2474541459
0.2474541459
0.2474541459
0.2474541459
0.2474541459
0.2474541459
0.2474541459
0.2474541459
0.2474541459
0.2474541459
0.2474541459
0.2474541459
0.2474541459
0.2474541459
0.2474541459
0.2474541459
0.2474541459
0.2474541459
0.2474541459
0.2474541459
0.2474541459
0.2474541459
0.2474541459
0.2474541459
0.2474541459
0.2474541459
0.2474541459
0.2474541459
0.2474541459
0.2474541459
0.2474541459
0.2476081479
0.2402199981
0.2325690215
0.2356698596
0.2359524109
0.2278255326
0.2280263229
0.2246432933
0.2246749575
0.2216225091
0.2217185364
0.2225740782
0.2225856088
0.2249700831
0.2248407781
0.2300730752
0.2298840080
0.2270507792
0.2232664925
0.2205735532
0.2224383801
0.2222401248
0.2188266429
0.2177955323
0.2171808260
0.2175834349
0.2173002652
0.2171481144
0.2167374066
0.2167600325
0.2164555129
0.2164495335
0.2174392751
0.2174894697
0.2173762033
0.2173943340
0.2173042600
0.2172682617
0.2143282102
0.2123916706
0.2133569279
0.2136472814
0.2110954652
0.2112367506
0.2109617020
0.2110941031
0.2109582695
0.2106015582
0.2103494982
0.2103808019
0.2105187255
0.2104346153
0.2107370424
0.2107886035
0.2113312445
0.2111943269
0.2106819575
0.2108725651
0.2105577643
0.1416018806
0.1416384536
0.1411165541
0.1410404280
0.1399994033
0.1399498746
0.1406534676
0.1408012657
0.1403640728
0.1403885162
0.1406459769
0.1406757559
0.1397420808
0.1397356294
0.1397934714
0.1397580150
0.1400261907
0.1402216424
0.1395080659
0.1395277603
0.1392024663
0.1393759550
0.1377375849
0.1375198489
0.1355379470
0.1355119073
0.1355565639
0.1356939925
0.1351676349
0.1351002170
0.1348235677
0.1348129068
0.1347225311
0.1346282300
0.1328279915
0.1328678292
0.1327573636
0.1327155692
0.1303803067
0.1302509241
0.1293179589
0.1292234566
0.1282054058
0.1277018368
0.1254268740
0.1241709971
0.1248456645
0.1247957172
0.1244010725
0.1243115597
0.1239902205
0.1239630335
0.1243722775
0.1242785695
0.1236745397
0.1235015958
0.1249498396
0.1251009886
0.1253555722
0.1252630876
0.5520722296
0.5523567873
0.5529429522
0.5534826940
0.5541381658
0.5547750758
0.5550777901
0.5556418680
0.5561599671
0.5565138583
0.5558445598
0.5562717927
0.5568378896
0.5575213679
0.5576106215
0.5577447621
0.5582818073
0.5587065594
0.5594688127
0.5595757027
0.5591388172
0.5597045911
0.5600497308
0.5598381614
0.5604051948
0.5599406808
0.5603329110
0.5597710230
0.5596223173
0.5601952806
0.5603525794
0.5596887898
0.5595753930
0.5592284966
0.5601469024
0.5593797642
0.5593267258
0.5593679707
0.5597783908
0.5601612673
0.5601889150
0.5598175784
0.5596308104
0.5598270274
0.5597620880
0.5604702187
0.5600452867
0.5597375072
0.5597489005
0.5595853942
0.5597204567
0.5597939472
0.5591367972
0.5585066300
0.5582760439
0.5580159925
0.5583703633
0.5579920282
0.5578738010
0.5578922405
0.5583136431
0.5583113509
0.5579712694
0.5578035976
0.5582553865
0.5576305855
0.5575920353
0.5575986355
0.5578474147
0.5572796157
0.5568841238
0.5589423095
0.5595918947
0.9201858234
0.9191598376
0.8741924102
0.7625167157
0.7442247698
0.7417386580
0.8203469551
0.8066467248
0.8012773878
0.8148556506
0.7726072110
0.7712782093
0.7452764191
0.7275896362
0.7274700929
0.7382453584
0.7378994555
0.7541684395
0.6097416865
0.6093607219
0.6102623236
0.6030194133
0.6036762274
0.6047531371
0.6048548516
0.6057723887
0.6073788647
0.6110175611
0.6122051901
0.6133604035
0.6120194714
0.6131609665
0.6144438059
0.6261998171
0.6271906231
0.6276461471
0.6228108759
0.6228643162
0.6228557800
0.5374456090
0.5374524388
0.5374503930
0.5413561025
0.5413696066
0.5413580308
0.5390573152
0.5390531556
0.5390535394
0.5374794445
0.5374803871
0.5374798640
0.5406830798
0.5406813460
0.5406818830
0.5456776370
0.5624385794
0.5643238514
0.5512759351
0.5467983928
0.5464465670
0.5459890438
0.5430897897
0.5430937195
0.5458055323
0.5458144287
0.5426116546
0.5395232300
0.5381704661
0.5381382823
0.5435974781
0.5435915071
0.5436138286
0.5397516276
0.5397266837
0.5397925162
0.5382453638
0.5384108640
0.5384088248
0.5414361704
0.5414300756
0.5414309493
0.5418358674
0.5411681073
0.5409845081
0.5251830559
0.5841740455
0.5852176549
0.5875595910
0.5873014253
0.5925035214
0.5937223094
0.5904636176
0.5955308841
0.5924876271
0.6020492655
0.6089148628
0.6206450649
0.6158612941
0.6207703569
0.6232693883
0.6225950606
0.6053932257
0.6035235076
0.5923445683
0.5768199480
0.5745982863
0.5708040147
0.5790190061
0.5769754790
0.5770181021
0.5744276567
0.5745444545
0.5739186641
0.5781252982
0.5761026996
0.5752746874
0.5722357835
0.5722013498
0.5787508394
0.5784918894
0.5784447384
0.5787241733
0.5795727340
0.5848032807
0.5906049674
0.5923523304
0.5941023915
0.5939141628
0.5949931873
0.5962605115
0.5882931229
0.5873167230
0.5869748971
0.5835303866
0.5980812705
0.5895535854
0.5789019595
0.5736992956
0.5659968195
0.5624700838
0.5620623585
0.5603937965
0.5581862169
0.5401445819
0.5394652657
0.5341172383
0.5319525974
0.5298223847
0.5273044679
0.5256451979
0.5296583789
0.5319728897
0.5425874832
0.5468261342
0.5447176073
0.5481963560
0.5511180757
0.5553105568
0.5572111986
0.5578332302
0.5495729005
0.5477492103
0.5424402870
0.5382242152
0.5338690465
0.5284936118
0.5240281527
0.5331030063
0.5236348918
0.5600067556
0.5585905263
0.5522250393
0.5460465913
0.4958646554
0.4685039149
0.4190165340
0.3166341998
0.2468320830
0.2405495422
0.2129801332
0.1765722170
0.1308734609
0.1350630871
0.7754455497
0.8028439441
0.7768550736
0.3798715023
0.3844807912
0.3901018194
0.3311509876
0.3363605365
0.3425661858
0.3503122271
0.3573706591
0.3658046575
0.3752898901
0.3843944417
0.3927102270
0.4013478870
0.4104616563
0.4185519248
0.4266550593
0.4346707406
0.4427034048
0.4516472409
0.4627783098
0.4724925543
0.4816618477
0.4899840478
0.4982318002
0.5065403535
0.5137644182
0.5215701498
0.5292538337
0.5363588873
0.5435662353
0.5504153046
0.5578717044
0.5651639600
0.5715995896
0.5772576243
0.5829422350
0.5880481848
0.5926282602
0.5974299178
0.6025391484
0.6061021623
0.6098624033
0.6132327580
0.6170720059
0.6210168372
0.6240354077
0.6272069263
0.6293573676
0.6306489344
0.6322383449
0.7294409151
0.7300280114
0.7263809746
0.7319500932
0.7219666810
0.7323472344
0.7189911855
0.7172143004
0.7149573073
0.7085327554
0.7128444334
0.7049595849
0.6946496293
0.6941019571
0.6840057408
0.6810203676
0.6837535165
0.6862718510
0.6921812847
0.6932837666
0.6978801138
0.6986769476
0.7005457217
0.7012610483
0.7006691342
0.6976427615
0.6949663852
0.6892357148
0.6943542833
0.6886089740
0.6935003435
0.6895557602
0.6904474772
0.6942180741
0.7111020373
0.7206721935
0.7248322557
0.7349305355
0.7211967288
0.7255932576
0.7202518269
0.7317608150
0.7216632644
0.7136111637
0.7231311706
0.7053726312
0.7054917514
0.7057189516
0.7079347555
0.7060858139
0.7143220221
0.7192318541
0.7247767278
0.7124747828
0.7146576499
0.7154435605
0.7087307209
0.7104425238
0.7082507317
0.7103567366
0.6837290790
0.6843323783
0.6875001136
0.6886087746
0.7048136084
0.7122445888
0.7076691515
0.7122372733
0.7131554311
0.7251701724
0.7411928888
0.7656794914
0.7727766465
0.7882008631
0.7855562758
0.7852503357
0.7841321698
0.7851533813
0.7232854593
0.7651976484
0.7503319298
0.7450272414
0.7381899493
0.7313047066
0.7254806553
0.7136552414
0.7098554886
0.7155513360
0.7148149608
0.9710101822
0.9676784817
0.9690221806
0.9661143027
0.9626667501
0.9404941929
0.3975138632
0.8084830744
0.7682602219
0.8215037723
0.8856052844
0.8191958813
0.6631596804
0.5254620592
0.6196592123
0.6085606694
0.4631142141
0.4635114722
0.3552529300
0.3212445114
0.3208892483
0.3207853520
0.3211777797
0.3217574233
0.3221136232
0.3232814787
0.3241854043
0.3243252467
0.3250465345
0.3253843639
0.3265032736
0.3277874696
0.3291635054
0.3267468969
0.3277012539
0.3275230306
0.3274497138
0.3289175007
0.3287216540
0.3290201073
0.3289907504
0.3292829205
0.3274677478
0.3271661831
0.1017797574
0.1015367514
0.1010435766
0.1007640465
0.0987686196
0.0985711987
0.0984303043
0.0982191244
0.1017187427
0.1015616783
0.1010353091
0.1006335820
0.0998874892
0.0996203842
0.0989148741
0.0988171209
0.0973732978
0.0970784916
0.0959337542
0.0955901239
0.0970401081
0.0980562844
0.0996672869
0.0991602154
0.0979806887
0.0971282477
0.0953093264
0.0918087475
0.0876821358
0.0874452261
0.0909687803
0.0909643108
0.0884073335
0.0880144881
0.0881891441
0.0882991150
0.0848020114
0.0847275599
0.0877402523
0.0879767565
0.0881009987
0.0884263267
0.0887515260
0.0895255461
0.0929004964
0.0919070884
0.0887928597
0.0882508673
0.0907432032
0.0912345779
0.0864484858
0.0855880053
0.0850877540
0.0851055322
0.0855329845
0.0854907805
0.0839278120
0.0845664581
0.0985427220
0.1002375657
0.0812009898
0.0812222702
0.0789945136
0.0790614418
0.0777708852
0.0778319801
0.0754175619
0.0754698099
0.0770617503
0.0770529177
0.0767993606
0.0767531351
0.0770527546
0.0770253348
0.0768776257
0.0768464714
0.0770594634
0.0816509756
0.0855233665
0.0855378092
0.0922103395
0.0922273326
0.0902053779
0.0908641543
0.0876439748
0.0885782761
0.0856555855
0.0855394667
0.0906415686
0.0906873081
0.0875383300
0.0875167712
0.0874396995
0.0873430765
0.0855812233
0.0855065961
0.0867990179
0.0866219999
0.0864724945
0.0865164358
0.0878220329
0.0878034749
0.0912454408
0.0908294369
0.0971797263
0.0966395502
0.0966610209
0.0959944312
0.1001528724
0.1001885284
0.0997202708
0.0997440294
0.1015243317
0.1014911644
0.1039797878
0.1036329528
0.1028105375
0.1021611304
0.0986477677
0.0983392648
0.0936855621
0.0937403085
0.0878576392
0.0877142529
0.0864936317
0.0860162486
0.0851973352
0.0843857722
0.0842173680
0.0840637944
0.0836509137
0.0836236604
0.0841825326
0.0841253662
0.0838286369
0.0838056922
0.0850177142
0.1334028249
0.1331902042
0.1303818567
0.1303966618
0.1304223448
0.1303738135
0.1302359256
0.1303146332
0.1334479115
0.1333119271
0.1333647064
0.1354233040
0.1354142856
0.1366017779
0.1366238471
0.1366066370
0.1359108981
0.1358973001
0.1358934702
0.1365649452
0.1365583645
0.1367570554
0.1369136752
0.1368500527
0.1367141246
0.1379899524
0.1379159574
0.1377487018
0.1427665199
0.1421583836
0.1413844214
0.1453319618
0.1448586362
0.1439628759
0.1569084603
0.1671394989
0.1887672210
0.2552986074
0.2553590351
0.2552452005
0.2551598153
0.2551189139
0.2552748721
0.2550790584
0.2547099539
0.2542505624
0.2537350780
0.2529593980
0.2517883849
0.2579916329
0.2579356827
0.2638549975
0.2637727317
0.2743984306
0.2743800708
0.2798706310
0.2798458023
0.2801176057
0.2800909452
0.4961528057
0.5474167308
0.5952096455
0.6395261677
0.6002434625
0.6216112352
0.6462546434
0.6730410623
0.6636671251
0.6626560036
0.6605203029
0.6403061255
0.6727321574
0.6872025635
0.6882271067
0.2232888474
0.2242142430
0.2238475394
0.2243309836
0.2264313724
0.2255173959
0.2240205252
0.2186237640
0.2152287588
0.2097668810
0.2095877768
0.2085174941
0.2059190198
0.2001446582
0.1958857733
0.1900577440
0.1878366211
0.1855684825
0.1823023066
0.1810345614
0.1742510995
0.3014092854
0.3013992427
0.3034652176
0.3034675517
0.3062262309
0.3062611227
0.3095362685
0.3095462958
0.3119025820
0.3119246920
0.3196534168
0.3196544673
0.3216395877
0.3216551453
0.3257119230
0.3669431315
0.3916911977
0.3924884532
0.3957241970
0.3960289584
0.3955184121
0.3951399898
0.3953323379
0.3982917873
0.3985073121
0.3977273877
0.3960975106
0.3919432304
0.3913477827
0.3892360013
0.3897021203
0.3663107419
0.3668290277
0.3660401811
0.3664672950
0.3663709302
0.3667725055
0.3646559165
0.3656466309
0.3658116577
0.3647399454
0.3649335448
0.3662802731
0.3653391883
0.3683130918
0.3709009220
0.3683735022
0.3703697575
0.3716550243
0.3713707821
0.3708934847
0.3695309632
0.3672283840
0.3632295882
0.3696368833
0.3740502307
0.3783043918
0.3823293252
0.3839932213
0.3855304169
0.3870588987
0.3880616704
0.5568423670
0.5573219338
0.5571722858
0.5568404120
0.5566030956
0.5550361094
0.5595771882
0.5620377760
0.5610868731
0.5604455485
0.5535969797
0.5538890854
0.5535381861
0.5528363884
0.5528295711
0.5521083418
0.5513822637
0.5504964068
0.5502695916
0.5493912238
0.5411859470
0.5408950916
0.5401662167
0.5395647290
0.5384657690
0.5385490416
0.5376319868
0.5372650505
0.5371001737
0.5371430010
0.5370849691
0.5370900244
0.5359201885
0.5357534272
0.5347933590
0.5352123958
0.5347031281
0.5347776479
0.5342730929
0.5345301718
0.5338875658
0.5342612191
0.5332874769
0.5335325715
0.5332188590
0.5327218662
0.5326641628
0.5324075299
0.9959588295
0.9952095052
0.9929405604
0.9928986393
0.9914446692
0.9921170785
0.9942194354
0.9957614960
0.9958773712
0.9908263478
0.9930191972
0.9876107058
0.9912610031
0.9911652224
0.9858036870
0.9843699366
0.9839363212
0.9790359660
0.9789102019
0.5138993940
0.5144821245
0.5138201869
0.5137784570
0.5140286703
0.5139101059
0.5126769613
0.5127438029
0.5130236670
0.5119645585
0.5121131303
0.5113461183
0.5114307104
0.5134426956
0.5144597091
0.5154940441
0.5164906297
0.5165210844
0.5164286499
0.5164014270
0.5160656524
0.5164996471
0.5166002387
0.5147906737
0.5143680365
0.5159482241
0.5159649763
0.5164515944
0.5494064624
0.5502712990
0.5513056848
0.5518482848
0.5519331854
0.5519827607
0.5519238987
0.5519583938
0.5511994748
0.5508914307
0.5506212207
0.5500381541
0.5487849630
0.5480582532
0.5472431279
0.5462243119
0.5457616992
0.5451774282
0.5438399604
0.5437207419
0.5434478908
0.5425052863
0.5703026200
0.5426072452
0.5397956551
0.5652535163
0.5842809682
0.5760381732
0.5723491204
0.5685337582
0.5676901731
0.5640475606
0.5616014277
0.5611478717
0.5619275794
0.5598170194
0.5599740845
0.5578043886
0.5571711695
0.5553155843
0.5548692354
0.5539930882
0.5527381022
0.5530350295
0.5521268456
0.5500213690
0.5468234572
0.5455659378
0.5440740814
0.5423019312
0.5417729292
0.5430417679
0.5422577246
0.5401722930
0.5395115258
0.5386804754
0.5384151803
0.5364414401
0.5356878707
0.5350695442
0.9958146949
0.9967659777
0.9968717957
0.9972964384
0.9982746352
0.9961847425
0.9923267227
0.9622201982
0.9622980924
0.9269625085
0.8861126655
0.9364828300
0.6798535302
0.6797960238
0.7473127272
0.7390095561
0.6854238253
0.7227354775
0.7235545900
0.4460064896
0.4471917089
0.4460887697
0.4458502000
0.4442738205
0.4426891212
0.4412631953
0.4396233332
0.4377691750
0.4352532019
0.4332353317
0.4314109730
0.4287680196
0.4258982313
0.4230128243
0.4208300650
0.4177724101
0.4148040509
0.4118444664
0.4099333484
0.4063943515
0.3945575624
0.3936924952
0.3934492542
0.3930603822
0.3935377669
0.3937837652
0.3937012389
0.3931129954
0.3929885091
0.3934036943
0.3934159491
0.3937087954
0.3941002226
0.3944803119
0.3953005666
0.3958318913
0.3959893720
0.3961582572
0.3959509402
0.3966134077
0.3968035207
0.3973259665
0.3980151446
0.3983196190
0.3981093947
0.3986051212
0.3999528464
0.3996696962
0.3989191574
0.3993388631
0.4004909407
0.4008786841
0.4008012849
0.4003077758
0.4004392726
0.4004443320
0.4003704239
0.3999021440
0.3999029807
0.4001183002
0.3994855229
0.3994601287
0.3998110151
0.3991449037
0.3984018765
0.3979667744
0.3971861305
0.3961582151
0.3979521639
0.3976980929
0.3972683690
0.3963777772
0.3950560530
0.5080805070
0.4999855957
0.5075623278
0.5153572810
0.5254785126
0.5300277871
0.5369917730
0.5390167462
0.5412057175
0.5433628412
0.5442689078
0.5463581038
0.5469055522
0.5472076867
0.5504212879
0.5506155233
0.5509450939
0.5543067904
0.5543337358
0.5549480543
0.5596723014
0.9520284802
0.9383036127
0.9360921237
0.9421457120
0.9423489439
0.9401226098
0.9500776908
0.8285167099
0.8404416818
0.8408474964
0.8745468821
0.7934886452
0.6487306266
0.6272761430
0.6282479004
0.2660037181
0.2664058800
0.2671162983
0.2668680290
0.2671720510
0.2675001099
0.2672477561
0.2672895398
0.2679053768
0.2670108369
0.2668750000
0.2669377950
0.2674720470
0.2678486009
0.2679125884
0.2672820848
0.2661497420
0.2649819331
0.2643084276
0.2642152821
0.2642445879
0.2640040717
0.2642047759
0.2643653264
0.2648987785
0.2642884426
0.2644697930
0.2645471709
0.2652043300
0.2653051764
0.2644203321
0.1593901311
0.1632884078
0.1681385125
0.1714454631
0.1756557297
0.1796315979
0.6439196435
0.6438214332
0.6360790204
0.6357135969
0.6055018011
0.5869151966
0.5823081899
0.5809829738
0.5765925802
0.5699605073
0.5672506924
0.5711637384
0.5711815450
0.5741948145
0.5741946452
0.5707172552
0.5705611106
0.5737919988
0.5737958508
0.5738028565
0.5737981128
0.0550925930
0.0551484378
0.0553756472
0.0555155667
0.0557985733
0.0560337224
0.0562908165
0.0565573342
0.0689636329
0.0683516475
0.0680706838
0.0677099441
0.0674469209
0.0673233167
0.0673696028
0.0677050910
0.0687303166
0.0695586462
0.0601812286
0.0602649741
0.0601843351
0.0603453134
0.0602838797
0.0602658439
0.0601286821
0.0599767589
0.0601713907
0.0600445700
0.0599554985
0.0601523448
0.0617134902
0.0631483526
0.0644966480
0.0619697347
0.0622732542
0.0628223831
0.0638543022
0.0642497797
0.0647096152
0.0650633391
0.0655913477
0.0655918018
0.0661500083
0.0667769952
0.0681433544
0.0715717604
0.0713866649
0.0709137652
0.0701840024
0.3157013770
0.3136420663
0.3071896172
0.3032224912
0.2939235887
0.2893461151
0.2881570517
0.2857335854
0.2673757633
0.2650781337
0.2692509358
0.2661393730
0.2638511212
0.2632173765
0.2443864598
0.2416840437
0.2425315688
0.2414372564
0.2343230575
0.2331159712
0.2346808804
0.7181885186
0.7741960506
0.8078750197
0.8551603159
0.8532885604
0.8018481873
0.7212524030
0.6301917289
0.8054539710
0.8055627803
0.7940491217
0.8132022717
0.8369226276
0.8233727386
0.7579981416
0.7248064287
0.6728566242
0.6174988853
0.5533695145
0.4842519062
0.5048396584
0.5058359302
0.5065396853
0.5193847361
0.5204790832
0.5204358490
0.5050700316
0.5060608793
0.5071782516
0.5077879996
0.5074231706
0.5083519099
0.5094225809
0.5102632148
0.5111088314
0.5117682651
0.5121964169
0.5130108974
0.2549415801
0.2549380798
0.2928041819
0.2928477141
0.3387210819
0.3386833417
0.3822087418
0.3821922654
0.4064248164
0.4064217327
0.4251438971
0.4239235957
0.4445422988
0.4445397588
0.4452864499
0.4452683120
0.4518969960
0.4470140840
0.4503678057
0.4503958476
0.4382269619
0.4382519436
0.4343231446
0.4326484621
0.4152625818
0.4153023068
0.4168853550
0.4168849055
0.4027206639
0.4034624518
0.4069402251
0.1324729557
0.1323800893
0.1323678007
0.1341867792
0.1342120968
0.1344439331
0.1345189083
0.1346282610
0.1347357681
0.1326243345
0.1332491109
0.1344765585
0.1811190579
0.1791053261
0.1759152560
0.1763198028
0.1853661876
0.1856829416
0.1834051011
0.1838367518
0.1688679008
0.5788402951
0.4293827212
0.3946546807
0.3881533388
0.3884518087
0.3672858862
0.3649817891
0.3776545676
0.3205732890
0.4386960765
0.4097812814
0.3932439128
0.3969610527
0.3963100665
0.3802816636
0.3634253087
0.3586516607
0.3310266071
0.3093378175
0.2926355297
0.2706012723
0.2506879068
0.2300955736
0.2285618337
0.2285369671
0.2300964854
0.2301017303
0.2279880143
0.2279891484
0.2298287292
0.2298325172
0.2276244950
0.2275944909
0.2312169831
0.2312138141
0.2317225320
0.2317128101
0.2441217583
0.2441365596
0.2122387693
0.2123642513
0.2131644154
0.2129718764
0.2089310210
0.2070840243
0.2108237602
0.1862099316
0.2387737935
0.2475501539
0.2538707831
0.2463576006
0.2469830383
0.2436505642
0.2450711651
0.2430982569
0.2420486358
0.2391695224
0.2367231021
0.2354127774
0.2330744722
0.2333709758
0.2277602207
0.2150101484
0.2105204622
0.2103751959
0.2065742742
0.2063141099
0.2030348476
0.1448612971
0.1426521472
0.1442484562
0.1442881168
0.1440840184
0.1441181127
0.1449522778
0.1448700176
0.1460356561
0.1459879111
0.1471785715
0.1471423230
0.1463140904
0.1463647894
0.1470347335
0.1471167765
0.1425744325
0.1426283234
0.1401880218
0.1408154976
0.1437789483
0.1442526519
0.1439304744
0.1426208931
0.1426615937
0.1428296729
0.1412937073
0.1413020810
0.1421726502
0.1423157311
0.1423160815
0.1423608466
0.1414964668
0.1415333746
0.1424636429
0.1425394343
0.1429120112
0.1429351078
0.1423024943
0.1423512888
0.1435512604
0.1441846395
0.1462909526
0.1496914932
0.1569810827
0.1640160757
0.1779374159
0.1912634624
0.2121985821
0.2292683828
0.2668029864
0.2835109704
0.3074605093
0.3106105881
0.3097008429
0.2962782307
0.2933788682
0.2951811925
0.3125356776
0.3240167832
0.3347559959
0.3357774241
0.3357472631
0.3372306204
0.3055606208
0.3081935188
0.2719734400
0.2739492188
0.2484033880
0.2491744001
0.2455085629
0.2448786870
0.2517692404
0.2508894408
0.2783902594
0.2787539175
0.3162916696
0.3170130520
0.3238451905
0.3240448720
0.3277649269
0.3283246142
0.3333753354
0.3336489667
0.3369931280
0.3377542584
0.3403402074
0.3407724555
0.3430005322
0.3437192587
0.3456125697
0.3457294655
0.3465561389
0.3470582071
0.3481156097
0.3487311888
0.3493433340
0.3491503588
0.3499105581
0.3500294982
0.3498050140
0.3495249122
0.3495205483
0.3494880893
0.3496379651
0.3496064620
0.3495553243
0.3492600549
0.3498068854
0.3498186692
0.3496493177
0.3497166906
0.3516718373
0.3517314653
0.3547295921
0.3550216902
0.3556593694
0.3556552255
0.3556924768
0.3558970122
0.3560296832
0.3560511034
0.3557121860
0.3555120731
0.3559228952
0.3560939880
0.3560507782
0.3562247556
0.3560845024
0.3561073482
0.3572448873
0.3574019922
0.3593040005
0.3593709978
0.3595575019
0.3597684323
0.3598998039
0.3598928347
0.3601010407
0.3596312054
0.3600508061
0.3600402242
0.3612761850
0.3612733813
0.3632919741
0.3633157644
0.3643861961
0.3642112664
0.3642683446
0.3642436933
0.3643418366
0.3644621729
0.3646320213
0.3642702714
0.3642609692
0.3638378657
0.3643860715
0.3645934685
0.3602126967
0.3603832287
0.3541359601
0.3543528815
0.3516433350
0.3517835052
0.3519793527
0.3518506903
0.3518379986
0.3516747580
0.3548350408
0.3354653367
0.3425962840
0.3206558626
0.3109785819
0.2419278690
0.2133826337
0.2047491527
0.1971167109
0.1884400651
0.1822609037
0.1829839101
0.1804901971
0.1772547248
0.1778820987
0.1765482636
0.1730623346
0.1764461812
0.1795528729
0.1798431447
0.1835900626
0.1847222879
0.1865820040
0.1867083559
0.1868553226
0.1874400683
0.1876861595
0.1879242689
0.1886247791
0.1893737133
0.1889617860
0.1882674330
0.1867861247
0.1374977681
0.1378631873
0.1379048848
0.1383223100
0.1384177960
0.1388447410
0.1389142118
0.1391475935
0.1430480917
0.1452960710
0.1586624771
0.2351127119
0.2314806479
0.2449881522
0.2456604607
0.2481970788
0.2360814525
0.2375270933
0.2380347957
0.2295894693
0.2248326929
0.2267408625
0.2235333798
0.2274882913
0.2302966849
0.2364977282
0.2383486987
0.2407368310
0.2396194010
0.2394314888
0.2363436260
0.2355581248
0.2357305218
0.2343442891
0.2301452077
0.2309569292
0.2250497318
0.2266911384
0.2221656821
0.2241276953
0.2220421480
0.2221322681
0.2205416095
0.2209831121
0.2207209519
0.2189033554
0.2194148862
0.2209335075
0.2251790168
0.2248185004
0.2297582460
0.2294874137
0.2314527823
0.2324217019
0.2339812437
0.2336664613
0.2340328545
0.2332103320
0.2333245639
0.2344938891
0.2347758086
0.2345351738
0.2343707497
0.2327929838
0.2327622585
0.2328160514
0.2331985572
0.2318377790
0.2308240257
0.2300368583
0.2299914161
0.2299988087
0.2301005104
0.2286987724
0.2285007448
0.2273085376
