0.1806190120
0.1806190120
0.1806190120
0.1806190120
0.1806190120
0.1806190120
0.1806190120
0.1806190120
0.1806190120
0.1806190120
0.1806190120
0.1806190120
0.1806190120
0.1806190120
0.1806190120
0.1806190120
0.1806190120
0.1806190120
0.1806190120
0.1806190120
0.1806190120
0.1806190120
0.1806190120
0.1806190120
0.1806190120
0.1806190120
0.1806190120
0.1806190120
0.1806190120
0.1806190120
0.1806190120
0.1806190120
0.1806190120
0.1806190120
0.1806190120
0.1806190120
0.1806190120
0.1806190120
0.1806190120
0.1806190120
0.1806190120
0.1806190120
0.1806190120
0.1806190120
0.1812131173
0.1814578522
0.1812077450
0.1812077450
0.1808081224
0.1811347437
0.1814859507
0.1809568104
0.1809568104
0.1852762233
0.1856563488
0.1855171618
0.1873645449
0.1873645449
0.1863160280
0.1876203874
0.1847920888
0.1859417906
0.1859417906
0.1847490485
0.1839669873
0.1846817250
0.1842653418
0.1842653418
0.1852036428
0.1850376112
0.1858267859
0.1858267859
0.1855473596
0.1856738080
0.1849312569
0.1858892402
0.1858892402
0.1853900593
0.1898874877
0.1898436621
0.1854532173
0.1845364579
0.1845364579
0.1855747155
0.1853346903
0.1861508648
0.1861508648
0.1856403668
0.1864221435
0.1860953427
0.1861357289
0.1861357289
0.1855173123
0.1860677711
0.1864440118
0.1857929029
0.1857929029
0.1949053411
0.1932252523
0.1901097794
0.1848600799
0.1848600799
0.1839158281
0.1831079270
0.1834631642
0.1836206954
0.1836206954
0.1833618773
0.1838797472
0.1832179061
0.1849523681
0.1849523681
0.1856925448
0.1851841731
0.1858935174
0.1852310325
0.1852310325
0.1861958309
0.1854545853
0.1861620070
0.1861001413
0.1861001413
0.1862694437
0.1856249319
0.1865708186
0.1860826608
0.1860826608
0.1866323099
0.1857148096
0.1867305982
0.1867326858
0.1867326858
0.1869579594
0.1863141178
0.1874302384
0.1867208336
0.1867208336
0.1875553767
0.1873294919
0.1899326338
0.1938767639
0.1938767639
0.1974309518
0.1851992995
0.1878304170
0.1914703850
0.1914703850
0.1962577467
0.1915817709
0.1911758031
0.1936453105
0.1936453105
0.1932840056
0.1802163518
0.1797575834
0.1816633892
0.1816633892
0.1815904244
0.1828806341
0.1848181774
0.1827833802
0.1827833802
0.1833249591
0.1839006177
0.1834715395
0.1840839006
0.1840839006
0.1833426830
0.1908228135
0.1843152594
0.1913960559
0.1913960559
0.1852659055
0.1859619934
0.1856741032
0.1860597925
0.1860597925
0.1857427763
0.1884330552
0.1888980175
0.1908758394
0.1908758394
0.1938300971
0.1926917622
0.1802061973
0.1799506953
0.1799506953
0.1804572088
0.1796512949
0.1798743460
0.2004023057
0.2004023057
0.2100399635
0.1904710361
0.1920529807
0.2006530483
0.2006530483
0.1999080869
0.2043908021
0.2060341389
0.2063171166
0.2063171166
0.2031979626
0.1928481182
0.1920095063
0.1931973243
0.1931973243
0.1920532555
0.1907173569
0.1914162927
0.1899058231
0.1899058231
0.1899957769
0.1916922659
0.1950009541
0.1935562487
0.1935562487
0.1943762092
0.1880891549
0.1891579190
0.1890113444
0.1890113444
0.1895856565
0.1927446736
0.1804511600
0.1931248399
0.1931248399
0.1938340606
0.1937976329
0.1934065771
0.1927506443
0.1927506443
0.1929260565
0.1920867311
0.1791565714
0.1798449287
0.1798449287
0.1799464518
0.1797855233
0.1794983565
0.1802428544
0.1802428544
0.1801317544
0.1809600924
0.1803658096
0.1804586160
0.1804586160
0.1810988480
0.1800540890
0.1805253811
0.1797738914
0.1797738914
0.1792760804
0.1784859354
0.1803321436
0.1805914314
0.1805914314
0.1783167552
0.1790964235
0.1786885641
0.1891722887
0.1891722887
0.1887910335
0.1895844485
0.1888112263
0.1892884390
0.1892884390
0.1894377169
0.1893700866
0.1885085567
0.1894448052
0.1894448052
0.1893422609
0.1892964277
0.1888420851
0.1897626347
0.1897626347
0.1892803782
0.1897916336
0.1890350155
0.1799211324
0.1799211324
0.1803427345
0.1956986898
0.1954123545
0.1946808196
0.1946808196
0.1761616858
0.1768269017
0.1768123173
0.1767744897
0.1767744897
0.1765153645
0.1772650448
0.1768834007
0.1774333547
0.1774333547
0.1766683447
0.1774180121
0.1774489817
0.1776991033
0.1776991033
0.1768548063
0.1828942848
0.1874630799
0.1860994492
0.1860994492
0.1810079625
0.1756041481
0.1764077693
0.1760991030
0.1760991030
0.1767013228
0.1762636000
0.1769696938
0.1769508851
0.1769508851
0.1768425905
0.1760057184
0.1769565711
0.1769565711
0.1772410251
0.1769272181
0.1765201996
0.1775652761
0.1769467994
0.1769467994
0.1779070382
0.1778408841
0.1777434059
0.1770547986
0.1770547986
0.1778262773
0.1774839503
0.1779627431
0.1779627431
0.1771462429
0.1778465196
0.1775723291
0.1770809494
0.1770809494
0.1765663933
0.1773022253
0.1770593334
0.1768844550
0.1768844550
0.1765657172
0.1774604119
0.1771595929
0.1769431787
0.1769431787
0.1767338224
0.1777727296
0.1774868529
0.1769866811
0.1769866811
0.1766683516
0.1773253092
0.1960609822
0.1947476769
0.1947476769
0.1965695364
0.1946070794
0.1928086390
0.1929332258
0.1929332258
0.1967852857
0.1956078265
0.2072814515
0.1808354063
0.1808354063
0.2073997370
0.1808535762
0.2073630583
0.1827079370
0.1827079370
0.2072077221
0.1809299039
0.2078046479
0.1808334051
0.1808334051
0.1929582295
0.1931201553
0.1927855933
0.1936587585
0.1936587585
0.1929840336
0.1935396844
0.1927535905
0.1933297225
0.1933297225
0.1604388509
0.1590290665
0.1574084814
0.1647066728
0.1647066728
0.1640981126
0.1626750808
0.1614056854
0.1597187748
0.1597187748
0.1572956703
0.1558571869
0.1552770551
0.1551990488
0.1551990488
0.1556196068
0.1552657218
0.1548430111
0.1546925875
0.1546925875
0.1538867015
0.1528916805
0.1569832325
0.1564755826
0.1564755826
0.1553276182
0.1551383179
0.1533209625
0.1532963394
0.1532963394
0.1518365198
0.1516248338
0.1511781659
0.1500652396
0.1500652396
0.1480973922
0.1375082297
0.1367762378
0.1367714667
0.1367714667
0.1367451163
0.1371499651
0.1369327231
0.1366765684
0.1366765684
0.1363623191
0.1359580865
0.1354574933
0.1346029968
0.1346029968
0.1336395587
0.1323963495
0.1311760612
0.1297658933
0.1297658933
0.1285679139
0.1265384098
0.1258391401
0.1242083084
0.1242083084
0.1234005163
0.1226494662
0.1215712094
0.1212304251
0.1212304251
0.1212988559
0.1205471058
0.1209793041
0.1206814114
0.1206814114
0.1213905655
0.1208895991
0.1206692129
0.1204931054
0.1204931054
0.1199107893
0.1242373203
0.1236174950
0.1234837077
0.1234837077
0.1225109776
0.1225881437
0.1216947107
0.1214282707
0.1214282707
0.1187970086
0.1179974237
0.1174272108
0.1165670903
0.1165670903
0.1138224431
0.1117038594
0.1108170171
0.1101223063
0.1101223063
0.1106650167
0.1105091479
0.1116461308
0.1131376123
0.1131376123
0.1144411820
0.1148910855
0.1159369656
0.1164757383
0.1164757383
0.1168117936
0.1172668294
0.1175269470
0.1176955780
0.1176955780
0.1176684705
0.1170105800
0.1171844624
0.1176794641
0.1176794641
0.1169510991
0.1171560264
0.1175193756
0.1169332619
0.1169332619
0.1170249839
0.1173332323
0.1168368219
0.1171001592
0.1171001592
0.1173452759
0.1167613089
0.1168697520
0.1169154562
0.1169154562
0.1162012082
0.1169540678
0.1167193393
0.1178010764
0.1178010764
0.1187444914
0.1182088374
0.1176529072
0.1162477486
0.1162477486
0.1162565826
0.1177080509
0.1172095624
0.1173513879
0.1173513879
0.1176667888
0.1178297514
0.1172021271
0.1173803115
0.1173803115
0.1178493343
0.1173623927
0.1179634414
0.1183300680
0.1183300680
0.1186001649
0.1178857827
0.1181641489
0.1187481322
0.1187481322
0.1182275758
0.1183842471
0.1187722913
0.1182666240
0.1182666240
0.1189609000
0.1183596955
0.1185696485
0.1186556132
0.1186556132
0.1178253942
0.1181186751
0.1184949747
0.1178796228
0.1178796228
0.1179902079
0.1182404584
0.1176546514
0.1176546514
0.1177574830
0.1179607388
0.1169798068
0.1171226589
0.1172787916
0.1172787916
0.1185480568
0.1159658513
0.1162056039
0.1161684055
0.1161684055
0.1161692186
0.1156891274
0.1171739110
0.1171739110
0.1175202442
0.1171015113
0.1172174664
0.1174676557
0.1174676557
0.1169081644
0.1174747628
0.1174102654
0.1173490495
0.1173490495
0.1168569060
0.1172508762
0.1168320093
0.1169142084
0.1169142084
0.1163732806
0.1157543886
0.1153917370
0.1156829510
0.1156829510
0.1149159227
0.1153055981
0.1156569838
0.1157622137
0.1157622137
0.1153094395
0.1159262007
0.1152311191
0.1149388924
0.1149388924
0.1147536956
0.1140719336
0.1142217086
0.1144929436
0.1144929436
0.1139289333
0.1143485955
0.1141507721
0.1145032423
0.1145032423
0.1140753692
0.1145991692
0.1146080006
0.1147602193
0.1147602193
0.1144035250
0.1154728803
0.1153767826
0.1161714223
0.1161714223
0.1169539190
0.1167545838
0.1178122899
0.1177045032
0.1177045032
0.1185077245
0.1193939869
0.1193742332
0.1201972277
0.1201972277
0.1214595398
0.1216065398
0.1225249564
0.1235869591
0.1235869591
0.1236590041
0.1252493137
0.1252217154
0.1265424756
0.1265424756
0.1264896690
0.1273701664
0.1286287197
0.1288395586
0.1288395586
0.1299894932
0.1311629639
0.1314249728
0.1330170559
0.1330170559
0.1332473790
0.1343840282
0.1346324056
0.1359508973
0.1359508973
0.1374122828
0.1377571462
0.1388237662
0.1402136271
0.1402136271
0.1405472486
0.1416845656
0.1428605741
0.1430871227
0.1430871227
0.1442385495
0.1452657839
0.1456204767
0.1468766933
0.1468766933
0.1469521267
0.1477632166
0.1486566874
0.1487117390
0.1487117390
0.1496386860
0.1496037393
0.1500141634
0.1502059651
0.1502059651
0.1509209986
0.1511509861
0.1514284304
0.1514114535
0.1514114535
0.1518754256
0.1522857341
0.1522684650
0.1529047606
0.1529047606
0.1535663482
0.1535454830
0.1551811147
0.1555010830
0.1555010830
0.1567801954
0.1580341374
0.1581928421
0.1593752020
0.1593752020
0.1606318080
0.1606715995
0.1625219940
0.1626449783
0.1626449783
0.1645297527
0.1653857624
0.1661735725
0.1665056573
0.1665056573
0.1671931389
0.1685484437
0.1684730382
0.1696308274
0.1696308274
0.1708185068
0.1707753064
0.1715929383
0.1711661515
0.1711661515
0.1710231837
0.1710483636
0.1708104048
0.1709360910
0.1709360910
0.1702386830
0.1705029077
0.1704158457
0.1701518360
0.1701518360
0.1709294537
0.1717623427
0.1720180834
0.1730959407
0.1730959407
0.1731661358
0.1737493335
0.1736266174
0.1739987241
0.1739987241
0.1739173528
0.1746154447
0.1749838998
0.1757389020
0.1757389020
0.1761493750
0.2106027939
0.2096661165
0.2112871251
0.2112871251
0.2086086911
0.2121578825
0.2102705783
0.2130372799
0.2130372799
0.2118857484
0.2068559270
0.2056194412
0.2099767376
0.2099767376
0.2122799373
0.2112863819
0.2073417216
0.2083780130
0.2083780130
0.2067786408
0.0439400389
0.0441409967
0.0442702610
0.0442702610
0.0446454041
0.0450652723
0.0454457613
0.0453477503
0.0453477503
0.0454632424
0.0454086526
0.0449252783
0.0434696148
0.0434696148
0.0432464653
0.0431390033
0.0429445347
0.0426990220
0.0426990220
0.0426415258
0.0428483035
0.0431959017
0.0432182608
0.0432182608
0.0429995390
0.0432298418
0.0432329732
0.0430369721
0.0430369721
0.0429158157
0.0429068037
0.0427961411
0.0426628039
0.0426628039
0.0426119396
0.0426635882
0.0426307167
0.0426307167
0.0426510355
0.0425020361
0.0422553900
0.0418361836
0.0413548280
0.0413548280
0.0410847961
0.0409464622
0.0409044425
0.0409096198
0.0409096198
0.0408550326
0.0408012019
0.0406478374
0.0406478374
0.0405333437
0.0402121415
0.0399815090
0.0394599906
0.0394599906
0.0394273234
0.0394121169
0.0395901923
0.0399870813
0.0399870813
0.0397666801
0.0405093823
0.0411408451
0.0411585813
0.0411585813
0.0407229320
0.0404378030
0.0402268203
0.0404467869
0.0404467869
0.0403270583
0.0404594322
0.0403997408
0.0404784666
0.0404784666
0.0398467257
0.0394229455
0.0392981040
0.0393415034
0.0393415034
0.0398011217
0.0401562797
0.0412679743
0.0422843442
0.0422843442
0.0430861189
0.0436632550
0.0447954927
0.0454536422
0.0454536422
0.0474836014
0.0493539503
0.0489025725
0.2646236283
0.2646236283
0.2646179893
0.2640028649
0.2635123486
0.2631102060
0.2631102060
0.2621726936
0.2617737366
0.2613270590
0.2607936171
0.2607936171
0.2605877644
0.2601152784
0.2598584365
0.2594150019
0.2594150019
0.2596940759
0.2592898077
0.2590238776
0.2586370698
0.2586370698
0.2582762099
0.2580935218
0.2575252279
0.2571132710
0.2571132710
0.2565081018
0.2558895501
0.2553215723
0.2545316994
0.2545316994
0.2533656964
0.2525702454
0.2718819631
0.2711891720
0.2711891720
0.2706839942
0.2704776240
0.2708254933
0.2675335889
0.2675335889
0.2645810116
0.2639424446
0.2599636191
0.2552761640
0.2552761640
0.2505146038
0.2460945792
0.2418435048
0.2383195607
0.2383195607
0.2360035353
0.2345104449
0.3528472303
0.3783091675
0.3783091675
0.4204931936
0.4468371671
0.4214208730
0.3689918316
0.3689918316
0.2991485980
0.2633270022
0.1950404394
0.1881490264
0.1881490264
0.2299836382
0.2546512086
0.2646968555
0.2790965983
0.2790965983
0.2763736254
0.2731920111
0.2704724599
0.2673872930
0.2673872930
0.2640929440
0.2606361298
0.2564270348
0.2506941935
0.2506941935
0.2439459978
0.2353429002
0.2227744050
0.2113766265
0.2113766265
0.2008651272
0.1903555128
0.1794331423
0.1680205517
0.1680205517
0.1591591204
0.1493360013
0.1381764326
0.1271989224
0.1271989224
0.1149522165
0.1046524137
0.2176419239
0.2169669837
0.2169669837
0.2178393111
0.2171727067
0.2164701909
0.2179920459
0.2179920459
0.2177214415
0.2177824060
0.2164797335
0.2165690895
0.2165690895
0.2183285916
0.2176983453
0.2175500970
0.2150318032
0.2150318032
0.2161844919
0.2143434335
0.2136311649
0.2153700327
0.2153700327
0.2139190780
0.2121371665
0.2111661582
0.2102195161
0.2102195161
0.2098938175
0.2111447946
0.2103066190
0.2100662292
0.2100662292
0.2120955637
0.2116089446
0.2100395738
0.1955148392
0.1955148392
0.1939218322
0.1934223508
0.1958703645
0.1911507989
0.1911507989
0.1887859949
0.1952257330
0.1962931927
0.1958671903
0.1958671903
0.1915174831
0.1939050062
0.2944335028
0.2959554787
0.2959554787
0.2970097975
0.2982415262
0.2979553587
0.2975063985
0.2975063985
0.2961073726
0.2953380646
0.2934277426
0.2925263910
0.2925263910
0.2905669011
0.2897751805
0.2889060894
0.2889353268
0.2889353268
0.2881167058
0.2881101211
0.2873370808
0.2871982562
0.2871982562
0.2855066203
0.2845884604
0.2839917886
0.2829390947
0.2829390947
0.2831776795
0.2823643664
0.2827554736
0.2833043707
0.2833043707
0.2829338873
0.2832409108
0.2832649594
0.2828275691
0.2828275691
0.2839751717
0.2840024605
0.2461100998
0.2461100998
0.2408174177
0.2395503138
0.2459022559
0.2478290914
0.2499896034
0.2499896034
0.2657038344
0.2670706619
0.2723135788
0.2724843630
0.2724843630
0.2395609813
0.2380262477
0.2369778637
0.2369778637
0.2363347365
0.2327820611
0.2322739053
0.2330412592
0.2330412592
0.2317769283
0.2309600184
0.2310111567
0.2317345690
0.2317345690
0.2303542015
0.2896106467
0.2902529383
0.2904126934
0.2904126934
0.2904022593
0.2902437984
0.2909544540
0.2907770058
0.2907770058
0.2910135941
0.2906526476
0.2914016106
0.2914373635
0.2914373635
0.2919855767
0.2915326347
0.2919992139
0.2919664156
0.2919664156
0.2919975274
0.2915252841
0.2923344393
0.2920221426
0.2920221426
0.2919230908
0.2915003610
0.2920610026
0.2917522580
0.2917522580
0.2919386667
0.2912987435
0.2917015523
0.2919725871
0.2919725871
0.2918762572
0.2915147182
0.2920415283
0.2917517859
0.2917517859
0.2919859304
0.2913948422
0.2917582627
0.2915317693
0.2915317693
0.2916370371
0.2912095702
0.2911362052
0.1797185395
0.1797185395
0.1874101773
0.2056966211
0.2245634268
0.2372034987
0.2372034987
0.2409817892
0.2388777610
0.2328018685
0.2237994288
0.2237994288
0.2130285333
0.2023379659
0.1915135579
0.1818079869
0.1818079869
0.1782516046
0.1819421763
0.1959833986
0.2101416096
0.2101416096
0.2203852500
0.2246386250
0.2255578319
0.2256360466
0.2256360466
0.1807526972
0.1813904738
0.1814747245
0.1810764340
0.1810764340
0.1810701701
0.1812251632
0.1812349763
0.1813309837
0.1813309837
0.1819943705
0.1847731703
0.2816158893
0.2825606895
0.2825606895
0.2824952592
0.2831213780
0.2834622224
0.2843078416
0.2843078416
0.2849796115
0.2857477590
0.2858439494
0.2870819010
0.2870819010
0.2874699336
0.2878910183
0.2880048951
0.2889567456
0.2889567456
0.2889366931
0.2900907949
0.2903809429
0.2913464806
0.2913464806
0.2920019664
0.2927370821
0.2926080708
0.2936894873
0.2936894873
0.2936264870
0.2943565871
0.2943961331
0.2949618080
0.2949618080
0.2951387063
0.2956378187
0.2953232507
0.0582839776
0.0582839776
0.0584580930
0.0584850145
0.0585433440
0.0584166512
0.0584166512
0.0584370599
0.0584919878
0.0584449750
0.0585310190
0.0585310190
0.0584735561
0.0585332989
0.0584859456
0.0585366843
0.0585366843
0.0584595425
0.0585176265
0.0585350286
0.0585410394
0.0585410394
0.0585087084
0.0585583857
0.0584568807
0.0583871339
0.0583871339
0.0582732089
0.0582783899
0.0581510195
0.0581138509
0.0581138509
0.0579256269
0.0578844023
0.0577458306
0.0576531635
0.0576531635
0.0575440993
0.0574449892
0.0573825318
0.0572596293
0.0572596293
0.0571809231
0.0571121299
0.0571213395
0.0571144660
0.0571144660
0.0570826646
0.0571004322
0.0571098632
0.0423763773
0.0423763773
0.0434232368
0.0418049648
0.0424910563
0.0431363357
0.0431363357
0.0485264245
0.0468835524
0.0441075975
0.0388722744
0.0388722744
0.0377956409
0.0371170816
0.0379483837
0.0380167238
0.0380167238
0.0383358022
0.0407167966
0.0428071065
0.0412447895
0.0412447895
0.0405021942
0.0415101492
0.0435250019
0.0487709476
0.0487709476
0.0511034552
0.0537528223
0.0536578429
0.0516859402
0.0516859402
0.0488787980
0.0477445312
0.0473574982
0.2266072528
0.2266072528
0.2275309907
0.2282428251
0.2282197793
0.2275307253
0.2275307253
0.2239527609
0.2219395404
0.2248996873
0.2249079711
0.2249079711
0.2247996274
0.2233973195
0.2240331364
0.2235917856
0.2235917856
0.2233535541
0.2216652097
0.2202991422
0.2187496540
0.2187496540
0.2176303529
0.2163452277
0.2164500719
0.2151281979
0.2151281979
0.2140631457
0.2123995386
0.2123396297
0.2123396297
0.2114024332
0.2108847979
0.2099951872
0.2086894232
0.2086894232
0.2074085680
0.2063057155
0.2052103660
0.2049747996
0.2049747996
0.2047598405
0.2038396446
0.2026571975
0.2019994857
0.2019994857
0.2014296326
0.2008080711
0.2008350120
0.2012631874
0.2012631874
0.2010092848
0.2000758705
0.1931849008
0.2025308771
0.2025308771
0.2039392766
0.1989127181
0.3164314951
0.3384425608
0.3384425608
0.3163643346
0.3073395107
0.2988966601
0.2950718947
0.2950718947
0.2913130121
0.2903448283
0.2897226455
0.2915732751
0.2915732751
0.2955113194
0.3000385978
0.3144418399
0.3272231193
0.3272231193
0.3247789094
0.3202049585
0.3182259126
0.1501622302
0.1501622302
0.1499199566
0.1495413890
0.1503879689
0.1506880039
0.1506880039
0.1510859539
0.1516445424
0.1518490690
0.1531263514
0.1531263514
0.1535349385
0.1542560900
0.1551552831
0.1561083555
0.1561083555
0.1559679354
0.1553190007
0.1434870183
0.1440021916
0.1440021916
0.1442795696
0.1441751405
0.1444022080
0.1441746164
0.1441746164
0.1442776540
0.1442149358
0.1445088015
0.1446653747
0.1446653747
0.1446403406
0.1446331844
0.1448903152
0.1446186980
0.1446186980
0.1445874793
0.1444269106
0.1444677560
0.1446339836
0.1446339836
0.1444493658
0.1446662117
0.1444179410
0.1444096604
0.1444096604
0.1444345088
0.2140133268
0.2139963303
0.2143604164
0.2143604164
0.2140330321
0.2140804902
0.2136136574
0.2139164039
0.2139164039
0.2137438401
0.2139942725
0.2136538699
0.2136627531
0.2136627531
0.2138583915
0.2136490080
0.2139246888
0.2144661856
0.2144661856
0.2140525390
0.2138463950
0.2137077488
0.2137123100
0.2137123100
0.2133290897
0.2134131494
0.2129836988
0.2131140415
0.2131140415
0.2128455122
0.2130253703
0.2138234102
0.2133936164
0.2133936164
0.2129390511
0.2127257101
0.2127724959
0.2135186871
0.2135186871
0.2148852607
0.2150500852
0.2151065510
0.2144829884
0.2144829884
0.2144825597
0.2148053413
0.2160711297
0.2152999003
0.2152999003
0.2157785900
0.2148784325
0.2148914330
0.2149006276
0.2149006276
0.2151150870
0.2157220280
0.2152835574
0.2152271826
0.2152271826
0.2013682973
0.2012226345
0.2007558222
0.2013165218
0.2013165218
0.2017673373
0.2019943049
0.2021296511
0.2019566310
0.2019566310
0.2018662597
0.2017288803
0.2017641274
0.2014833110
0.2014833110
0.3554004886
0.3558674459
0.3567117390
0.3564574270
0.3564574270
0.3570997965
0.3579194185
0.3573772725
0.3572236348
0.3572236348
0.3573832627
0.3567762711
0.3571387096
0.3563773513
0.3563773513
0.3570489511
0.3571103020
0.3572153689
0.3568444433
0.3568444433
0.3578215407
0.3578511438
0.3589628198
0.3589608148
0.3589608148
0.3599660404
0.3611079407
0.3611149896
0.3622300314
0.3622300314
0.3638137797
0.3638453685
0.3647794427
0.3664729139
0.3664729139
0.3665874712
0.3673397470
0.3682520426
0.3677646389
0.3677646389
0.3688166968
0.3692916248
0.3700789888
0.3697170841
0.3697170841
0.3698699642
0.3702662351
0.3700094876
0.3710417332
0.3710417332
0.3706554193
0.3714749166
0.3709963964
0.3714417176
0.3714417176
0.1906802269
0.1921501715
0.1916042872
0.1861545965
0.1861545965
0.1856336816
0.1824107611
0.1822788962
0.1828740059
0.1828740059
0.1828726405
0.1816853177
0.1832744124
0.1848521209
0.1848521209
0.1849557981
0.1842490758
0.1868970678
0.1855902683
0.1855902683
0.1861264952
0.1850483067
0.1812618659
0.1812618659
0.1770905855
0.1781822840
0.1772430802
0.1765710164
0.1765710164
0.1763625857
0.1743097538
0.1727751956
0.1726598420
0.1726598420
0.1719406147
0.1701596250
0.1701411271
0.1704153606
0.1704153606
0.1691197812
0.1703320171
0.1709729125
0.1704274987
0.1704274987
0.1703594048
0.1705600391
0.1703708050
0.1709982680
0.1709982680
0.1706467766
0.1687176719
0.1742911175
0.1768568876
0.1768568876
0.1719987274
0.1826613384
0.1616187579
0.1683598373
0.1683598373
0.1990993955
0.2156337408
0.2272248146
0.2313080176
0.2313080176
0.2216612648
0.2271879789
0.2307689965
0.2207112530
0.2207112530
0.2215577775
0.2202114153
0.1958596134
0.1897493862
0.1897493862
0.2144787281
0.2238247477
0.2229928001
0.2410016292
0.2410016292
0.2530618422
0.2601307286
0.2601406352
0.2567810282
0.2567810282
0.2072056893
0.2293549112
0.2239486362
0.2059017638
0.2059017638
0.2119869629
0.2148256276
0.2070866790
0.1980023647
0.1980023647
0.1880945358
0.3240119239
0.3243466828
0.3242006516
0.3242006516
0.3239969268
0.3236028548
0.3239828394
0.3234840154
0.3234840154
0.3236215676
0.3228737660
0.3227526198
0.3230711410
0.3230711410
0.3222704778
0.3221620951
0.3223985126
0.3218325719
0.3218325719
0.3218097189
0.3219513026
0.3215054181
0.3215690269
0.3215690269
0.3218374149
0.3212401215
0.2195366107
0.2170410276
0.2170410276
0.2153876647
0.2148392491
0.2135473287
0.2131877950
0.2131877950
0.2123740505
0.2124588554
0.2130918489
0.2122059842
0.2122059842
0.2106059078
0.2113810899
0.2104038143
0.2079506286
0.2079506286
0.2087801924
0.2075684392
0.2065027928
0.2071426649
0.2071426649
0.2060424213
0.2054594772
0.2049025248
0.2041242244
0.2041242244
0.2032648138
0.2046858140
0.2039332693
0.2015237132
0.2015237132
0.2010830470
0.2021420537
0.1999978967
0.1998515097
0.1998515097
0.1994954616
0.1985447178
0.1980285284
0.1985711622
0.1985711622
0.1988837519
0.1988787982
0.1971200525
0.1983864377
0.1983864377
0.1980233321
0.1980506417
0.1993988370
0.1991517762
0.1991517762
0.1983857259
0.1758327403
0.1754362614
0.1737987475
0.1737987475
0.1731114554
0.1737588949
0.1727631460
0.1702361315
0.1702361315
0.1657913437
0.1659349406
0.1670021486
0.1738359772
0.1738359772
0.1743835298
0.1728713414
0.1742164667
0.1758334810
0.1758334810
0.1683628141
0.1835010009
0.1903006901
0.1874013417
0.1874013417
0.1924005016
0.2063758640
0.2168096048
0.2217977383
0.2217977383
0.2200993679
0.1845071656
0.2022133699
0.2066929857
0.2066929857
0.2004445876
0.1956747751
0.2016613912
0.1957768712
0.1957768712
0.1885661698
0.1810692284
0.1689197640
0.1669540152
0.1669540152
0.1779686572
0.1800632059
0.1812497599
0.3215014893
0.3215014893
0.3220184637
0.3225793788
0.3223546456
0.3230730051
0.3230730051
0.3226320848
0.3230737252
0.3225492048
0.3226218810
0.3226218810
0.3233974829
0.3229931371
0.3235191273
0.3230466268
0.3230466268
0.3232082880
0.3236948805
0.3233820594
0.3239662780
0.3239662780
0.3243729982
0.3243729982
