0.2392375485
0.2392375485
0.2392375485
0.2392375485
0.2392375485
0.2392375485
0.2392375485
0.2392375485
0.2392375485
0.2392375485
0.2392375485
0.2392375485
0.2392375485
0.2392375485
0.2392375485
0.2392375485
0.2392375485
0.2392375485
0.2392375485
0.2392375485
0.2392375485
0.2392375485
0.2392375485
0.2392375485
0.2392375485
0.2392375485
0.2392375485
0.2392375485
0.2392375485
0.2392375485
0.2392375485
0.2392375485
0.2392375485
0.2392375485
0.2392375485
0.2392375485
0.2392375485
0.2392375485
0.2392375485
0.2392375485
0.2392375485
0.2392375485
0.2392979548
0.2392851165
0.2392893110
0.2392755164
0.2392755164
0.2393689692
0.2393477916
0.2393682528
0.2392778117
0.2392778117
0.2393177801
0.2392531876
0.2391494735
0.2391273365
0.2391273365
0.2392335347
0.2392268408
0.2393315431
0.2393389219
0.2393389219
0.2396539706
0.2396488720
0.2394421832
0.2394010430
0.2394010430
0.2390439743
0.2390392225
0.2387376049
0.2387333631
0.2387333631
0.2381786300
0.2381650975
0.2372726989
0.2372964812
0.2372964812
0.2372515354
0.2373107780
0.2361533959
0.2362090898
0.2362090898
0.2350681309
0.2350820864
0.2354642533
0.2355032804
0.2355032804
0.2365109277
0.2365173110
0.2383158626
0.2383350735
0.2383350735
0.2394422094
0.2394499583
0.2400405993
0.2400288203
0.2400288203
0.2407499962
0.2407562809
0.2412811680
0.2413402265
0.2413402265
0.2415797838
0.2416124523
0.2420192380
0.2420427392
0.2420427392
0.2417981337
0.2418003896
0.2412420325
0.2412651717
0.2412651717
0.2410497822
0.2410687692
0.2411373330
0.2411302811
0.2411302811
0.2410157925
0.2410258192
0.2411278174
0.2410726565
0.2410726565
0.2407400334
0.2407052802
0.2409281788
0.2408690091
0.2408690091
0.2408656963
0.2407711962
0.2411691382
0.2411659382
0.2411659382
0.2419945936
0.2419861797
0.2419310528
0.2419067568
0.2419067568
0.2416696053
0.2416742191
0.2417313809
0.2417481615
0.2417481615
0.2418075674
0.2417940452
0.2418336578
0.2418252831
0.2418252831
0.2418422311
0.2418814195
0.2415207276
0.2415171347
0.2415171347
0.2416604389
0.2417251433
0.2414758565
0.2414858406
0.2414858406
0.2412311327
0.2412551383
0.2412294424
0.2413016530
0.2413016530
0.2413574885
0.2413554576
0.2411619370
0.2411756707
0.2411756707
0.2412508877
0.2412596369
0.2413442192
0.2824645359
0.2824645359
0.2824634294
0.2828039536
0.2827852727
0.2832056275
0.2832056275
0.2831996137
0.2834940144
0.2835089197
0.2841038928
0.2841038928
0.2841116754
0.2843495011
0.2843386006
0.2843127221
0.2843127221
0.2843095273
0.2842446361
0.2842522966
0.2840492420
0.2840492420
0.2840465472
0.2838414404
0.2838369311
0.2801985983
0.2801985983
0.2801996211
0.2783131399
0.2783225598
0.2777526188
0.2777526188
0.2777449134
0.2775037527
0.2774996579
0.2770042855
0.2770042855
0.2770185175
0.2764208224
0.2764293781
0.2760606818
0.2760606818
0.2760704415
0.2760259377
0.2760234649
0.2759723447
0.2759723447
0.2759774263
0.2792688634
0.2792637443
0.2802220645
0.2802220645
0.2802218782
0.2841923484
0.2841935780
0.2814585153
0.2814585153
0.2814604499
0.2810571129
0.2810548511
0.2705347807
0.2705347807
0.2705448983
0.2705685991
0.2705878357
0.2702014609
0.2702014609
0.2701997405
0.2704135359
0.2704140157
0.2699490749
0.2699490749
0.2699494171
0.2701498329
0.2701480103
0.2704255867
0.2704255867
0.2704249523
0.2694585963
0.2694654900
0.2695896868
0.2695896868
0.2695894468
0.2695994155
0.2695951751
0.2695835329
0.2695835329
0.2696793785
0.2696653909
0.2696665790
0.2696406136
0.2696406136
0.2695711413
0.2695465757
0.2695467058
0.2695459888
0.2695459888
0.2700743078
0.2700696623
0.2700727938
0.2700559435
0.2700559435
0.2700001934
0.2699924990
0.2699912014
0.2699747993
0.2699747993
0.2699756965
0.2699743960
0.2699749667
0.2699735729
0.2699735729
0.2698828924
0.2698787639
0.2698788107
0.2697766153
0.2697766153
0.2697779926
0.2697729103
0.2697735553
0.2697711665
0.2697711665
0.2697720707
0.2697707977
0.2697721191
0.2697713823
0.2697713823
0.2697700655
0.2699958370
0.2700007315
0.2699967729
0.2699967729
0.2698977571
0.2697517012
0.2697115109
0.2697081560
0.2697081560
0.2697090072
0.2697086688
0.2697095201
0.2697038217
0.2697038217
0.2697067971
0.2697083245
0.2697084208
0.2697072748
0.2697072748
0.2697081284
0.2697080177
0.2697106921
0.2697076534
0.2697076534
0.2697092464
0.2697070773
0.2697129299
0.2697057247
0.2697057247
0.2697116437
0.2697049877
0.2697124449
0.2697054153
0.2697054153
0.2697113276
0.2697063835
0.2697146217
0.2697067589
0.2697067589
0.2697124401
0.2697058109
0.2697071708
0.2697057437
0.2697057437
0.2697062286
0.2697059676
0.2695814660
0.2689179160
0.2689179160
0.2681951515
0.2674987982
0.2663875260
0.2649445824
0.2649445824
0.2634888242
0.2618447780
0.2598304089
0.2574834791
0.2574834791
0.2551662550
0.2529415449
0.2488260823
0.2465228459
0.2465228459
0.2443769825
0.2451939040
0.2428739019
0.2407250742
0.2407250742
0.2370678444
0.2346460867
0.2325446123
0.2293930301
0.2293930301
0.2275291624
0.2256764309
0.2216911472
0.2198793680
0.2198793680
0.2183586903
0.2151518235
0.2137893987
0.2130191771
0.2130191771
0.2146306237
0.2143461543
0.2144361898
0.2146164282
0.2146164282
0.2146568448
0.2144957435
0.2172209774
0.2176824484
0.2176824484
0.2183024887
0.2191912489
0.2194987946
0.2201376715
0.2201376715
0.2203023899
0.2206728970
0.2210419182
0.2236166686
0.2236166686
0.2234812114
0.2241863957
0.2244391675
0.2246751532
0.2246751532
0.2249590268
0.2250340736
0.2250497979
0.2250605172
0.2250605172
0.2250650646
0.2250683541
0.2250982061
0.2250990063
0.2250990063
0.2252169681
0.2252311688
0.2253212434
0.2253136257
0.2253136257
0.2253700395
0.2253859552
0.2254063993
0.2253608182
0.2253608182
0.2253796097
0.2253815311
0.2253835028
0.2253974563
0.2253974563
0.2254116626
0.2254368250
0.2254593982
0.2254958275
0.2254958275
0.2255624861
0.2256236496
0.2257852571
0.2259673971
0.2259673971
0.2261154996
0.2260871917
0.2264174211
0.2265723953
0.2265723953
0.2276283439
0.2277425684
0.2272538195
0.2273305164
0.2273305164
0.2273537398
0.2274025156
0.2278578419
0.2278941001
0.2278941001
0.2280470982
0.2281577317
0.2281505933
0.2281705034
0.2281705034
0.2281761463
0.2281815909
0.2281755197
0.2281702323
0.2281702323
0.2281799141
0.2281906902
0.2281962761
0.2281836207
0.2281836207
0.2281877215
0.2282137777
0.2282150325
0.2282195512
0.2282195512
0.2282220819
0.2282212242
0.2282238151
0.2282270319
0.2282270319
0.2282295645
0.2395288343
0.2395391785
0.2395094247
0.2395094247
0.2395173847
0.2395064873
0.2394978967
0.2395009616
0.2395009616
0.2395065402
0.2395062776
0.2395044390
0.2395001886
0.2395001886
0.2395002696
0.2395076816
0.2395077130
0.2395113180
0.2395113180
0.2395093013
0.2395146609
0.2395160764
0.2395149668
0.2395149668
0.2395154227
0.2395155437
0.2395101034
0.2393543864
0.2393543864
0.2393545074
0.2393980655
0.2393983546
0.2393863406
0.2393863406
0.2393864105
0.2393872759
0.2393859999
0.2397909586
0.2397909586
0.2397872146
0.2397947961
0.2398023521
0.2397736130
0.2397736130
0.2397735519
0.2399334298
0.2399336273
0.2399934193
0.2399934193
0.2399944069
0.2399275807
0.2399284745
0.2397549782
0.2397549782
0.2397552875
0.2397963601
0.2397976183
0.2397965258
0.2397965258
0.2397982194
0.2397975686
0.2397979059
0.2397974701
0.2397974701
0.2397975828
0.2398003416
0.2397999949
0.2397728300
0.2397728300
0.2397728244
0.2399420904
0.2399422274
0.2400021097
0.2400021097
0.2400022504
0.2399342942
0.2399409534
0.2397504845
0.2397504845
0.2397505752
0.2397985451
0.2397986359
0.2397984168
0.2397984168
0.2398017961
0.2398002336
0.2376909921
0.2376728743
0.2376728743
0.2376698368
0.2376796038
0.2376831427
0.2376868559
0.2376868559
0.2376897627
0.2376985731
0.2376929327
0.2377156257
0.2377156257
0.2377178704
0.2377293591
0.2377309225
0.2377586741
0.2377586741
0.2377635395
0.2377708882
0.2377692594
0.2377795299
0.2377795299
0.2377844088
0.2377203725
0.2377230485
0.2376696071
0.2376696071
0.2376724155
0.2375095330
0.2375119684
0.2375109958
0.2375109958
0.2374938526
0.2374915795
0.2375133404
0.2375070758
0.2375070758
0.2374978505
0.2374974900
0.2374953171
0.2374996796
0.2374996796
0.2375115958
0.2375110420
0.2375394589
0.2375410876
0.2375410876
0.2375542579
0.2375543517
0.2375633155
0.2375645084
0.2375645084
0.2375703147
0.2375659971
0.2375554932
0.2375538345
0.2375538345
0.2375409593
0.2375408344
0.2375313432
0.2375217539
0.2375217539
0.2375255221
0.2375268390
0.2375331140
0.2375420232
0.2375420232
0.2375465894
0.2375570594
0.2375565667
0.2375775677
0.2375775677
0.2375867294
0.2375832876
0.2375834592
0.2375889819
0.2375889819
0.2375872658
0.2378502841
0.2378487961
0.2378655304
0.2378655304
0.2378666131
0.2380931728
0.2380929887
0.2382009815
0.2382009815
0.2382026517
0.2381954755
0.2382032470
0.2382134685
0.2382134685
0.2382289871
0.2382264376
0.2382403653
0.2382273579
0.2382273579
0.2382421337
0.2382387262
0.2382477180
0.2382401503
0.2382401503
0.2382284082
0.2401588851
0.2401585604
0.2401545807
0.2401545807
0.2401740729
0.2401688595
0.2401751534
0.2405841532
0.2405841532
0.2405854107
0.2405907018
0.2405912931
0.2405900911
0.2405900911
0.2409505139
0.2409443061
0.2420770847
0.2421666906
0.2421666906
0.2434583426
0.2434589431
0.2459857160
0.2460027672
0.2460027672
0.2467131153
0.2467061255
0.2485835245
0.2486020534
0.2486020534
0.2498185890
0.2498215448
0.2502290213
0.2502403740
0.2502403740
0.2520227266
0.2520366106
0.2529929067
0.2530163629
0.2530163629
0.2543044393
0.2543086517
0.2550530422
0.2550669200
0.2550669200
0.2551082057
0.2551188350
0.2545367931
0.2545407259
0.2545407259
0.2535374765
0.2535309787
0.2535411076
0.2531918022
0.2531918022
0.2532918481
0.2526183470
0.2524419448
0.2523980641
0.2523980641
0.2530095972
0.2530072544
0.2533143941
0.2524997003
0.2524997003
0.2509457471
0.2509561083
0.2494204167
0.2494253299
0.2494253299
0.2472034031
0.2472040952
0.2455295403
0.2455216782
0.2455216782
0.2431754743
0.2431711479
0.2416628234
0.2416823802
0.2416823802
0.2407948618
0.2407977422
0.2403173859
0.2403043713
0.2403043713
0.2399747529
0.2399781341
0.2396438944
0.2396400287
0.2396400287
0.2395218082
0.2395172207
0.2394768052
0.2394743436
0.2394743436
0.2394592687
0.2394500687
0.2394503905
0.2394485961
0.2394485961
0.2395257654
0.2395572303
0.2395630285
0.2399541922
0.2399541922
0.2399551910
0.2399622732
0.2399652880
0.2413181940
0.2413181940
0.2413256017
0.2413274000
0.2413266657
0.2403559315
0.2403559315
0.2403569356
0.2403584098
0.2403599242
0.2403456450
0.2403456450
0.2403461340
0.2301596158
0.2301728666
0.2301799966
0.2301799966
0.2301854338
0.2301998344
0.2301986202
0.2302030946
0.2302030946
0.2302013665
0.2302051133
0.2302281088
0.2302525750
0.2302525750
0.2302531674
0.2302931076
0.2302957515
0.2303299541
0.2303299541
0.2303297158
0.2303352125
0.2303370315
0.2303323897
0.2303323897
0.2303320762
0.2303341575
0.2303352078
0.2303481808
0.2303481808
0.2303478798
0.2303431799
0.2303424563
0.2303431261
0.2303431261
0.2303443637
0.2303452328
0.2303470060
0.2303432591
0.2303432591
0.2303382155
0.2303455443
0.2303466018
0.2303464799
0.2303464799
0.2303438211
0.2303432337
0.2303517109
0.2305864574
0.2305864574
0.2305887591
0.2305895786
0.2305902307
0.2305904724
0.2305904724
0.2305882263
0.2305932550
0.2305929603
0.2305945987
0.2305945987
0.2305945993
0.2305918517
0.2305918517
0.2305933834
0.2305933834
0.2305916900
0.2305922554
0.2305937817
0.2305940970
0.2305940970
0.2305930467
0.2305930121
0.2305955132
0.2304397294
0.2304397294
0.2304397294
0.2300288008
0.2300277506
0.2294534896
0.2294534896
0.2294523411
0.2285825224
0.2285826124
0.2276927906
0.2276927906
0.2276931711
0.2270369394
0.2270373810
0.2265230056
0.2265230056
0.2265229303
0.2263189201
0.2263159201
0.2263158955
0.2263158955
0.2263172413
0.2263163598
0.2263162194
0.2263143806
0.2263143806
0.2263144488
0.2262410309
0.2262416129
0.2261499551
0.2261499551
0.2261515832
0.2260664126
0.2260515901
0.2258820855
0.2258820855
0.2258915533
0.2258988663
0.2258997399
0.2258977334
0.2258977334
0.2258993507
0.2258995706
0.2258980403
0.2258989624
0.2258989624
0.2355415486
0.2355685141
0.2357672796
0.2356929478
0.2356929478
0.2371065413
0.2370991012
0.2387471395
0.2387647342
0.2387647342
0.2382972432
0.2383070579
0.2382322018
0.2382427765
0.2382427765
0.2381792903
0.2381795193
0.2380951635
0.2380918858
0.2380918858
0.2380318770
0.2380390852
0.2381682974
0.2381769765
0.2381769765
0.2381417556
0.2369625171
0.2370571477
0.2366398690
0.2366398690
0.2368877477
0.2367094675
0.2369232726
0.2370045531
0.2370045531
0.2380156345
0.2380593524
0.2381736693
0.2381433617
0.2381433617
0.2382563387
0.2382216601
0.2362547972
0.2362217410
0.2362217410
0.2351894347
0.2351652731
0.2343640867
0.2342857958
0.2342857958
0.2340412918
0.2340317227
0.2339283991
0.2339275555
0.2339275555
0.2339105061
0.2339141914
0.2339125560
0.2339319421
0.2339319421
0.2346809349
0.2346722328
0.2394053203
0.2394774430
0.2394774430
0.2353622948
0.2353612953
0.2381880560
0.2382425424
0.2382425424
0.2382971130
0.2383221366
0.2385213614
0.2385630871
0.2385630871
0.2385906198
0.2386157342
0.2386634866
0.2387178504
0.2387178504
0.2387203307
0.2388251625
0.2388977408
0.2390035713
0.2390035713
0.2390265087
0.2390462363
0.2377660319
0.2380676819
0.2380676819
0.2367147410
0.2368425619
0.2376251680
0.2377658038
0.2377658038
0.2381458410
0.2386984429
0.2393266220
0.2397942044
0.2397942044
0.2400235276
0.2404573147
0.2414128424
0.2421914214
0.2421914214
0.2429038943
0.2438600620
0.2449655722
0.2463503587
0.2463503587
0.2476693342
0.2490194669
0.2507383601
0.2521452616
0.2521452616
0.2536043722
0.2548082968
0.2572493462
0.2593674196
0.2593674196
0.2617643374
0.2639251652
0.2663132508
0.2689494156
0.2689494156
0.2716634395
0.2744889801
0.2759715088
0.2786504689
0.2786504689
0.2798986996
0.2829037835
0.2860712406
0.2889996640
0.2889996640
0.2923583265
0.2955523500
0.2984708427
0.3014828362
0.3014828362
0.3045801664
0.3076157162
0.3104692663
0.3131575509
0.3131575509
0.3164403917
0.3194867023
0.3221824424
0.3250785827
0.3250785827
0.3275468691
0.2552372181
0.2578530489
0.2606887795
0.2606887795
0.2639272838
0.2667404544
0.2700710584
0.2734774730
0.2734774730
0.2764950000
0.2794459128
0.2827801829
0.2865636912
0.2865636912
0.2894174677
0.2928026290
0.2966237300
0.3006996740
0.3006996740
0.3045823489
0.3081734124
0.3125389667
0.3166519156
0.3166519156
0.3199815783
0.3215264325
0.3227798468
0.3241457042
0.3241457042
0.3251151549
0.3266272725
0.3276901095
0.3293882019
0.3293882019
0.3304099919
0.3315507381
0.3327791959
0.3315568754
0.3315568754
0.3323587594
0.3319877345
0.3327977419
0.3398168199
0.3398168199
0.3404841580
0.3490505895
0.3500854154
0.3534347533
0.3534347533
0.3539726371
0.3550521393
0.3557714744
0.3563892025
0.3563892025
0.3567840938
0.3565784214
0.3581816030
0.3596822136
0.3596822136
0.3597289183
0.3605732959
0.3612818887
0.3625113731
0.3625113731
0.3627649879
0.3636407229
0.3649244797
0.3656720202
0.3656720202
0.3660367371
0.3672710924
0.3688290358
0.3695520010
0.3695520010
0.3700337528
0.3714123730
0.3716945127
0.3720427626
0.3720427626
0.3720483717
0.3720976652
0.3721087299
0.3722131542
0.3722131542
0.4477527038
0.4477500329
0.4478004794
0.4477739792
0.4477739792
0.4477020076
0.4480073064
0.4480711864
0.4482525865
0.4482525865
0.4482200111
0.4482581987
0.4482746698
0.4489688244
0.4489688244
0.4491264518
0.4491312602
0.4495403385
0.4495465506
0.4495465506
0.4495378055
0.4495531365
0.4491741512
0.4492446578
0.4492446578
0.4490242153
0.4490778022
0.4487534433
0.4487840228
0.4487840228
0.4483048136
0.4483179502
0.4477736842
0.4479447609
0.4479447609
0.4469291789
0.4469311448
0.4461645826
0.4466900879
0.4466900879
0.4458815337
0.4454341348
0.4450685465
0.4451669605
0.4451669605
0.4448110298
0.4447922516
0.4447678088
0.4448427567
0.4448427567
0.4436587083
0.4438171547
0.4441267490
0.4442297573
0.4442297573
0.4443661079
0.4443896625
0.4453452978
0.4454040657
0.4454040657
0.4463184444
0.4463313297
0.4464361030
0.4464121950
0.4464121950
0.4464954960
0.4464867617
0.4464106296
0.4463172808
0.4463172808
0.4462795950
0.4462616410
0.4462416714
0.4461750227
0.4461750227
0.4461578903
0.4461332037
0.4461089160
0.4460918358
0.4460918358
0.4460723402
0.4460528552
0.4460191423
0.4460180384
0.4460180384
0.4459889067
0.4458326622
0.4454082092
0.4452231751
0.4452231751
0.4446973883
0.4443063540
0.4442938645
0.4444799277
0.4444799277
0.4447744985
0.4448948345
0.4454654143
0.4455927373
0.4455927373
0.4455513499
0.4456937139
0.4457468694
0.4457222238
0.4457222238
0.4456694814
0.4456183588
0.4456712758
0.4455939253
0.4455939253
0.4455290494
0.4454952498
0.4454339220
0.4452246137
0.4452246137
0.4451719917
0.4451416334
0.4450797640
0.4450482088
0.4450482088
0.4450125727
0.4449948790
0.4449912157
0.4449486038
0.4449486038
0.4449584000
0.4449707199
0.4449987859
0.4450518738
0.4450518738
0.4450835276
0.4451333555
0.4451856736
0.4452286100
0.4452286100
0.4452673295
0.4453136226
0.4470062332
0.4468949567
0.4468949567
0.4468934319
0.4468837468
0.4469014895
0.4469128724
0.4469128724
0.4469134882
0.4469086846
0.4469077259
0.4469230719
0.4469230719
0.4469170955
0.4469157535
0.4469142649
0.4469244669
0.4469244669
0.4499365493
0.4499202226
0.4501049002
0.4500977895
0.4500977895
0.4504291194
0.4504240819
0.4504257033
0.4504423613
0.4504423613
0.4504572642
0.4504592225
0.4470265375
0.4468666533
0.4468666533
0.4468736954
0.4468723460
0.4468701228
0.4467852468
0.4467852468
0.4467886131
0.4467919246
0.4467951087
0.4467971270
0.4467971270
0.4467953149
0.4467965671
0.4468017872
0.4468051956
0.4468051956
0.4468057131
0.4468061610
0.4468037304
0.4468080807
0.4468080807
0.4468064425
0.4468058936
0.4468041416
0.4468228425
0.4468228425
0.4468256471
0.4468231495
0.4468508342
0.4468682960
0.4468682960
0.4468683933
0.4468731880
0.4468747019
0.4468721733
0.4468721733
0.4634900703
0.4634852979
0.4634930680
0.4634791513
0.4634791513
0.4634832626
0.4634297028
0.4634345734
0.4634460249
0.4634460249
0.4634480800
0.4634481146
0.4634522815
0.4634569586
0.4634569586
0.4634559789
0.4649800304
0.4649858965
0.4649843357
0.4649843357
0.4655750752
0.4661012860
0.4661092565
0.4664184798
0.4664184798
0.4664189599
0.4664195549
0.4652168567
0.4650860995
0.4650860995
0.4650914420
0.4650819784
0.4650854603
0.4650844561
0.4650844561
0.4650871138
0.4650877527
0.4650902422
0.4650895698
0.4650895698
0.4650908890
0.4650920974
0.4650966737
0.4650932773
0.4650932773
0.4650984570
0.4651067817
0.4651120859
0.4651271383
0.4651271383
0.4651300974
0.4650982367
0.4650987562
0.4651102683
0.4651102683
0.4651097051
0.4651529183
0.4651480913
0.4651656284
0.4651656284
0.5350767278
0.5349065030
0.5346546653
0.5344345365
0.5344345365
0.5341571070
0.5338902564
0.5336394865
0.5333393605
0.5333393605
0.5330771331
0.5328147641
0.5325595416
0.5322885675
0.5322885675
0.5320672050
0.5318341458
0.5316245219
0.5314022987
0.5314022987
0.5311928686
0.5309616287
0.5307281469
0.5305210809
0.5305210809
0.5303036803
0.5300953802
0.5298616977
0.5296698699
0.5296698699
0.5294630222
0.5292743373
0.5290947665
0.5289237918
0.5289237918
0.5287691055
0.5286110971
0.5284707084
0.5283486295
0.5283486295
0.5282249461
0.5280929657
0.5280100808
0.5279142864
0.5279142864
0.5278627129
0.5278419250
0.5278244914
0.5278154486
0.5278154486
0.5278255992
0.5278487765
0.5278784699
0.5279028362
0.5279028362
0.5279183289
0.5279650336
0.5280142943
0.5280278910
0.5280278910
0.5274653252
0.5255144819
0.5251496709
0.5228228761
0.5228228761
0.5218006131
0.5211471476
0.5190822084
0.5176890890
0.5176890890
0.5163640738
0.5137235078
0.5124337425
0.5092154768
0.5092154768
0.5077775802
0.5056921836
0.5034790562
0.5001383338
0.5001383338
0.4981845769
0.4962224597
0.4936879719
0.4906920277
0.4906920277
0.4884073167
0.4875755334
0.4869373006
0.4857751474
0.4857751474
0.4844669207
0.4834228303
0.4795360748
0.4786156350
0.4786156350
0.4776898651
0.4764832089
0.4757399305
0.4726609382
0.4726609382
0.4711097180
0.4699997916
0.4686223645
0.4669007805
0.4669007805
0.4656942792
0.4632955051
0.4616717613
0.4580391647
0.4580391647
0.4564147911
0.4549958516
0.4526361945
0.4526055493
0.4526055493
0.4526918763
0.4526563643
0.4525523197
0.4523492603
0.4523492603
0.4506645878
0.4504095465
0.4500344623
0.4492993945
0.4492993945
0.4495568981
0.4495924877
0.4494021257
0.4486442254
0.4486442254
0.4486317112
0.4485771332
0.4485803397
0.4485767030
0.4485767030
0.4485768415
0.4485795916
0.4485685807
0.4485743171
0.4485743171
0.4485733164
0.4485661340
0.4485659837
0.4485700453
0.4485700453
0.4485693666
0.4485659249
0.4485646592
0.4485705878
0.4485705878
0.4484760643
0.4484176046
0.4483976076
0.4483050470
0.4483050470
0.4482967992
0.4482130996
0.4482123855
0.4415657648
0.4415657648
0.4415269635
0.4422678860
0.4422715357
0.4420409422
0.4420409422
0.4420405700
0.4423736447
0.4423902560
0.4410869071
0.4410869071
0.4410893708
0.4421414291
0.4421486438
0.4434823415
0.4434823415
0.4434843510
0.4435944346
0.4436013814
0.4439189410
0.4439189410
0.4439210910
0.4438191726
0.4438266515
0.4433025584
0.4433025584
0.4433033102
0.4433022274
0.4433029691
0.4433177858
0.4433177858
0.4433173894
0.4433140987
0.4433168250
0.4433149845
0.4433149845
0.4437254633
0.4437282950
0.4440715436
0.4440689144
0.4440689144
0.4438882155
0.4438906713
0.4432588507
0.4432617244
0.4432617244
0.4428016209
0.4427732486
0.4424480049
0.4423973344
0.4423973344
0.4423985420
0.4426392096
0.4426387674
0.4426383930
0.4426383930
0.4428002946
0.4428045455
0.4428044167
0.4428074931
0.4428074931
0.4428083500
0.4428093764
0.4428104664
0.4428131988
0.4428131988
0.4428091169
0.4428101173
0.4428109465
0.4432990779
0.4432990779
0.4432984151
0.4433076523
0.4433071187
0.4433171559
0.4433171559
0.4433171016
0.4433180896
0.4433217406
0.4433243086
0.4433243086
0.4433243157
0.4433255552
0.4433263018
0.4433427616
0.4433427616
0.4433413065
0.4433417306
0.4433437391
0.4433439621
0.4433439621
0.4433628779
0.4606868342
0.4606858953
0.4606434034
0.4606434034
0.4606482471
0.4606603281
0.4606647946
0.4606428590
0.4606428590
0.4606409736
0.4606512842
0.4606514714
0.4606530982
0.4606530982
0.4606532591
0.4606631452
0.4625035607
0.4631933718
0.4631933718
0.4631881452
0.4645058917
0.4644776838
0.4618910175
0.4618910175
0.4606497816
0.4592171973
0.4592159085
0.4572102213
0.4572102213
0.4572028651
0.4572300695
0.4572328489
0.4572352171
0.4572352171
0.4572421881
0.4572454131
0.4572454531
0.4572406138
0.4572406138
0.4572430840
0.4572525413
0.4572526941
0.4572494177
0.4572494177
0.4572529389
0.4572567862
0.4572559026
0.4572308421
0.4572308421
0.4572218754
0.4562603290
0.4551325285
0.4529535925
0.4529535925
0.4507098545
0.4484832870
0.4467657413
0.4444733831
0.4444733831
0.4423518193
0.4399581765
0.4380252083
0.4359823345
0.4359823345
0.4339069514
0.4315821908
0.4293948151
0.4270139704
0.4270139704
0.4247492712
0.4230241438
0.4211058643
0.4189553013
0.4189553013
0.4165246192
0.4143662415
0.4123192580
0.4093493635
0.4093493635
0.4071340963
0.4045762471
0.3975531581
0.3944330939
0.3944330939
0.3926240750
0.3952130686
0.3933502687
0.3898796812
0.3898796812
0.3894039893
0.3871526081
0.3855048094
0.3834867443
0.3834867443
0.3810685558
0.3790867916
0.3762500080
0.3739880640
0.3739880640
0.3721321241
0.3701674221
0.3684463073
0.3664186982
0.3664186982
0.3642162807
0.3622065163
0.3603447016
0.3577094091
0.3577094091
0.3550323535
0.3523540809
0.3504128058
0.3483317209
0.3483317209
0.3460083060
0.3434271570
0.3430612915
0.3398664172
0.3398664172
0.3391072404
0.3364762524
0.3337097037
0.3305184579
0.3305184579
0.3278078713
0.3261826562
0.3218702466
0.3200760117
0.3200760117
0.3182417581
0.3163385049
0.3144250054
0.3122601010
0.3122601010
0.3102126492
0.3081787613
0.3057731881
