0.1096668927
0.1096668927
0.1096668927
0.1096668927
0.1096668927
0.1096668927
0.1096668927
0.1096668927
0.1096668927
0.1096668927
0.1096668927
0.1096668927
0.1096668927
0.1096668927
0.1096668927
0.1096668927
0.1096668927
0.1096668927
0.1096668927
0.1096668927
0.1096668927
0.1096668927
0.1096668927
0.1096668927
0.1096668927
0.1096668927
0.1096668927
0.1096668927
0.1096668927
0.1096668927
0.1096668927
0.1096668927
0.1096668927
0.1096668927
0.1096668927
0.1096668927
0.1096668927
0.1096668927
0.1096668927
0.1096668927
0.1096668927
0.1096668927
0.1096668927
0.1096668927
0.1096668927
0.1096668927
0.1096668927
0.1096668927
0.1096668927
0.1096668927
0.1096668927
0.1096668927
0.1096668927
0.1096668927
0.1096668927
0.1096668927
0.1096668927
0.1096668927
0.1096668927
0.1096668927
0.1096668927
0.1096668927
0.1096668927
0.1096668927
0.1096668927
0.1096668927
0.1096668927
0.1096668927
0.1096668927
0.1096668927
0.1096668927
0.1096668927
0.1096668927
0.1096668927
0.1096668927
0.1096668927
0.1096668927
0.1096668927
0.1096668927
0.1096668927
0.1096668927
0.1096668927
0.1096668927
0.1096668927
0.1096668927
0.1096668927
0.1096668927
0.1096668927
0.1096668927
0.1096668927
0.1096668927
0.1096668927
0.1096668927
0.1096668927
0.1096668927
0.1096668927
0.1096668927
0.1096668927
0.1096668927
0.1096668927
0.1096668927
0.1096668927
0.1096668927
0.1096668927
0.1096668927
0.1096668927
0.1096668927
0.1096668927
0.1096668927
0.1096668927
0.1096668927
0.1096668927
0.1096668927
0.1096668927
0.1096668927
0.1096668927
0.1096668927
0.1096668927
0.1096668927
0.1096668927
0.1096668927
0.1096668927
0.1096668927
0.1096668927
0.1096668927
0.1096668927
0.1096668927
0.1096668927
0.1096668927
0.1097884845
0.1098154052
0.1098154052
0.1094993034
0.1094308258
0.1097181087
0.1088301404
0.1088301404
0.1086452010
0.1077877853
0.1084217849
0.1098504591
0.1098504591
0.1102823497
0.1119213570
0.1123943551
0.1130552663
0.1130552663
0.1140538338
0.1145665208
0.1146445551
0.1153059583
0.1153059583
0.1147638155
0.1149048354
0.1152710452
0.1153204290
0.1153204290
0.1156635172
0.1168923620
0.1175259375
0.1194166794
0.1194166794
0.1205059884
0.1209011998
0.1212156932
0.1218997974
0.1218997974
0.1223961086
0.1214986192
0.1209207854
0.1206438801
0.1206438801
0.1202970935
0.1205603360
0.1200727649
0.1206149773
0.1206149773
0.1221750380
0.1228744134
0.1241211415
0.1260706376
0.1260706376
0.1255429315
0.1255030018
0.1249979010
0.1236422444
0.1236422444
0.1222921731
0.1210913049
0.1210824985
0.1213206854
0.1213206854
0.1212736988
0.1212751353
0.1221692271
0.1218757572
0.1218757572
0.1225735929
0.1229225821
0.1242258384
0.1259074197
0.1259074197
0.1260589011
0.1265321369
0.1274069913
0.1289406832
0.1289406832
0.1295727979
0.1305184637
0.1310941071
0.1336857017
0.1336857017
0.1346326448
0.1355021097
0.1356304541
0.1357890848
0.1357890848
0.1358556713
0.1363845557
0.1361933983
0.1363913220
0.1363913220
0.1365280971
0.1370743447
0.1370924089
0.1370097675
0.1370097675
0.1368251026
0.1356487767
0.1347492645
0.1339327174
0.1339327174
0.1326747868
0.1320458394
0.1311380683
0.1319998944
0.1319998944
0.1343033211
0.1359072064
0.1379418440
0.1421048511
0.1421048511
0.1435822259
0.1452461479
0.1455844105
0.1463107166
0.1463107166
0.1795265005
0.2014732264
0.2397761084
0.2397937211
0.2397937211
0.3010592695
0.4509313633
0.5850897325
0.5841447672
0.5841447672
0.5806831830
0.5727310392
0.5671141153
0.5523778880
0.5523778880
0.5528183165
0.5432512732
0.3906717121
0.4065732826
0.4065732826
0.4493189354
0.5542668262
0.5256867735
0.1286251603
0.1286251603
0.1311539321
0.1359671166
0.1395550038
0.1396918826
0.1396918826
0.1398104805
0.1407237582
0.1407458978
0.1413846699
0.1413846699
0.1394097560
0.1364891665
0.1379472026
0.1090976652
0.1090976652
0.1088611250
0.1053102426
0.1036597209
0.1029268203
0.1029268203
0.1031098047
0.4203556003
0.4353552053
0.4778477431
0.4778477431
0.6177885244
0.6759754966
0.6444173874
0.6303144477
0.6303144477
0.6204375090
0.3163143663
0.4216128648
0.6155034613
0.6155034613
0.1857389857
0.1494761969
0.1494696300
0.1363897996
0.1363897996
0.1314592552
0.1297554974
0.1332684210
0.1416188069
0.1416188069
0.1486419339
0.1459343925
0.1466788127
0.1466788127
0.1545759969
0.1993701265
0.4819753000
0.6829337326
0.6199032510
0.6199032510
0.7210929070
0.7122710591
0.5487839099
0.4560876103
0.4560876103
0.3698385784
0.2982923454
0.1821169763
0.1821169763
0.1555150929
0.1583997860
0.1583850223
0.1631074435
0.1631074435
0.1597579071
0.1644336356
0.1659569104
0.1642215271
0.1642215271
0.1605939979
0.1609770782
0.1612254191
0.1614123933
0.1614123933
0.1613239348
0.1625821800
0.7218600646
0.6804004340
0.6804004340
0.3023004620
0.1999943857
0.1466032975
0.1421507591
0.1421507591
0.1403518743
0.1397864957
0.1495397427
0.1514807252
0.1514807252
0.1545363725
0.1569878470
0.1570434020
0.1591621331
0.1591621331
0.1596835891
0.1595880976
0.1604337812
0.1605703096
0.1605703096
0.1612814690
0.1621557971
0.1617713130
0.1620468254
0.1620468254
0.1624428752
0.1622825971
0.1765422553
0.2424502891
0.2424502891
0.3395271452
0.5943265791
0.6535877568
0.0918139599
0.0918139599
0.1007372067
0.1110562787
0.1236090325
0.2223565084
0.2223565084
0.2168194124
0.2168197347
0.2015907897
0.2000142825
0.2000142825
0.3361524313
0.3710234825
0.4063668563
0.4949833198
0.4949833198
0.7073804248
0.4536644233
0.3653374836
0.5956062846
0.5956062846
0.3244204151
0.2740506435
0.2396709336
0.2107841086
0.2107841086
0.1586999526
0.1552438235
0.1545204777
0.1539413764
0.1539413764
0.1547617757
0.1529167990
0.1522153511
0.1517340030
0.1517340030
0.1515251146
0.1515167660
0.1513243830
0.1503644159
0.1503644159
0.1480556380
0.1453762289
0.1427111945
0.1405880195
0.1405880195
0.1394823759
0.1383390184
0.1866286726
0.1790212525
0.1790212525
0.1696448308
0.1674203098
0.1661417848
0.1629493830
0.1629493830
0.1587248906
0.5570422571
0.6380679885
0.6943050288
0.6943050288
0.7024932137
0.7070602443
0.2063351848
0.2461427609
0.2461427609
0.2461311427
0.2853266760
0.3541247389
0.4662553239
0.4662553239
0.6085176936
0.4362216997
0.4365315744
0.4385485602
0.4385485602
0.4419911556
0.4555104252
0.4786133609
0.5391880183
0.5391880183
0.6049139661
0.6937106284
0.4669846251
0.4155756000
0.4155756000
0.3769018874
0.3540250532
0.3371661793
0.3245197174
0.3245197174
0.3233489051
0.3590655690
0.4110750170
0.4110628787
0.4110628787
0.2636307017
0.2626310458
0.2602561329
0.2564977018
0.2564977018
0.2484218349
0.2333362411
0.2042676369
0.1602392391
0.1602392391
0.1407465960
0.0716675608
0.0147644271
0.0332402642
0.0332402642
0.1226477275
0.3954762814
0.3981763822
0.5346497125
0.5346497125
0.7130785594
0.2545898356
0.2560571000
0.2663977273
0.2663977273
0.2799837913
0.2984751952
0.3235167766
0.3235592314
0.3235592314
0.3737494849
0.5160996780
0.7068048202
0.2247730592
0.2247730592
0.1935354525
0.1358492691
0.1197767857
0.1069109063
0.1069109063
0.0956138988
0.0889776216
0.0805530148
0.1010339604
0.1010339604
0.1435377367
0.1818762117
0.2374868229
0.2558696234
0.2558696234
0.2726065577
0.2869558880
0.2970718617
0.3117634418
0.3117634418
0.3191191642
0.3224817668
0.3224979971
0.3315583931
0.3315583931
0.3365993795
0.3406018978
0.3446407233
0.3478210356
0.3478210356
0.3511310874
0.3534558006
0.3556716617
0.3572430882
0.3572430882
0.3588986919
0.3603363032
0.3611943917
0.3616327789
0.3616327789
0.3623460193
0.3623217994
0.3627514863
0.3625547001
0.3625547001
0.3630821800
0.3632644072
0.3635023908
0.3635023908
0.3637315198
0.3650270476
0.3644245391
0.3644841612
0.3644350807
0.3644350807
0.3647588619
0.3648438540
0.3648094127
0.3646832462
0.3646832462
0.3649806915
0.3648919434
0.3651433041
0.3651433041
0.3649427969
0.3650216304
0.3653696445
0.3651991808
0.3651991808
0.3653183902
0.3653528952
0.3653955567
0.3652345464
0.3652345464
0.3651983984
0.3652532075
0.3650665718
0.3650068603
0.3650068603
0.1600254314
0.1597688906
0.1597311405
0.1586065878
0.1586065878
0.1576305046
0.1575758234
0.1573965665
0.1571730380
0.1571730380
0.1564635945
0.1556359120
0.1548546649
0.1540933636
0.1540933636
0.1541211424
0.1549000900
0.1553143245
0.1562322520
0.1562322520
0.1568018428
0.1571025290
0.1572281506
0.1577216911
0.1577216911
0.1585544633
0.1589964847
0.1598899813
0.1605110795
0.1605110795
0.1613143157
0.1613051498
0.1629950326
0.1633015117
0.1633015117
0.1645360618
0.1657384787
0.1674289694
0.1687712385
0.1687712385
0.1698734752
0.1713296200
0.1732191243
0.1745026713
0.1745026713
0.1754755480
0.1755482670
0.1751607710
0.1751388092
0.1751388092
0.1747890614
0.1751886491
0.1753217956
0.1756679078
0.1756679078
0.1763267245
0.1765224726
0.1766198067
0.1765144461
0.1765144461
0.1760731518
0.1761021103
0.1769625522
0.1767083420
0.1767083420
0.1770984195
0.1773890778
0.1780732737
0.1781965760
0.1781965760
0.1785286081
0.1791057970
0.1792190824
0.1797574972
0.1797574972
0.1806598535
0.1806670972
0.1808487217
0.1808325569
0.1808325569
0.1805502385
0.1797776536
0.1788458993
0.1783013675
0.1783013675
0.1772609402
0.1763412552
0.1759120722
0.1757497412
0.1757497412
0.1758601519
0.1759516879
0.1762142178
0.1751621546
0.1751621546
0.1749050664
0.1751112644
0.0666024705
0.0675793484
0.0675793484
0.0681144346
0.0675505733
0.0664286985
0.0646592663
0.0646592663
0.0648257037
0.0667756979
0.0687419402
0.0699647263
0.0699647263
0.0718037271
0.0734571116
0.0754319366
0.0774908198
0.0774908198
0.0798876012
0.0818137188
0.0838630137
0.0856995531
0.0856995531
0.0856859661
0.0873397853
0.0892611589
0.0907483712
0.0907483712
0.0938407677
0.0950587524
0.0967933750
0.0991863893
0.0991863893
0.1008817218
0.1044410031
0.1093448906
0.1241454374
0.1241454374
0.1350864028
0.1464332711
0.1611072790
0.1762699944
0.1762699944
0.1922767577
0.2093596984
0.2227771785
0.2350656306
0.2350656306
0.2428160964
0.2526022974
0.2622789852
0.2622567362
0.2622567362
0.2633977224
0.2563404912
0.2452830642
0.2237132983
0.2237132983
0.1969615382
0.1619198416
0.1108611691
0.0736349733
0.0736349733
0.0397262573
0.0187347480
0.0331500095
0.0464825927
0.0464825927
0.0570784208
0.0653429307
0.0826912901
0.0779307785
0.0779307785
0.0703790533
0.0640224209
0.0582453882
0.0512231020
0.0512231020
0.0449318482
0.0427544040
0.0427692132
0.0433861844
0.0433861844
0.0447557211
0.0484800845
0.0530651231
0.0543683967
0.0543683967
0.0552194327
0.0562702494
0.0571786105
0.0579938493
0.0579938493
0.0581828511
0.0589763171
0.0590615974
0.0577846240
0.0577846240
0.0565047307
0.0540808971
0.1590913999
0.1615853412
0.1615853412
0.1682152257
0.1699564629
0.1729705063
0.1746765257
0.1746765257
0.1722057533
0.1650267693
0.1650101782
0.1614005594
0.1614005594
0.1615155372
0.1637156017
0.1705432079
0.1760859435
0.1760859435
0.1824136538
0.1889595997
0.1903129625
0.1903129625
0.1913750564
0.1925348631
0.1937683664
0.1940839578
0.0188360764
0.0188360764
0.0183268493
0.0168927221
0.0170409844
0.0176017591
0.0176017591
0.0190350826
0.0210276215
0.0230615098
0.0230615098
0.0251278730
0.0270476653
0.0270456951
0.0281524070
0.0281524070
0.0281334301
0.0277338734
0.0266227824
0.0246714067
0.0246714067
0.0217870863
0.0184384456
0.0153928743
0.0132198717
0.0132198717
0.0116371036
0.0108854551
0.0107712050
0.0109673145
0.0109673145
0.1018027264
0.1099516510
0.1135927431
0.1148368364
0.1148368364
0.1154363141
0.1146036925
0.1208980671
0.1258134550
0.1258134550
0.1286672973
0.1300517915
0.1300536424
0.1285436072
0.1285436072
0.1270677891
0.0857790425
0.0844068594
0.0853178599
0.0853178599
0.0860228676
0.0869457405
0.0884975732
0.0893986200
0.0893986200
0.0878646530
0.0840478984
0.0836495905
0.0855056885
0.0855056885
0.0884031979
0.0917505892
0.0934421063
0.0938249585
0.0938249585
0.0933135409
0.0927161014
0.0930505534
0.0945973239
0.0945973239
0.0975590733
0.0975469361
0.1013194112
0.1044185593
0.1044185593
0.1081095107
0.1126613000
0.1172130865
0.1217768492
0.1217768492
0.1242597313
0.1278387002
0.1319863486
0.1362059774
0.1362059774
0.1398754865
0.1390711783
0.1372224966
0.1346620945
0.1346620945
0.1340003520
0.0452001466
0.0388147847
0.0534922121
0.0534922121
0.0795051063
0.1075136327
0.1280586446
0.1390951201
0.1390951201
0.1441747477
0.1441773225
0.1442793416
0.1425756483
0.1425756483
0.1407646370
0.1380575706
0.2232537252
0.2329164306
0.2329164306
0.2366850878
0.2322334549
0.2231129319
0.2085187239
0.2085187239
0.1677981371
0.1456952379
0.1327904114
0.1200962526
0.1200962526
0.1059936910
0.0904279620
0.0784356564
0.0711975202
0.0711975202
0.0551390483
0.0550342056
0.0548145518
0.0548242300
0.0548242300
0.0547850849
0.0548444252
0.0547566779
0.0547777239
0.0547777239
0.0548294216
0.0548037299
0.0550787123
0.0552056379
0.0552056379
0.0551532243
0.0549888600
0.0549896984
0.1053604674
0.1053604674
0.1102525645
0.1162800564
0.1237004485
0.1348929419
0.1348929419
0.1504686621
0.1645485958
0.1764825436
0.1867616722
0.1867616722
0.1959963709
0.1943167811
0.1906152407
0.1905730716
0.1905730716
0.0503282751
0.0505305877
0.0510879137
0.0512885805
0.0512885805
0.0518851144
0.0523624489
0.0530374824
0.0536390533
0.0536390533
0.0538438532
0.0537535730
0.0535643213
0.0521286177
0.0521286177
0.0512362363
0.0502421706
0.0495063664
0.0489677046
0.0489677046
0.0489564510
0.0490543996
0.0492105393
0.0495854260
0.0495854260
0.0868875461
0.0833083472
0.0793540971
0.0793539171
0.0793539171
0.0765207378
0.0743076782
0.0726801323
0.0726601554
0.0726601554
0.0732806688
0.0754920324
0.0787888180
0.0799446995
0.0799446995
0.0799548909
0.0811004535
0.0932650951
0.1012377134
0.1012377134
0.1049069467
0.1097126225
0.1171943119
0.1215254612
0.1215254612
0.1251173791
0.1238341709
0.1246818424
0.1267560546
0.1267560546
0.1275887018
0.1254039292
0.1254016006
0.1221291449
0.1221291449
0.1161970314
0.1089137495
0.0993714170
0.0888625335
0.0888625335
0.0778865935
0.0578032643
0.0453124916
0.0413320216
0.0413320216
0.0386517373
0.0348905493
0.0323397713
0.0298440694
0.0298440694
0.0288261063
0.0296731223
0.0297730687
0.0303176792
0.0303176792
0.0317298698
0.0338220875
0.0364373120
0.0364373120
0.0385641262
0.0410936212
0.0433931795
0.0434478274
0.0461428520
0.0461428520
0.0484102646
0.0504062195
0.0520957299
0.0542163732
0.0542163732
0.0563828587
0.0584571492
0.0600033652
0.0600033652
0.0611639055
0.0614088693
0.0616102253
0.0617530305
0.0617530305
0.0618817016
0.0623734227
0.0962254663
0.0961768901
0.0961768901
0.0963225959
0.0959819144
0.0960028707
0.0964071027
0.0964071027
0.0960920054
0.0963410041
0.0964117817
0.0966229560
0.0966229560
0.0963446312
0.0963251694
0.0965712144
0.0962676600
0.0962676600
0.0965442339
0.0963465503
0.0964187856
0.0962683388
0.0962683388
0.0972636088
0.0968931396
0.0971000109
0.0969478898
0.0969478898
0.0972153565
0.0972332197
0.0972018969
0.0970912440
0.0970912440
0.0975188103
0.0972452539
0.0973442301
0.0976690894
0.0976690894
0.0974660789
0.0975764367
0.0975357672
0.0975329573
0.0975329573
0.0970989490
0.0973021070
0.0970084975
0.0971743225
0.0971743225
0.0968002167
0.0961910915
0.0956910318
0.0958257377
0.0958257377
0.0966457678
0.0966877350
0.0968776442
0.0975019181
0.0975019181
0.0975894359
0.0985462997
0.0545305861
0.0548670323
0.0548670323
0.0542977667
0.0525856055
0.0542498367
0.0559008376
0.0559008376
0.0536143511
0.0536065239
0.0520708506
0.0514385523
0.0514385523
0.0510451807
0.0505033116
0.0498165183
0.0483868074
0.0483868074
0.0459552040
0.0434210106
0.0412162025
0.0398630638
0.0398630638
0.0383555715
0.0373660776
0.0369785715
0.0362840698
0.0362840698
0.0366546010
0.0371343412
0.0388753048
0.0408489565
0.0408489565
0.0426684851
0.0445823364
0.0471104297
0.0492211114
0.0492211114
0.0494270467
0.0515563342
0.0542005320
0.0558249975
0.0558249975
0.0580034915
0.0602318725
0.0630466822
0.0654285185
0.0654285185
0.0661946177
0.0656829545
0.0649224951
0.0646878209
0.0646878209
0.0600970479
0.0579882495
0.0565424105
0.0558700604
0.0558700604
0.0551024978
0.0547741596
0.0549402779
0.0558219537
0.0558219537
0.0559935665
0.0556749493
0.0554385084
0.0554643217
0.0554643217
0.0554785613
0.0555988649
0.0557218170
0.0561630829
0.0561630829
0.0565901886
0.0574079954
0.0579162167
0.0580418848
0.0580418848
0.0572716129
0.0567537348
0.0560136345
0.0559356584
0.0559356584
0.0560681043
0.0563692492
0.0564088001
0.0572079802
0.0572079802
0.0578518469
0.0583240044
0.0588982852
0.0579444481
0.0579444481
0.0555831689
0.0517657161
0.0456489844
0.0455830449
0.0455830449
0.0383947950
0.0372463955
0.0422621877
0.0523260762
0.0523260762
0.0626709710
0.0706376279
0.0774134613
0.0870894400
0.0870894400
0.0961793353
0.1048313365
0.1180736580
0.1235276969
0.1235276969
0.1272961499
0.1312564601
0.1344366884
0.1391904517
0.1391904517
0.1441502033
0.1483083399
0.1508397500
0.1538318370
0.1538318370
0.1564607168
0.1570295193
0.1567924469
0.1567970999
0.1567970999
0.1563197325
0.1555147431
0.1546195383
0.1550989260
0.1550989260
0.1555739368
0.1570062096
0.1576705161
0.1575247050
0.1575247050
0.1571549733
0.1567867421
0.1558391255
0.1563902974
0.1563902974
0.1563174881
0.1568342508
0.1559551135
0.1542294412
0.1542294412
0.1527886215
0.1519080735
0.1373320896
0.1371917492
0.1371917492
0.1371839782
0.1367460426
0.1367624296
0.1359866077
0.1359866077
0.1350918612
0.1341081984
0.1325407974
0.1315150343
0.1315150343
0.1310701662
0.1272715071
0.1184889505
0.1154881413
0.1154881413
0.1129812033
0.1090359885
0.1077536032
0.1075998203
0.1075998203
0.1065219640
0.1049561283
0.1009715262
0.0974866101
0.0974866101
0.1006853316
0.1075302562
0.1171778068
0.1171778068
0.1254507398
0.1309368806
0.1309465170
0.1330752607
0.1330752607
0.1343966274
0.1352278876
0.1352340476
0.1354318867
0.1354318867
0.1350340343
0.1357054109
0.1359384364
0.1364060944
0.1364060944
0.1363096429
0.1363976686
0.1377436021
0.1381898849
0.1381898849
0.1387647715
0.1375186373
0.1361937810
0.1336732250
0.1336732250
0.1282881689
0.1229596117
0.1157647049
0.1042905416
0.1042905416
0.0820611265
0.0560952104
0.0560827877
0.0402778264
0.0402778264
0.0444220120
0.0721360280
0.0961663345
0.1096542057
0.1096542057
0.1153999869
0.1164994420
0.1178553555
0.1184526598
0.1184526598
0.1186609860
0.1195351579
0.1197443359
0.1195011178
0.1195011178
0.1801390204
0.1691985068
0.1569260443
0.1440238470
0.1440238470
0.1284672201
0.1150388217
0.1046109784
0.0980832611
0.0980832611
0.0951967725
0.0952906768
0.0934923199
0.0936646313
0.0936646313
0.0953119005
0.0992898808
0.1032831682
0.1067914893
0.1067914893
0.1096154567
0.1138812550
0.1181676350
0.1244411402
0.1244411402
0.1423732862
0.1517730686
0.1628281517
0.1731622197
0.1731622197
0.1827545573
0.1889657855
0.1952429306
0.1998056029
0.1998056029
0.2022530219
0.2041449091
0.2058177130
0.2066312457
0.2066312457
0.2070418991
0.2069766294
0.2081009396
0.0251265625
0.0251265625
0.0255023684
0.0260020988
0.0262223016
0.0261230030
0.0261230030
0.0261128376
0.0266109541
0.0275547054
0.0284870143
0.0284870143
0.0316125126
0.0332424791
0.0342376107
0.0343743161
0.0343743161
0.0342623189
0.0334355651
0.0336227110
0.0340071306
0.0340071306
0.0340315987
0.0341605245
0.0345572845
0.0349262151
0.0349262151
0.0349259303
0.0354976065
0.0366728543
0.0379473751
0.0379473751
0.0385711898
0.0391244745
0.0400305618
0.0420098760
0.0420098760
0.0451753469
0.0489351736
0.0511737235
0.0461846714
0.0461846714
0.0443414619
0.0445719817
0.0460907851
0.0466910724
0.0466910724
0.0472470867
0.0451288797
0.0432674408
0.0420699814
0.0420699814
0.0417134549
0.0419886205
0.0430995966
0.0431462767
0.0431462767
0.1824690611
0.1798400351
0.1772798241
0.1738795221
0.1738795221
0.1674792723
0.1604826870
0.1581264415
0.1575647487
0.1575647487
0.1586917123
0.1598703018
0.1601417866
0.1577337563
0.1577337563
0.1560627289
0.1548842293
0.1538864093
0.1640509722
0.1640509722
0.1663878303
0.1641684420
0.1637888946
0.1631834265
0.1631834265
0.1634170625
0.1644705438
0.1660329737
0.1660412088
0.1660412088
0.1676262123
0.1647324029
0.1602577065
0.1553759273
0.1553759273
0.1486458083
0.1416283134
0.1366069549
0.1329049856
0.1329049856
0.1298742708
0.1287610969
0.1283489963
0.1292149517
0.1292149517
0.1310696062
0.1349148218
0.1410619118
0.1440480924
0.1440480924
0.1441695371
0.1428347867
0.1452149050
0.1502039118
0.1502039118
0.1568152524
0.1596931570
0.1597129626
0.1627655210
0.1627655210
0.1648649978
0.1671845870
0.1678818833
0.1687215314
0.1687215314
0.1695551446
0.1715137088
0.1730943838
0.1763301615
0.1763301615
0.1769748913
0.1796203295
0.1821517533
0.1866354379
0.1866354379
0.1918064586
0.1991430605
0.2320123187
0.2313236546
0.2313236546
0.2319402421
0.2311439250
0.2312626781
0.2309254668
0.2309254668
0.2314587633
0.2313248134
0.2313076601
0.2316407368
0.2316407368
0.2312311360
0.2311786944
0.2311845917
0.2304338222
0.2304338222
0.2298941392
0.2296187266
0.2287887097
0.2287887097
0.2282950991
0.2277536787
0.2255871705
0.2248556539
0.2248556539
0.2235532085
0.2228608508
0.2222622724
0.2210508616
0.2210508616
0.2203210050
0.2199119342
0.2180566004
0.2167428553
0.2167428553
0.2159139204
0.2146444667
0.2146935944
0.2139943129
0.2139943129
0.2127700851
0.2113475374
0.2102363406
0.2093434099
0.2093434099
0.2082438776
0.2075043095
0.2073263652
0.2068761385
0.2068761385
0.2066759068
0.0995810268
0.1011893508
0.1027274380
0.1027274380
0.1028146498
0.1020645948
0.1009283847
0.0995221053
0.0995221053
0.0990737894
0.0991540018
0.0990511013
0.0989510132
0.0989510132
0.0990750193
0.0987985699
0.0988043905
0.0985606260
0.0985606260
0.0982047495
0.0974230167
0.0970234941
0.0963594876
0.0963594876
0.0960541932
0.0955438988
0.0948768015
0.0940255796
0.0940255796
0.0936175795
0.0933121800
0.0936257878
0.0937941705
0.0937941705
0.0937917508
0.0945073013
0.0961843498
0.0988407521
0.0988407521
0.0847867038
0.0874528413
0.0859949466
0.0851124408
0.0851124408
0.0861578529
0.0861656594
0.0884125784
0.0910539384
0.0910539384
0.0928661707
0.0939729913
0.0916065940
0.0931055634
0.0931055634
0.0974760615
0.1025725988
0.1069370254
0.2100172318
0.2100172318
0.2072529754
0.2059165885
0.2045769802
0.2029579547
0.2029579547
0.2026079914
0.2026221945
0.2037161723
0.2052375636
0.2052375636
0.2070309811
0.2087178751
0.2018262588
0.1601301853
0.1601301853
0.1601331614
0.1635937830
0.1671958913
0.1705976597
0.1705976597
0.1743569788
0.1768406397
0.1786772934
0.1791690297
0.1791690297
0.1797626494
0.1793691124
0.1783428785
0.1769356474
0.1769356474
0.1741974113
0.1730631246
0.1011511627
0.1009873951
0.1009873951
0.1014002719
0.1013051503
0.1017392261
0.1016515325
0.1016515325
0.1017665196
0.1021130528
0.1023522774
0.1025083488
0.1025083488
0.1025573775
0.1031649949
0.1034497484
0.1034844904
0.1034844904
0.1036411316
0.1035503084
0.1031107118
0.1035117212
0.1035117212
0.1033587653
0.1035358438
0.1032372145
0.1481646721
0.1481646721
0.1493312787
0.1509251911
0.1516067168
0.1532056095
0.1532056095
0.1539694285
0.1551388919
0.1553733437
0.1558564544
0.1558564544
0.1558853413
0.1566451249
0.1554536753
0.1554945687
0.1554945687
0.1553076485
0.1554970709
0.1555557159
0.1564596287
0.1564596287
0.1566113244
0.1571919672
0.1570580400
0.1571071446
0.1571071446
0.1566865604
0.1564305632
0.1554190434
0.1556872944
0.1556872944
0.1558715245
0.1561543691
0.1561572951
0.1563544379
0.1563544379
0.1561576113
0.1561701459
0.1558081978
0.1556842967
0.1556842967
0.1553722512
0.1553964781
0.1548690795
0.1548597950
0.1548597950
0.3745718238
0.4405675296
0.4429610084
0.4421968657
0.4421968657
0.6039461227
0.1107415965
0.1095197267
0.1084955393
0.1084955393
0.1073717571
0.1065635507
0.1047559895
0.1039907715
0.1039907715
0.1031851299
0.1026392119
0.1023676445
0.1023218646
0.1023218646
0.1020095134
0.1024808853
0.1028040406
0.1030593496
0.1030593496
0.1030593496
0.1043312378
0.1043312378
