0.2852246743
0.2852246743
0.2852246743
0.2852246743
0.2852246743
0.2852246743
0.2852245803
0.2852245803
0.2851959367
0.2851959232
0.2854143416
0.2854134605
0.2854134605
0.2865579397
0.2865581963
0.2883599171
0.2885091128
0.2885091128
0.2885093336
0.2886286097
0.2886286340
0.2885354317
0.2885354317
0.2885356894
0.2887746904
0.2887545783
0.2887711928
0.2887711928
0.2886841914
0.2894410958
0.2923143646
0.2923154454
0.2923154454
0.2952865812
0.2952768498
0.2955386435
0.2954460673
0.2954460673
0.2960814498
0.2960303083
0.2960261758
0.2962102761
0.2962102761
0.2967177121
0.2976550595
0.2975574435
0.2995726310
0.2995726310
0.2995333508
0.3000645079
0.3002348366
0.3009026796
0.3009026796
0.3002285711
0.3001295937
0.3007931739
0.3007436413
0.3007436413
0.3003200643
0.3005030900
0.3009181506
0.3002186974
0.3002186974
0.3001244073
0.3007982824
0.3007334959
0.3003002650
0.3003002650
0.3004751139
0.3008845281
0.3002099385
0.3002099385
0.3001185480
0.3009198853
0.3007884016
0.3004407298
0.3004407298
0.3006714341
0.3010455207
0.3010156969
0.3002556836
0.3005139537
0.3005139537
0.3010057009
0.3005986207
0.3009388398
0.3009388398
0.3008106510
0.3007582910
0.3006939383
0.2998879929
0.2998879929
0.2997570066
0.3003470474
0.3005816465
0.3005679437
0.3005679437
0.3006018493
0.3005990027
0.3006238398
0.3006276747
0.3006276747
0.3001512850
0.3001470403
0.3004906155
0.3004987116
0.3004987116
0.3005396373
0.3005559698
0.3005580504
0.3005367435
0.3005367435
0.3005397899
0.3005391976
0.3005384160
0.3005360364
0.3005360364
0.3005368746
0.3005359922
0.3005035732
0.3005007045
0.3005007045
0.3004000994
0.3004000257
0.3000187972
0.3000171469
0.3000171469
0.2998429199
0.2998416254
0.2996279205
0.2996255675
0.2996255675
0.2986818012
0.2986812923
0.2987368593
0.2987345757
0.2987345757
0.2988195760
0.2988190636
0.2989034856
0.2989212807
0.2989212807
0.2990916422
0.2990928642
0.2990610683
0.2990609621
0.2990609621
0.2988998101
0.2988994208
0.2988419215
0.2988368437
0.2988368437
0.2988743627
0.2988709917
0.2983026527
0.2983001103
0.2983001103
0.2979344118
0.2979311560
0.2979169943
0.2979171296
0.2979171296
0.2980756642
0.2980736875
0.2990231416
0.2994808768
0.2994808768
0.3010125856
0.3010228335
0.3006491627
0.3002747737
0.3002747737
0.3002726043
0.2997879500
0.2997893268
0.2997414192
0.2997414192
0.2998890615
0.2993598131
0.2993005226
0.2992045061
0.2992045061
0.2991895538
0.2991316690
0.2991094468
0.2989507721
0.2989507721
0.2990565016
0.2990787442
0.2990789102
0.2989758171
0.2989758171
0.2989738163
0.2991096215
0.2991089713
0.2988208580
0.2988208580
0.2988204985
0.2989450363
0.2989455251
0.2987316520
0.2987316520
0.2987359272
0.2985867348
0.2987664218
0.2986533715
0.2986533715
0.2987032943
0.2979388658
0.2979435416
0.2979107109
0.2979107109
0.2975983940
0.2968642474
0.2968652022
0.2970440301
0.2970440301
0.2970420472
0.2982570444
0.2986817123
0.2988821047
0.2988821047
0.2993436569
0.2991472938
0.2991439325
0.2991795098
0.2991795098
0.2991792120
0.2991996345
0.2990604588
0.2990631368
0.2990631368
0.2990872145
0.2990868496
0.2990611844
0.2991259363
0.2991259363
0.2992095659
0.2992087139
0.2992131970
0.2992156462
0.2992156462
0.2992816972
0.2988683700
0.2988670967
0.2988833792
0.2988833792
0.2989061332
0.2989094769
0.2988824947
0.2989034089
0.2989034089
0.2989190006
0.2989693754
0.2989670424
0.2990052103
0.2990052103
0.2990044073
0.2985806132
0.2985782072
0.2979116823
0.2979116823
0.2978199673
0.2976500349
0.2971359633
0.2971414493
0.2971414493
0.2972117458
0.2972160739
0.2972402445
0.2972419471
0.2972419471
0.2973671361
0.2975383256
0.2975059282
0.2975148403
0.2975148403
0.2974977214
0.2973917170
0.2973917703
0.2973974675
0.2973974675
0.2973915307
0.2975148692
0.2975133816
0.2974955974
0.2974955974
0.2972818778
0.2972862860
0.2973220163
0.2973229374
0.2973229374
0.2973499768
0.2970589315
0.2966344102
0.2964921215
0.2964921215
0.2964963690
0.2964602605
0.2964613103
0.2964593132
0.2964593132
0.2964628484
0.2964610422
0.2964624519
0.2964061183
0.2964061183
0.2964158166
0.2964000454
0.2964041012
0.2963970063
0.2963970063
0.2963970877
0.2963910338
0.2963909964
0.2963896148
0.2963896148
0.2964114920
0.2967586110
0.2967414789
0.2967414789
0.2967423832
0.2967308250
0.2966227363
0.2966806902
0.2967356031
0.2967356031
0.2967386284
0.2967537815
0.2967555668
0.2967542270
0.2967542270
0.2967549118
0.2967532925
0.2967577675
0.2967577675
0.2968644441
0.2967842422
0.2967805357
0.2967784567
0.2967784567
0.2967770568
0.2971177111
0.2971172164
0.2980730715
0.2980730715
0.2980750998
0.2980784609
0.2979406763
0.2979571240
0.2979571240
0.2979283921
0.2979302546
0.2978538562
0.2977813317
0.2977813317
0.2977789532
0.2977243574
0.2978158849
0.2978181801
0.2978181801
0.2977338710
0.2977338577
0.2975403422
0.2975423455
0.2975423455
0.2975013305
0.2975011172
0.2974238075
0.2974247856
0.2974247856
0.2974094782
0.2972597446
0.2972585696
0.2976161828
0.2976161828
0.2979612523
0.2979917533
0.2979906593
0.2979659311
0.2979659311
0.2979642116
0.2979327686
0.2979441402
0.2979495539
0.2979495539
0.2979676200
0.2979697161
0.2977721349
0.2976330492
0.2976330492
0.2976319109
0.2976247478
0.2976228063
0.2976241666
0.2976241666
0.2975613741
0.2977145507
0.2977132053
0.2977156277
0.2977156277
0.2977132528
0.2977184998
0.2977197728
0.2977217104
0.2977217104
0.2977176596
0.2977197831
0.2977195943
0.2977192672
0.2977192672
0.2979926855
0.2980299696
0.2978487503
0.2980321621
0.2980321621
0.2978731490
0.2978481417
0.2979807084
0.2979472271
0.2979472271
0.2979426012
0.2979258677
0.2979251625
0.2979262443
0.2979262443
0.2979238186
0.2979259276
0.2979239161
0.2980119262
0.2980119262
0.2983332186
0.2988184586
0.2990256295
0.2992781385
0.2992781385
0.2996065564
0.2997263543
0.3002886180
0.3009210957
0.3009210957
0.3014715355
0.3019627979
0.3024127741
0.3024271472
0.3024271472
0.3024291693
0.3024006146
0.3024071927
0.3024360537
0.3024360537
0.3024376397
0.3024357260
0.3024431160
0.3024639249
0.3024639249
0.3025452628
0.3025423860
0.3025539821
0.3025787097
0.3025787097
0.3025802606
0.3025772489
0.3025786402
0.3025898994
0.3025898994
0.3025995568
0.3025892923
0.3025928629
0.3025967956
0.3025967956
0.3026111755
0.3025775287
0.3025056665
0.3025004662
0.3025004662
0.3025041443
0.3025250473
0.3024629795
0.3024636744
0.3024636744
0.3024515243
0.3024492166
0.3024509925
0.3024503236
0.3024503236
0.3024503877
0.3024486555
0.3024493233
0.3023938506
0.3023938506
0.3023913985
0.3024181233
0.3024194615
0.3019629188
0.3019629188
0.3019626286
0.3022180510
0.3024416814
0.3024411995
0.3024411995
0.3024170081
0.3024156113
0.3024161819
0.3024151974
0.3024151974
0.3025741685
0.3027672824
0.3030162161
0.3032375255
0.3032375255
0.3034707667
0.3036863755
0.3039261236
0.3041642486
0.3041642486
0.3044025646
0.3046152034
0.3048786903
0.3049407787
0.3049407787
0.3050146662
0.3050362444
0.3054442474
0.3052552394
0.3052552394
0.3053420068
0.3053418987
0.3052788540
0.3052775686
0.3052775686
0.3052774439
0.3052769177
0.3051812593
0.3051812377
0.3051812377
0.3043293268
0.3040878986
0.3046168892
0.3047440286
0.3047440286
0.3047439348
0.3047416293
0.3047064755
0.3047035464
0.3047035464
0.3047068707
0.3047034919
0.3047190909
0.3047340645
0.3047340645
0.3047381750
0.3047348924
0.3047384112
0.3047354287
0.3047354287
0.3047385493
0.3047227111
0.3047305509
0.3047234176
0.3047234176
0.3047201558
0.3047163144
0.3047165777
0.3047157724
0.3047157724
0.3047153902
0.2961775271
0.2700779197
0.2700779197
0.2472459267
0.2268575190
0.2021523188
0.1791577980
0.1542440906
0.1542440906
0.1306417717
0.1131629796
0.0887483987
0.0653222468
0.0653222468
0.0411635984
0.0202482070
0.0000371609
0.0000371609
0.0000012052
0.0000014302
0.0000012712
0.0000005607
0.0000005607
0.0000005607
0.0000005607
0.0000005607
0.0000005607
0.0000005607
0.0000005607
0.0000005607
0.0000005607
0.0000005607
0.0000005607
0.0000005607
0.0000005607
0.0000005607
0.0000005607
0.0000005607
0.0000005607
0.0000005607
0.0000005607
0.0000004521
0.0000004521
0.0000006236
0.0000031823
0.1878167765
0.1878113177
0.1878113177
0.1878046061
0.1877251243
0.1877103902
0.1877164456
0.1877164456
0.1876437490
0.1876445465
0.1876397223
0.1878146079
0.1878146079
0.1878135587
0.1877983204
0.1877933723
0.1877117936
0.1877117936
0.1877080711
0.1877086625
0.1876369436
0.1876407585
0.1876407585
0.1876381711
0.1878054492
0.1878027607
0.1877916333
0.1877916333
0.1877901165
0.1877091361
0.1876991298
0.1877012960
0.1877012960
0.1876348847
0.1876361990
0.1876321707
0.1878002868
0.1878002868
0.1877981896
0.1877864587
0.1877826902
0.1877033066
0.1877033066
0.1877027047
0.1877033860
0.1876321496
0.1876356008
0.1876356008
0.1876348072
0.1878039550
0.1878000400
0.1877879784
0.1877879784
0.1877873834
0.1877056997
0.1877021852
0.1877034458
0.1877034458
0.1876351227
0.1876350586
0.1876313579
0.1878057741
0.1878057741
0.1878063160
0.1877924083
0.1877891950
0.1877088088
0.1877088088
0.1877076270
0.1877085436
0.1890292555
0.1897588822
0.1897588822
0.1897566912
0.1925233095
0.1958819845
0.1981235574
0.1981235574
0.1994051995
0.2007289344
0.2012883614
0.2012879889
0.2012879889
0.2013188090
0.2013246515
0.2013394378
0.2015072153
0.2015072153
0.2015040829
0.2014900357
0.2014894644
0.2014108517
0.2014108517
0.2014090755
0.2014120746
0.2013425130
0.2013182861
0.2013182861
0.2013155405
0.2015676937
0.2015681423
0.2018748660
0.2018748660
0.2018738571
0.2005873900
0.2012580176
0.2012573632
0.2012573632
0.2005387003
0.2006560233
0.2004886901
0.1995498550
0.1995498550
0.2004964696
0.2008484702
0.2011199211
0.2014555819
0.2014555819
0.2015131920
0.2015382917
0.2015129422
0.2015127970
0.2015127970
0.2013624998
0.2013559012
0.2013883906
0.2013855814
0.2013855814
0.2014917374
0.2016098005
0.2016103950
0.2016167469
0.2016167469
0.2011367406
0.2001217494
0.1988401938
0.1975148017
0.1975148017
0.1956331350
0.1936191006
0.1912985416
0.1889657186
0.1889657186
0.1863820953
0.1859428539
0.1872401988
0.1846304637
0.1846304637
0.1815181779
0.1792681665
0.1808608501
0.1786397149
0.1786397149
0.1785525460
0.1766741911
0.1749239287
0.1735197872
0.1735197872
0.1721893132
0.1708805806
0.1701494467
0.1693084209
0.1693084209
0.1688764366
0.1685519564
0.1683943661
0.1680095496
0.1680095496
0.1679360408
0.1678443456
0.1672880829
0.1672807576
0.1672807576
0.1670768099
0.1670647199
0.1671070318
0.1671061592
0.1671061592
0.1671122368
0.1671062229
0.1671047318
0.1671282643
0.1671282643
0.1672073179
0.1672204578
0.1671820443
0.1670549974
0.1670549974
0.1662598150
0.1660324814
0.1659371642
0.1660097663
0.1660097663
0.1662957936
0.1663138203
0.1663113837
0.1665164584
0.1665164584
0.1665433069
0.1666512900
0.1666540014
0.1664335397
0.1664335397
0.1664340861
0.1664291871
0.1664016207
0.1664016207
0.1664009632
0.1662154894
0.1662129746
0.1663751943
0.1663731415
0.1663731415
0.1663746947
0.1666774057
0.1666809053
0.1666365227
0.1666365227
0.1666502205
0.1666469303
0.1666658440
0.1666658440
0.1666626605
0.1666666813
0.1784396929
0.1791173095
0.1791173095
0.1796012851
0.1801966512
0.1795103418
0.1801936588
0.1801936588
0.1797004656
0.1797450652
0.1795850634
0.1796872221
0.1796872221
0.1795234428
0.1796705988
0.1795133181
0.1796275765
0.1796275765
0.1794707037
0.1794080016
0.1790272705
0.1793121514
0.1793121514
0.1789567064
0.1790417252
0.1790357256
0.1793132847
0.1793132847
0.1791526094
0.1794314084
0.1792491911
0.1794705434
0.1794705434
0.1793326367
0.1792628403
0.1791047351
0.1792636658
0.1792636658
0.1790787812
0.1792385111
0.1791022674
0.1792669045
0.1792669045
0.1789296506
0.1790846367
0.1790890028
0.1792422322
0.1792422322
0.1790934736
0.1794390431
0.1792886554
0.1795348392
0.1795348392
0.1793867758
0.1793110365
0.1791600687
0.1793097189
0.1793097189
0.1791191895
0.1792657686
0.1789363307
0.1790908067
0.1790908067
0.1792623829
0.1778703142
0.1728576183
0.1668145191
0.1668145191
0.1607769794
0.3078295753
0.4451213262
0.5467591065
0.5467591065
0.5784487000
0.5661575818
0.5527876874
0.5380572967
0.5380572967
0.5258851930
0.5195445656
0.5147156389
0.5109530229
0.5109530229
0.5066293832
0.5029215226
0.5001461407
0.4986009576
0.4986009576
0.4978299868
0.4978562517
0.4978593649
0.4978407386
0.4978407386
0.4978338099
0.4978089643
0.4978152935
0.4978139402
0.4978139402
0.4978109536
0.4978092235
0.1917226231
0.1917240506
0.1917240506
0.1917285413
0.1923512729
0.1930612991
0.1937149739
0.1937149739
0.1943262219
0.1949478384
0.1955678340
0.1963238676
0.1963238676
0.1968995927
0.1968935546
0.1969157723
0.1968660534
0.1968660534
0.1968708259
0.1968881560
0.1968254460
0.1968121820
0.1968121820
0.1968343880
0.1968710353
0.1968253180
0.1968252959
0.1968252959
0.1968016249
0.1967868350
0.1967513872
0.1967376569
0.1967376569
0.1966778803
0.1966591218
0.1966247061
0.1965621132
0.1965621132
0.1965337387
0.2010434738
0.2008815777
0.2005538564
0.2005538564
0.2001794468
0.1998431723
0.1994626054
0.1990909618
0.1990909618
0.1986952698
0.1983111317
0.1979350419
0.1975193604
0.1975193604
0.1971687578
0.1981346514
0.1977538979
0.1973388792
0.1973388792
0.1973400193
0.1973492862
0.1973495848
0.1973490801
0.1973490801
0.1973519923
0.1973383739
0.1973386577
0.1973357735
0.1973357735
0.1973385038
0.1973384322
0.1973280089
0.1973263237
0.1973263237
0.1973364304
0.1971002803
0.1252219522
0.1253729188
0.1253729188
0.1253761381
0.1255140526
0.1255182998
0.1254487872
0.1254487872
0.1254764291
0.1253728294
0.1252490762
0.1252001652
0.1252001652
0.1251510691
0.1252033001
0.1252224993
0.1251971226
0.1251971226
0.1251475155
0.1282381786
0.1282208240
0.1282240311
0.1282240311
0.1282360435
0.1281422622
0.1273421411
0.1257874058
0.1257874058
0.1257470611
0.1257479762
0.1258209456
0.1258226524
0.1258226524
0.1258220318
0.1259988097
0.1259958029
0.1262635755
0.1262635755
0.1262627053
0.1239922951
0.1239892227
0.1238215523
0.1238215523
0.1238216350
0.1238739548
0.1238710327
0.1236070005
0.1236070005
0.1236061020
0.1231495105
0.1231459791
0.1230269295
0.1230269295
0.1230260336
0.1228588582
0.1228566792
0.1228566792
0.1229489354
0.1229485760
0.1257466770
0.1256617189
0.1256256418
0.1256256418
0.1251730168
0.1251695037
0.1250456249
0.1250796593
0.1250796593
0.1239759136
0.1239715161
0.1236839274
0.1236839274
0.1244530171
0.1228318589
0.1217219082
0.1197695137
0.1197695137
0.1198129407
0.1204586948
0.1192700192
0.1194024436
0.1194024436
0.1219365786
0.1222438301
0.1223078688
0.1214767045
0.1214767045
0.1219566179
0.1224793013
0.1225368139
0.1233415202
0.1233415202
0.1233319805
0.1232511454
0.1232008238
0.1232053015
0.1232053015
0.1231734978
0.1231753746
0.1262596536
0.1262634649
0.1262634649
0.1262606361
0.1262621576
0.1262159208
0.1262183713
0.1262183713
0.1259457080
0.1257480040
0.1255376258
0.1255383720
0.1255383720
0.1256005043
0.1255302576
0.1255980088
0.1256016602
0.1256016602
0.1259114267
0.1259129878
0.1231036943
0.1230252807
0.1230252807
0.1228780616
0.1227850094
0.1227822912
0.1227526443
0.1227526443
0.1227521115
0.1227389642
0.1227339040
0.1227370160
0.1227370160
0.1227354522
0.1227424094
0.1227290628
0.1227341466
0.1227341466
0.1226994953
0.1225818961
0.1254436195
0.1252567899
0.1252567899
0.1251895815
0.1249058854
0.1247452850
0.1246248983
0.1246248983
0.1246229352
0.1246014811
0.1245965662
0.1245998084
0.1245998084
0.1245982729
0.1245474672
0.1244118775
0.1241665347
0.1241665347
0.1235522884
0.1239170433
0.1214470857
0.1220414415
0.1220414415
0.1220406682
0.1225510927
0.1228662445
0.1227937163
0.1227937163
0.1226028976
0.1229469980
0.1230425746
0.1229536145
0.1229536145
0.1223327724
0.1218522319
0.1210047167
0.1211693725
0.1211693725
0.1211446016
0.1212111044
0.1240592605
0.1238743230
0.1238743230
0.1239617182
0.1239602705
0.1238263886
0.1238628162
0.1238628162
0.1238645569
0.1239326436
0.1239337448
0.1238702398
0.1238702398
0.1239736944
0.1239726432
0.1239652826
0.1239031988
0.1239031988
0.1239040392
0.1238521398
0.1207287190
0.1207259149
0.1207259149
0.1208320440
0.1208869971
0.1208876765
0.1209611782
0.1209611782
0.1209674555
0.1209658783
0.1208287015
0.1208205675
0.1208205675
0.1206920164
0.1273810634
0.1232977157
0.1136211828
0.1136211828
0.1010281623
0.0890882247
0.0803715804
0.1036280858
0.1036280858
0.1314422287
0.1418342563
0.1659952517
0.1784266443
0.1784266443
0.1881957851
0.1959227337
0.2053221130
0.2139508397
0.2139508397
0.2157649492
0.2157625405
0.2157572616
0.2157666186
0.2157666186
0.2157601463
0.2157411991
0.2157372991
0.2157447250
0.2157447250
0.2157454950
0.2157423973
0.2157415283
0.2157432073
0.2157432073
0.2157448119
0.2157457048
0.2157422573
0.2157443328
0.2157443328
0.2157436549
0.2157322212
0.2157445250
0.2157498300
0.2157498300
0.2157468943
0.2157444606
0.2157443939
0.2157439427
0.2157439427
0.2157411640
0.2157380910
0.2157397711
0.2157391746
0.2157391746
0.2157415151
0.2157402081
0.2157429347
0.2157265084
0.2157265084
0.2157281881
0.2157320418
0.2157367381
0.1248520692
0.1248520692
0.1248435206
0.1248418763
0.1248409972
0.1248392885
0.1248392885
0.1248395272
0.1248384855
0.1248394073
0.1248355953
0.1248355953
0.1248149900
0.1248171401
0.1247025034
0.1245143880
0.1245143880
0.1245225014
0.1247498142
0.1247738990
0.1248302008
0.1248302008
0.1250439108
0.1234876390
0.1238940781
0.1240547611
0.1240547611
0.1242581812
0.1242621467
0.1243626138
0.1244825635
0.1244825635
0.1245619526
0.1245449985
0.1245463972
0.1245163476
0.1245163476
0.1245193272
0.1244996707
0.1244942652
0.1244848125
0.1244848125
0.1245450407
0.1245520226
0.1245428858
0.1245428858
0.1245404456
0.1245335109
0.1245338438
0.1245519423
0.1245519423
0.1245977817
0.1246171293
0.1245738873
0.1242217501
0.1242217501
0.1238557555
0.1232908381
0.1226004368
0.1223373267
0.1223373267
0.1220523766
0.1215704459
0.1214395170
0.1217399260
0.1217399260
0.1213294096
0.1211215198
0.1211725978
0.1218950488
0.1218950488
0.1221763734
0.1214023292
0.1214445619
0.1217388112
0.1217388112
0.1221253130
0.1224676104
0.1216909300
0.1209261355
0.1209261355
0.1202090050
0.1205724889
0.2141405347
0.2141840350
0.2141840350
0.2141008027
0.2139945849
0.2139912698
0.2140030892
0.2140030892
0.2139436664
0.2139321919
0.2139289952
0.2139217331
0.2139217331
0.2139111006
0.2139056905
0.2139071266
0.2139076806
0.2139076806
0.2138997139
0.2138981095
0.2139009384
0.2138926778
0.2138926778
0.2138926611
0.2157425926
0.2169970415
0.2128868549
0.2128868549
0.2141996105
0.2142017304
0.2142114170
0.2142087006
0.2142087006
0.2142191778
0.2142181402
0.2142251129
0.2142205559
0.2142205559
0.2153506811
0.2180080102
0.2255016124
0.2265798211
0.2265798211
0.2265742241
0.2265746337
0.2265789290
0.2265786107
0.2265786107
0.2261694734
0.2261651526
0.2261653810
0.2261675492
0.2261675492
0.2261656079
0.2276965202
0.2235249255
0.2211156757
0.2211156757
0.2163963859
0.2163957961
0.2160914035
0.2160889934
0.2160889934
0.2164397508
0.2164376048
0.2162907173
0.2162903943
0.2162903943
0.2164098690
0.2179308590
0.2160849087
0.2137250244
0.2137250244
0.2157187416
0.2154155400
0.2156784812
0.2158931318
0.2158931318
0.2157184822
0.2154539650
0.2172302278
0.2149703394
0.2149703394
0.2134165061
0.2102559324
0.2101571688
0.2099728507
0.2099728507
0.2098292354
0.2111665334
0.2189787375
0.2251810481
0.2251810481
0.2338987404
0.2338969765
0.2339003844
0.2338869411
0.2338869411
0.2354829555
0.2257760961
0.2172310197
0.2073896095
0.2073896095
0.2075771871
0.2075621401
0.2077792600
0.2092765154
0.2092765154
0.2097624260
0.2119686391
0.2114827343
0.2115035781
0.2115035781
0.2115070192
0.2115007217
0.2130014735
0.2133966994
0.2133966994
0.2131835209
0.2139242270
0.2139206708
0.2139243670
0.2139243670
0.2139209343
0.2154153152
0.2170929652
0.2130831550
0.2130831550
0.2142617147
0.2142638581
0.2142653915
0.2142595512
0.2142595512
0.2142650242
0.2142585693
0.2142611661
0.2142570128
0.2142570128
0.2142590933
0.2142596962
0.2142580496
0.2142524169
0.2142524169
0.2142572496
0.2142571443
0.2142555513
0.2142544948
0.2142544948
0.2142560748
0.2142545338
0.2142527103
0.2555099778
0.2555099778
0.2555143510
0.2555108989
0.2555101570
0.1908708768
0.1908708768
0.1908729960
0.1908728459
0.1908727505
0.2224688066
0.2224688066
0.2216867913
0.2211112787
0.2203865215
0.2195949623
0.2195949623
0.2190142703
0.2182954901
0.2174957492
0.2169073555
0.2169073555
0.2161624385
0.2153455150
0.2147699932
0.2140305956
0.2140305956
0.2132218550
0.2126491737
0.2119158155
0.2111216169
0.2111216169
0.2105445626
0.2231302074
0.2231223986
0.2237771106
0.2237771106
0.2237803886
0.2237856548
0.2237854604
0.2237887598
0.2237887598
0.2237857485
0.2237813196
0.2237776729
0.2237825510
0.2237825510
0.2237796541
0.2237814672
0.2237769971
0.2237791943
0.2237791943
0.2237791823
0.2237791197
0.2237760269
0.2237779322
0.2237779322
0.2237774976
0.2237738701
0.2237713055
0.2237713055
0.2237733419
0.2237699868
0.2237705514
0.2237691923
0.2237691923
0.2237696731
0.2237691873
0.2237716968
0.2237703381
0.2237703381
0.2237708331
0.2237687295
0.2237689056
0.2237669593
0.2237669593
0.2237678366
0.2235742966
0.2235752496
0.2235737376
0.2235737376
0.2235757054
0.2235746104
0.2235753938
0.2235745143
0.2235745143
0.2235758650
0.2235761462
0.2235760097
0.2235739265
0.2235739265
0.2235782677
0.2235812119
0.2235779496
0.2235807962
0.2235807962
0.2235792534
0.2235805281
0.2235800223
0.2235824911
0.2235824911
0.2235827231
0.2235829928
0.2235788846
0.2235806788
0.2235806788
0.2235804972
0.2235814034
0.2235803466
0.2235808901
0.2235808901
0.2235807706
0.2235813180
0.2235792792
0.2235811366
0.2235811366
0.2235810020
0.2235756206
0.2235811305
0.2235839894
0.2235839894
0.2235839219
0.2235845317
0.2235837268
0.2235872205
0.2235872205
0.2235911088
0.2235903176
0.2235978136
0.2235973631
0.2235973631
0.2235978507
0.2235966204
0.2235990920
0.2235990102
0.2235990102
0.2235979931
0.2236001091
0.2236011562
0.2236015297
0.2236015297
0.2235987055
0.2236009797
0.2236041643
0.2236036608
0.2236036608
0.2236057176
0.2236048928
0.2236083817
0.2236074198
0.2236074198
0.2236061142
0.2236934170
0.2236974584
0.2236974703
0.2236974703
0.2236975979
0.2236932326
0.2214915205
0.2145623676
0.2145623676
0.2063812615
0.2046256001
0.1920060403
0.1820964951
0.1820964951
0.1507700175
0.1386785013
0.1228893230
0.1100642899
0.1100642899
0.1029457186
0.1007438118
0.0994452983
0.1059628615
0.1059628615
0.1148541159
0.1181797917
0.1181775241
0.1181780165
0.1181780165
0.1181713128
0.1181798239
0.1181427277
0.1181443617
0.1181443617
0.1180556486
0.1179337543
0.1177957358
0.1178341406
0.1178341406
0.1177948437
0.1179604370
0.1179779202
0.1180040201
0.1180040201
0.1180788515
0.1180845151
0.1180833939
0.1180840426
0.1180840426
0.1180789087
0.1180842695
0.1180794342
0.1180794135
0.1180794135
0.1180742653
0.1180779089
0.1180715285
0.1180755789
0.1180755789
0.1180097983
0.1178931675
0.1178485665
0.1177765483
0.1177765483
0.1176781623
0.1176696551
0.1176678597
0.1176646049
0.1176646049
0.1176573112
0.1176671613
0.1176565014
0.1176592450
0.1176592450
0.1176272521
0.1175436415
0.1174152212
0.1173124745
0.1173124745
0.1172599197
0.1172876353
0.1173015448
0.1176852812
0.1176852812
0.1184861515
0.1188908015
0.1188674406
0.1190164486
0.1190164486
0.1198029168
0.1201594527
0.1206732780
0.1209741348
0.1209741348
0.1210774670
0.1209748738
0.1206922358
0.1206625509
0.1206625509
0.1206474755
0.1206478341
0.1206495720
0.1206507669
0.1206507669
0.1206616648
0.1206665159
0.1207208949
0.1207244885
0.1207244885
0.1208991698
0.1209736163
0.1204565875
0.1204556810
0.1204556810
0.1194774947
0.1196667659
0.1197282638
0.1197797435
0.1197797435
0.1205305884
0.1203247546
0.1195425701
0.1194473010
0.1194473010
0.1185076281
0.1185313123
0.1182896228
0.1182655404
0.1182655404
0.1182655404
0.1134825505
0.1134825505
