0.3742157770
0.3742157770
0.3742157770
0.3742157770
0.3742157770
0.3742157770
0.3742157770
0.3742157770
0.3742157770
0.3742157770
0.3742157770
0.3742157770
0.3736522550
0.3723722438
0.3707961595
0.3696902294
0.3696902294
0.3686945249
0.3678669043
0.3660406756
0.3651704975
0.3651704975
0.3640334685
0.3627647016
0.3612094329
0.3605163264
0.3605163264
0.3601811068
0.3593523017
0.3582759450
0.3574347120
0.3574347120
0.3571224265
0.3567168452
0.3545442989
0.3537907059
0.3537907059
0.3527588725
0.3521309846
0.3503082141
0.3495198144
0.3495198144
0.3492751190
0.3481313574
0.3471157650
0.3463714374
0.3463714374
0.3458985408
0.3455411197
0.3448190950
0.3436082826
0.3436082826
0.3434216880
0.3423802581
0.3415051950
0.3406968638
0.3406968638
0.3405001697
0.3398172327
0.3397738008
0.3390265917
0.3390265917
0.3391409787
0.3385490915
0.3368119563
0.3362563537
0.3362563537
0.3352267205
0.3347108817
0.3324170902
0.3316328241
0.3316328241
0.3311622599
0.3296032771
0.3289912798
0.3282755259
0.3282755259
0.3275063464
0.3261217154
0.3250718423
0.3237578569
0.3237578569
0.3227410472
0.3213870254
0.3201601577
0.3187862981
0.3187862981
0.3184212881
0.3166933301
0.3156216138
0.3141248069
0.3141248069
0.3131067107
0.3118397331
0.3091443274
0.3080719196
0.3080719196
0.3074083721
0.3051840079
0.3032015325
0.3016296470
0.3016296470
0.3001246946
0.2975533232
0.2936057285
0.2904791680
0.2904791680
0.2872514680
0.2842540320
0.2827699143
0.2823970951
0.2823970951
0.2831477933
0.2832335197
0.2830065063
0.2822408855
0.2822408855
0.2818543603
0.2805040973
0.2787875616
0.2778724439
0.2778724439
0.2770863549
0.2741203158
0.2726698928
0.2696465695
0.2696465695
0.2682695333
0.2670540588
0.2657661002
0.2636262850
0.2636262850
0.2624348530
0.2620567733
0.2612107439
0.2612577904
0.2612577904
0.2607055724
0.2602624764
0.2588830936
0.2572352277
0.2572352277
0.2568828334
0.2561252250
0.2551401088
0.2536212657
0.2536212657
0.2528569437
0.2517985065
0.2508873965
0.2498698052
0.2498698052
0.2489652800
0.2484347861
0.2469581982
0.2460827559
0.2460827559
0.2453872923
0.2440484672
0.2429081723
0.2418427022
0.2418427022
0.2405964291
0.2391909939
0.2369185430
0.2352008357
0.2352008357
0.2336893974
0.2317382811
0.2304867572
0.2287474062
0.2287474062
0.2283906986
0.2276668813
0.2274313531
0.2270419105
0.2270419105
0.2265162953
0.2257774437
0.2251837727
0.2238266218
0.2238266218
0.2226479471
0.2216394042
0.2186078123
0.2181299867
0.2181299867
0.2174920332
0.2160626501
0.2132877928
0.2125352051
0.2125352051
0.2122613712
0.2116283224
0.2107547373
0.2096153047
0.2096153047
0.2089529107
0.2078929827
0.2077747869
0.2076858612
0.2076858612
0.2078400306
0.2072515390
0.2061282370
0.2058741487
0.2058741487
0.2059360713
0.2056846485
0.2053871006
0.2053279027
0.2053279027
0.2042010296
0.2039879992
0.2019918057
0.2017485249
0.2017485249
0.2017518646
0.2011953288
0.2011177967
0.2005614761
0.2005614761
0.2006249625
0.2004834487
0.2003384593
0.2005054615
0.2005054615
0.2068318133
0.2145432709
0.2220427681
0.2289014103
0.2289014103
0.2353720561
0.2430136015
0.2492385500
0.2570755656
0.2570755656
0.2640119750
0.2726826731
0.2800253320
0.2889777138
0.2889777138
0.2971893121
0.3045451250
0.3132325828
0.3202321174
0.3202321174
0.3281802619
0.3359298204
0.3442056819
0.3522216762
0.3522216762
0.3602862432
0.3686385345
0.3766452179
0.3844338236
0.3844338236
0.3926605856
0.4015087720
0.4103803272
0.4176618844
0.4176618844
0.4258765142
0.4334349204
0.4427484714
0.4506158265
0.4506158265
0.4596922920
0.4671964191
0.4764185401
0.4847933304
0.4847933304
0.4852772310
0.4874963553
0.4879535246
0.4885541916
0.4885541916
0.4892145647
0.4901480022
0.4898091618
0.4906388191
0.4906388191
0.4911025674
0.4921083199
0.4923604898
0.4932265942
0.4932265942
0.4942917701
0.4960326919
0.4965623309
0.4968607065
0.4968607065
0.4979729380
0.4993729747
0.4998844030
0.5005026464
0.5005026464
0.5012173178
0.5016094710
0.5014540225
0.5025373157
0.5025373157
0.5034259601
0.5046909149
0.5047678552
0.5050211101
0.5050211101
0.5052624771
0.5057852859
0.5058064720
0.5065281380
0.5065281380
0.5072151859
0.5079285405
0.5082627915
0.5091412117
0.5091412117
0.5098952055
0.5107417284
0.5105187934
0.5113684843
0.5113684843
0.5117843640
0.5121844029
0.5123124573
0.5127991731
0.5127991731
0.5133946031
0.5135009122
0.5141437968
0.5147820825
0.5147820825
0.5152692651
0.5159252671
0.5159171098
0.5167552203
0.5167552203
0.5169813105
0.5174898322
0.5177018815
0.5181033680
0.5181033680
0.5184729256
0.5185420332
0.5183386261
0.5178676935
0.5178676935
0.5179029432
0.5177055987
0.5107260166
0.5040498562
0.5040498562
0.4961267148
0.4899910907
0.4829672478
0.4767906268
0.4767906268
0.4691668210
0.4631895252
0.4568798895
0.4505753845
0.4505753845
0.4511428393
0.4519990334
0.4519210340
0.4525978208
0.4525978208
0.4535132482
0.4534405679
0.4536918584
0.4543119874
0.4543119874
0.4549904787
0.4552214791
0.4556319271
0.4561511634
0.4561511634
0.4565091257
0.4577032160
0.4579526462
0.4585503955
0.4585503955
0.4587213887
0.4591424299
0.4588338935
0.4596684565
0.4596684565
0.4606233078
0.4615372178
0.4625676613
0.4618299332
0.4618299332
0.4627897791
0.4635488802
0.4632996845
0.4630527577
0.4630527577
0.4634382743
0.4644180786
0.4650872678
0.4652215309
0.4652215309
0.4657509686
0.4661052603
0.4672608656
0.4677102857
0.4677102857
0.4686423592
0.4696132945
0.4699211957
0.4702978668
0.4702978668
0.4711709728
0.4714334442
0.4720662869
0.4720510578
0.4720510578
0.4729221785
0.4740462640
0.4749793286
0.4750791367
0.4750791367
0.4764734005
0.4776576637
0.4776250540
0.4782179690
0.4782179690
0.4788262553
0.4799429732
0.4811601696
0.4826814994
0.4826814994
0.4838086467
0.4855466835
0.4864917807
0.4864120252
0.4864120252
0.4868955981
0.4875382324
0.4871608960
0.4881451753
0.4881451753
0.4889959733
0.4900258954
0.4907512818
0.4923224200
0.4923224200
0.4923824863
0.4931012712
0.4936537280
0.4937845344
0.4937845344
0.4943780263
0.4944668301
0.4954962407
0.4962938828
0.4962938828
0.4966981954
0.4975056034
0.4987079531
0.4995718306
0.4995718306
0.5006144763
0.5023731742
0.5041117722
0.5054871703
0.5054871703
0.5066406627
0.5095988799
0.5110636154
0.5128271729
0.5128271729
0.5138405789
0.5157837008
0.5173183019
0.5188547154
0.5188547154
0.5201079159
0.5227071312
0.5238325455
0.5250021579
0.5250021579
0.5263603952
0.5289209971
0.5304039280
0.5314471616
0.5314471616
0.5326522021
0.5263516997
0.5194669196
0.5132687161
0.5132687161
0.5061389132
0.4990694882
0.4914941857
0.4839979759
0.4839979759
0.4837588988
0.4843008223
0.4840065165
0.4844942973
0.4844942973
0.4855430133
0.4866278191
0.4873205526
0.4869920564
0.4869920564
0.4872669351
0.4874438242
0.4877179729
0.4881589792
0.4881589792
0.4890044923
0.4905273652
0.4921181301
0.4936046722
0.4936046722
0.4942826303
0.4967582437
0.4978127101
0.4989416754
0.4989416754
0.4992852131
0.4998792512
0.5000178730
0.4997363733
0.4997363733
0.4996395174
0.5004218605
0.5007290341
0.5010798457
0.5010798457
0.5016988845
0.5031499854
0.5044690213
0.5054349008
0.5054349008
0.5057262100
0.5065967653
0.5072087264
0.5081663747
0.5081663747
0.5088676723
0.5103661170
0.5108978117
0.5116000875
0.5116000875
0.5127302404
0.5143360209
0.5149108248
0.5157410042
0.5157410042
0.5161678367
0.5165757768
0.5180867512
0.5188079592
0.5188079592
0.5195019239
0.5206134734
0.5216421086
0.5220509565
0.5220509565
0.5225399080
0.5239303690
0.5247657878
0.5252954166
0.5252954166
0.5251649438
0.5256802770
0.5264836813
0.5270237925
0.5270237925
0.5277302208
0.5291622695
0.5295412581
0.5298066214
0.5298066214
0.5298341214
0.5301636206
0.5303775227
0.5303167272
0.5303167272
0.5304121486
0.5308514260
0.5311752476
0.5312537700
0.5312537700
0.5313496634
0.5313808694
0.5319966145
0.5319540743
0.5319540743
0.5323430019
0.5321796933
0.5321522322
0.6622800643
0.6622800643
0.6621381870
0.6621115207
0.6609856883
0.6604938831
0.6604938831
0.6601680944
0.6600826779
0.6589164291
0.6582753034
0.6582753034
0.6578003114
0.6565922572
0.6537366858
0.6527192338
0.6527192338
0.6517849882
0.6506876353
0.6482666726
0.6463644664
0.6463644664
0.6448413644
0.6427852360
0.6417050792
0.6400775882
0.6400775882
0.6402434949
0.6406673646
0.6406102751
0.6390668920
0.6390668920
0.6367712566
0.6325007073
0.6320697565
0.6340038637
0.6340038637
0.6338832223
0.6351324612
0.6377851908
0.6390521133
0.6390521133
0.6405229512
0.6430334193
0.6445926846
0.6459135402
0.6459135402
0.6467282597
0.6472161288
0.6471539511
0.6463119128
0.6463119128
0.6440214156
0.6410593383
0.6382885982
0.6366629391
0.6366629391
0.6368757405
0.6388185928
0.6392785839
0.6392332545
0.6392332545
0.6380592730
0.6380611303
0.6367259646
0.6351854600
0.6351854600
0.6336748166
0.6330704242
0.6307254788
0.6278711743
0.6278711743
0.6279738619
0.6280728645
0.6272586853
0.6266802980
0.6266802980
0.6258240828
0.6249814563
0.6239405884
0.6229126493
0.6229126493
0.6216742008
0.6197804297
0.6180063317
0.6161961394
0.6161961394
0.6147266192
0.6125285157
0.6076451919
0.6014572438
0.6014572438
0.5978383760
0.5979375567
0.5942357738
0.5923166261
0.5923166261
0.5926082095
0.5907117909
0.5865735749
0.5798406959
0.5798406959
0.5719289702
0.5693727341
0.5641081304
0.5508668668
0.5508668668
0.5415905620
0.5281954600
0.5200495433
0.5135653238
0.5135653238
0.5081921394
0.5023366776
0.4978756515
0.4926216708
0.4926216708
0.4874247748
0.4841158155
0.4790624746
0.4751694296
0.4751694296
0.4715467624
0.4691166098
0.4637705383
0.4600941178
0.4600941178
0.4557862702
0.4512513719
0.4467858863
0.4418175600
0.4418175600
0.4385001340
0.4339839281
0.4307379595
0.4295116401
0.4295116401
0.4286055528
0.4265198683
0.4250300367
0.4239817756
0.4239817756
0.4231031215
0.4240229994
0.4268844899
0.4277177254
0.4277177254
0.4285524781
0.4312667194
0.4334266866
0.4346073627
0.4346073627
0.4348382649
0.4330213428
0.4325157904
0.4338866695
0.4338866695
0.4346826607
0.4352333002
0.4354013555
0.4334636846
0.4334636846
0.4308781085
0.4287158136
0.4249757276
0.4215225951
0.4215225951
0.4187660625
0.4168809586
0.4121298146
0.4099826046
0.4099826046
0.4110032456
0.4162669403
0.4200733746
0.4213199596
0.4213199596
0.4224910993
0.4226625951
0.4222545363
0.4225742062
0.4225742062
0.4219224806
0.4211905445
0.4187489548
0.4127122885
0.4127122885
0.4034628140
0.4023517122
0.4042062257
0.4059653465
0.4059653465
0.4100161427
0.4138491396
0.4164145184
0.4161970584
0.4161970584
0.4161917567
0.4145847472
0.4140531234
0.4138769829
0.4138769829
0.4118423344
0.4053903674
0.4019276707
0.3989520429
0.3989520429
0.3955463386
0.3923107142
0.3881138566
0.3878002484
0.3878002484
0.3875286271
0.3882416116
0.3879838994
0.3864218911
0.3864218911
0.3860531516
0.3878852334
0.3888919506
0.3862293260
0.3862293260
0.3800888429
0.3760617759
0.3753613370
0.3731856681
0.3731856681
0.3703216700
0.3684376396
0.3663107450
0.3646345135
0.3646345135
0.3635458213
0.3609160590
0.3584754206
0.3552009866
0.3552009866
0.3529724289
0.3498050608
0.3479095634
0.3442428190
0.3442428190
0.3412027026
0.3394017536
0.3356786649
0.3324493117
0.3324493117
0.3302847949
0.3269001031
0.3220915799
0.3167431321
0.3167431321
0.3132726979
0.3085862290
0.3055899106
0.3030064025
0.3030064025
0.2972976042
0.2933961588
0.2873878761
0.2850006588
0.2850006588
0.2821090433
0.2777816084
0.2752498840
0.2712943203
0.2712943203
0.2690762878
0.2668117830
0.2639748369
0.2611175599
0.2611175599
0.2596120944
0.2580475751
0.2626828810
0.2697366171
0.2697366171
0.2762330594
0.2840515866
0.2908812115
0.2992004184
0.2992004184
0.3079958725
0.3159269560
0.3249132712
0.3333684028
0.3333684028
0.3418399450
0.3501830301
0.3584980348
0.3668185511
0.3668185511
0.3763859335
0.3850282341
0.3922783984
0.4007096261
0.4007096261
0.4092650525
0.4132118559
0.4132179083
0.4124049201
0.4124049201
0.4123167485
0.4115576215
0.4108000807
0.4100855702
0.4100855702
0.4102271097
0.4097241883
0.4090128569
0.4086929568
0.4086929568
0.4081551607
0.4073970234
0.4066027262
0.4060434737
0.4060434737
0.4054705039
0.4047444357
0.4040067992
0.4029939834
0.4029939834
0.4015910764
0.4006605953
0.4000602357
0.3983665835
0.3983665835
0.3963395099
0.3953947784
0.3945909053
0.3936781809
0.3936781809
0.3934921261
0.3937186738
0.3931626114
0.3927833285
0.3927833285
0.3921085951
0.3923688500
0.3922854184
0.3915073199
0.3915073199
0.3914806086
0.3915911892
0.3907935123
0.3911951766
0.3911951766
0.3912902944
0.3906481640
0.3899963578
0.3893685106
0.3893685106
0.3876698389
0.3857852979
0.3843185452
0.3868750688
0.3868750688
0.3892414296
0.3906871891
0.3926134594
0.3936405119
0.3936405119
0.3942262577
0.3948887576
0.3945749425
0.3945868616
0.3945868616
0.3950667686
0.3960578796
0.3967708209
0.3974791100
0.3974791100
0.3976429837
0.3981919372
0.3981490663
0.3973094828
0.3973094828
0.3975685315
0.3995530801
0.4016613092
0.4016791581
0.4016791581
0.4032314289
0.4016412591
0.4022038608
0.4017266591
0.4017266591
0.4003526087
0.3995010289
0.3991515188
0.3993525671
0.3993525671
0.3991892047
0.4002128575
0.3994781871
0.3995716403
0.3995716403
0.2763709282
0.2763733751
0.2775559405
0.2787959581
0.2787959581
0.2793689570
0.2819318015
0.2823993941
0.2829575448
0.2829575448
0.2837450524
0.2849986814
0.2859032423
0.2867920705
0.2867920705
0.2873965622
0.2890881296
0.2895080983
0.2904496776
0.2904496776
0.2912202193
0.2926499400
0.2940720944
0.2946048748
0.2946048748
0.2957367342
0.2978938195
0.2987630599
0.2996079171
0.2996079171
0.3010378637
0.3021647994
0.3042982005
0.3047943179
0.3047943179
0.3056721596
0.3059024850
0.3063977269
0.3086728891
0.3086728891
0.3096187598
0.3113792382
0.3125137790
0.3131690578
0.3131690578
0.3148413603
0.3155259209
0.3169562351
0.3179844995
0.3179844995
0.3190470231
0.3201768872
0.3206458695
0.3211325003
0.3211325003
0.3216729286
0.3242229581
0.3246499633
0.3255206478
0.3255206478
0.3271229325
0.3280368703
0.3293838162
0.3304988024
0.3304988024
0.3310373108
0.3324220639
0.3344658813
0.3342945291
0.3342945291
0.3354346014
0.3358706542
0.3376132577
0.3365139651
0.3365139651
0.3391422587
0.3406373903
0.3415508018
0.3424541700
0.3424541700
0.3439622137
0.3448591269
0.3464150450
0.3482348517
0.3482348517
0.3489631327
0.3512660527
0.3515995907
0.3539185240
0.3539185240
0.3537813279
0.3549853806
0.3562904999
0.3562964835
0.3562964835
0.3581690600
0.3588956834
0.3599050988
0.3624053956
0.3624053956
0.3634049636
0.3645023826
0.3661461505
0.3685822683
0.3685822683
0.3689750076
0.3701886298
0.3720921623
0.3727096629
0.3727096629
0.3738599647
0.3741247732
0.3755904858
0.3774183888
0.3774183888
0.3765622456
0.3797015863
0.3813038477
0.3833673980
0.3833673980
0.3851268381
0.3868009811
0.3893986132
0.3885407551
0.3885407551
0.3886851241
0.3926637886
0.3936241617
0.3950491333
0.3950491333
0.3965033934
0.3990431810
0.4012407090
0.4018485608
0.4018485608
0.4093051368
0.4135042840
0.4177384668
0.4225837916
0.4225837916
0.4253132280
0.4278762241
0.4290344706
0.4330586071
0.4330586071
0.4347566476
0.4361027555
0.4380368013
0.4395325985
0.4395325985
0.4405851618
0.4421784901
0.4425195675
0.4424861573
0.4424861573
0.4405569339
0.4399524180
0.4393045751
0.4376715144
0.4376715144
0.4371088014
0.4363096523
0.4351780865
0.4328541914
0.4328541914
0.4316700418
0.4309579395
0.4298904042
0.4279378141
0.4279378141
0.4269507966
0.4257942949
0.4253696036
0.4233634196
0.4233634196
0.4226612066
0.4213763053
0.4204623426
0.4188357483
0.4188357483
0.4175393260
0.4164150749
0.4155296536
0.4138870008
0.4138870008
0.4130004783
0.4119318320
0.4111777277
0.4095528922
0.4095528922
0.4090083824
0.4081436363
0.4073788844
0.4058394750
0.4058394750
0.4049330645
0.4041337016
0.4033556302
0.4018410385
0.4018410385
0.4012202101
0.4002194343
0.3994452154
0.3982021732
0.3982021732
0.3976168285
0.3968307502
0.3960149538
0.3950125556
0.3950125556
0.3939075306
0.3932044530
0.3925244793
0.3916108896
0.3916108896
0.3903685219
0.3895492650
0.3884999497
0.3872745285
0.3872745285
0.3869031360
0.3862800569
0.3854575314
0.3843530289
0.3843530289
0.3829764756
0.3821230773
0.3813528353
0.3802716340
0.3802716340
0.3794787348
0.3787320726
0.3780079260
0.3770046043
0.3770046043
0.3764398496
0.3757532650
0.3747472809
0.3738628310
0.3738628310
0.3734720256
0.3730014300
0.3726009764
0.3712136632
0.3712136632
0.3706952457
0.3703141074
0.3695044568
0.3684298831
0.3684298831
0.3681441861
0.3674079545
0.3670766965
0.3660820899
0.3660820899
0.3655726431
0.3648858350
0.3643220021
0.3634522307
0.3634522307
0.3631305683
0.3624050075
0.3622181598
0.3614037362
0.3614037362
0.3612122492
0.3605419245
0.3601478813
0.3592100724
0.3592100724
0.3588746874
0.3584626079
0.3582011722
0.3570671695
0.3570671695
0.3566192940
0.3556681799
0.3552363813
0.3543685993
0.3543685993
0.3543387638
0.3538176415
0.3531993850
0.3526259746
0.3526259746
0.3522175679
0.3517776318
0.3515296225
0.3501617448
0.3501617448
0.3501023701
0.3498854768
0.3492835007
0.3491096730
0.3491096730
0.3487557459
0.3483053980
0.3478568140
0.3469580509
0.3469580509
0.3469633875
0.3468849576
0.3468500940
0.3459190979
0.3459190979
0.3457810104
0.3452993030
0.3450232471
0.3442881639
0.3442881639
0.3441491057
0.3437674173
0.3434059693
0.3427272549
0.3427272549
0.3427523116
0.3425972770
0.3419127335
0.3412243711
0.3412243711
0.3412005237
0.3411506244
0.3407056303
0.3400175561
0.3400175561
0.3400714073
0.3398044247
0.3391707291
0.3384841202
0.3384841202
0.3385613833
0.3384047998
0.3385253951
0.3377421522
0.3377421522
0.3376515716
0.3375662534
0.3375570424
0.3367312958
0.3367312958
0.3366719346
0.3365163863
0.3365483389
0.3358957378
0.3358957378
0.3358936834
0.3355486282
0.3355150147
0.3350715939
0.3350715939
0.3350506967
0.3346761615
0.3344508290
0.3338760037
0.3338760037
0.3337612847
0.3334089318
0.3332274090
0.3325620697
0.3325620697
0.3326533606
0.3326909944
0.3329073736
0.3323015864
0.3323015864
0.3322075623
0.3322118387
0.3321880384
0.3320568634
0.3320568634
0.3319696285
0.3318569184
0.3318416569
0.3316121196
0.3316121196
0.3317919919
0.3317571253
0.3318719905
0.3315545234
0.3315545234
0.3318146227
0.3318741005
0.3320509766
0.3319414541
0.3319414541
0.3321254938
0.3321786070
0.3322236438
0.3319346773
0.3319346773
0.3322020232
0.3325819686
0.3326742469
0.3323876887
0.3323876887
0.3324162924
0.3325855082
0.3328427605
0.3325706678
0.3325706678
0.3325455730
0.3326995006
0.3328409612
0.3328033821
0.3328033821
0.3329942990
0.3331400848
0.3332766180
0.3334756805
0.3334756805
0.3334973902
0.3335845384
0.3337852168
0.3338421139
0.3338421139
0.3339539553
0.3339000583
0.3337830381
0.3337868081
0.3337868081
0.3342920266
0.3347212438
0.3349667298
0.3347440752
0.3347440752
0.3350978613
0.3353258673
0.3356881904
0.3359002591
0.3359002591
0.3364735955
0.3365908616
0.3368306364
0.3368017377
0.3368017377
0.3372432535
0.3371818267
0.3375383529
0.3377372538
0.3377372538
0.3380764135
0.3381757502
0.3382819851
0.3385201771
0.3385201771
0.3389238865
0.3390155087
0.3392519591
0.3392190749
0.3392190749
0.3396739107
0.3400904459
0.3402295824
0.3399211526
0.3399211526
0.3402941154
0.3405835934
0.3409334849
0.3405061861
0.3405061861
0.3407525496
0.3410837991
0.3413373652
0.3414527578
0.3414527578
0.3416948541
0.3421282338
0.3422851492
0.3424401450
0.3424401450
0.3428001253
0.3432376474
0.3433228780
0.3434134322
0.3434134322
0.3439319968
0.3443153997
0.3443360546
0.3445374210
0.3445374210
0.3450669197
0.3457435651
0.3462392857
0.3462345648
0.3462345648
0.3466571615
0.3470811831
0.3473038552
0.3472223666
0.3472223666
0.3477125214
0.3481674823
0.3485283746
0.3488745680
0.3488745680
0.3490310558
0.3495122777
0.3498058051
0.3501182563
0.3501182563
0.3506060585
0.3510759757
0.3517169686
0.3519400215
0.3519400215
0.3526005531
0.3531560216
0.3536712565
0.3536168350
0.3536168350
0.3540409003
0.3550109924
0.3556732473
0.3556499718
0.3556499718
0.3558586731
0.3536291472
0.3515830726
0.3482155683
0.3482155683
0.3464251227
0.3442754093
0.3424692976
0.3399749500
0.3399749500
0.3373185868
0.3352874282
0.3325182395
0.3306170948
0.3306170948
0.3279604157
0.3261532220
0.3232054969
0.3208361364
0.3208361364
0.3185846463
0.3158222335
0.3135246878
0.3111861033
0.3111861033
0.3082845694
0.3052921276
0.3040911722
0.2999237932
0.2999237932
0.2980556603
0.2949017867
0.2924442889
0.2897288277
0.2897288277
0.2878317902
0.2860668783
0.2827423261
0.2807026095
0.2807026095
0.2783024561
0.2756434409
0.2731957167
0.2706302311
0.2706302311
0.2688628769
0.2661885443
0.2640931561
0.2614944809
0.2614944809
0.2596472433
0.2574461629
0.2551838381
0.2532178422
0.2532178422
0.2508135405
0.2489752438
0.2471350284
0.2447987771
0.2447987771
0.2435358836
0.2419305212
0.2400161366
0.2378831291
0.2378831291
0.2370526447
0.2353633449
0.2339865782
0.2323943098
0.2323943098
0.2316095423
0.2301589221
0.2290187683
0.2278146184
0.2278146184
0.2274652488
0.2263109317
0.2246182734
0.2237572475
0.2237572475
0.2240077767
0.2228074855
0.2220357776
0.2203224269
0.2203224269
0.2208305683
0.2199621375
0.2188701728
0.2193432796
0.2193432796
0.2206869201
0.2214941960
0.2220199886
0.2225243392
0.2225243392
0.2235170107
0.2239814416
0.2243814879
0.2249274015
0.2249274015
0.2260874190
0.2264992339
0.2267128612
0.2265946006
0.2265946006
0.2271469939
0.2276839299
0.2279121177
0.2284190322
0.2284190322
0.2295155878
0.2303917276
0.2310633716
0.2317639753
0.2317639753
0.2327912774
0.2337669339
0.2347914118
0.2354646018
0.2354646018
0.2365738789
0.2369629479
0.2376114418
0.2380587813
0.2380587813
0.2396041598
0.2409292313
0.2420600560
0.2426550899
0.2426550899
0.2441023216
0.2461720171
0.2462599580
0.2473036741
0.2473036741
0.2483997389
0.2492014881
0.2496488204
0.2501656322
0.2501656322
0.2511033361
0.2520449913
0.2528393473
0.3783281155
0.3783281155
0.3780782773
0.3763900615
0.3745663622
0.3746938868
0.3746938868
0.3736998953
0.3730865749
0.3716956874
0.3701206926
0.3701206926
0.3689694779
0.3667058609
0.3648977791
0.3630562892
0.3630562892
0.3617458436
0.3592767169
0.3581442408
0.3567836836
0.3567836836
0.3555865885
0.3536582990
0.3523172373
0.3512794750
0.3512794750
0.3493740076
0.3486496702
0.3488897752
0.3485104147
0.3485104147
0.3477394538
0.3475094338
0.3465953900
0.3461957067
0.3461957067
0.3444369941
0.3437455579
0.3426642042
0.3413121266
0.3413121266
0.3403631062
0.3398240757
0.3397707924
0.3395936798
0.3395936798
0.3398710710
0.3400254052
0.3398197642
0.3385269058
0.3385269058
0.3377810415
0.3374456415
0.3369989720
0.3360086408
0.3360086408
0.3350867143
0.3340569156
0.3342261036
0.3335536892
0.3335536892
0.3336383006
0.3334226767
0.3333691011
0.3335657893
0.3335657893
0.3335959926
0.3335062763
0.3343070460
0.3355097203
0.3355097203
0.3363291161
0.3370784267
0.3382763658
0.3396797762
0.3396797762
0.3406929035
0.3405277428
0.3404330807
0.3408934051
0.3408934051
0.3420011287
0.3428947827
0.3430301441
0.3437508149
0.3437508149
0.3441728183
0.3445983463
0.3448797100
0.3456771810
0.3456771810
0.3464587716
0.3470928988
0.3478624959
0.3486501474
0.3486501474
0.3493003563
0.3499987627
0.3501241961
0.3504954303
0.3504954303
0.3517507101
0.3528827463
0.3532183991
0.3539567595
0.3539567595
0.3544684235
0.3551940061
0.3558308845
0.3565851662
0.3565851662
0.3562538938
0.3557717987
0.3560187993
0.3565080165
0.3565080165
0.3563929211
0.3557283949
0.3546343087
0.3538916910
0.3538916910
0.3531455615
0.3527921830
0.3514967862
0.3506080813
0.3506080813
0.3489622775
0.3481935264
0.3476987676
0.3469610222
0.3469610222
0.3467727757
0.3465635497
0.3462719222
0.3465553133
0.3465553133
0.3464839700
0.3464666949
0.3457244393
0.3460242981
0.3460242981
0.3463599316
0.3464680669
0.3458088479
0.3454386745
0.3454386745
0.3451778265
0.3448029776
0.3438965674
