0.2318758129
0.2318758129
0.2318758129
0.2318758129
0.2318758129
0.2318758129
0.2318758129
0.2318758129
0.2318758129
0.2318758129
0.2318758129
0.2318758129
0.2318758129
0.2318758129
0.2318758129
0.2318758129
0.2318758129
0.2318758129
0.2318758129
0.2318758129
0.2318758129
0.2318758129
0.2318758129
0.2318758129
0.2318758129
0.2318758129
0.2318758129
0.2318758129
0.2318758129
0.2318758129
0.2318758129
0.2318758129
0.2318758129
0.2318758129
0.2318758129
0.2318758129
0.2318758129
0.2318758129
0.2318758129
0.2318758129
0.2318758129
0.2318758129
0.2318758129
0.2318758129
0.2318758129
0.2318758129
0.2318758129
0.2318758129
0.2318758129
0.2318758129
0.2318758129
0.2318758129
0.2318758129
0.2318758129
0.2318758129
0.2318758129
0.2318758129
0.2318758129
0.2318758129
0.2318758129
0.2318758129
0.2318758129
0.2318758129
0.2318758129
0.2318758129
0.2318758129
0.2318758129
0.2318758129
0.2318758129
0.2318758129
0.2318758129
0.2318758129
0.2318758129
0.2318758129
0.2318758129
0.2318758129
0.2318758129
0.2318758129
0.2318758129
0.2318758129
0.2318758129
0.2318758129
0.2318758129
0.2318758129
0.2318758129
0.2318758129
0.2318758129
0.2318758129
0.2318758129
0.2318758129
0.2318758129
0.2318758129
0.2318758129
0.2318758129
0.2318758129
0.2318758129
0.2318758129
0.2753733932
0.3111216108
0.3302190153
0.3460893266
0.3460893266
0.3631386454
0.3802416223
0.4095414003
0.4418507536
0.4418507536
0.4771266915
0.5089026744
0.5035819616
0.4891132206
0.4891132206
0.4724907958
0.4568432259
0.4422721344
0.4279955753
0.4279955753
0.4095194702
0.3894255164
0.3703859137
0.3503295154
0.3503295154
0.3295037072
0.3098795176
0.2953582792
0.2835480782
0.2835480782
0.2722769708
0.2652230578
0.2595313123
0.2603002117
0.2603002117
0.2694903918
0.2964128127
0.3304078762
0.3540872286
0.3540872286
0.3556379886
0.3478000996
0.3336899915
0.3155333361
0.3155333361
0.2988656089
0.2855013405
0.2726945000
0.2582355027
0.2582355027
0.2424545442
0.2276373799
0.2123390069
0.1977859687
0.1977859687
0.2240274641
0.2247686301
0.2227065385
0.2238619251
0.2238619251
0.2247441373
0.2237098084
0.2198777974
0.2153361848
0.2153361848
0.2186926953
0.2173804048
0.2170037705
0.2140662819
0.2140662819
0.2127195232
0.2132204130
0.2128689392
0.2102095992
0.2102095992
0.2108948941
0.2101188112
0.2110424552
0.2100635978
0.2100635978
0.2119950684
0.2113438702
0.2129019252
0.2130868098
0.2130868098
0.2144841739
0.2132904436
0.2136073843
0.2120999638
0.2120999638
0.2120733407
0.2130700222
0.2127336435
0.2138597992
0.2138597992
0.2128038490
0.2137085002
0.2128590496
0.2141135318
0.2141135318
0.2130329809
0.2133533663
0.4573026788
0.4582359994
0.4582359994
0.4590462602
0.4588458817
0.4599337431
0.4596072410
0.4596072410
0.4603017329
0.4609228172
0.4605992743
0.4611963548
0.4611963548
0.4616615598
0.4615169572
0.4627689846
0.4623022016
0.4623022016
0.4637049051
0.4634503196
0.4643030400
0.4651663239
0.4651663239
0.4651344146
0.4660376139
0.4669896104
0.4668538974
0.4668538974
0.4674210067
0.4679052925
0.4674459215
0.4676824669
0.4676824669
0.4678526115
0.4672694094
0.4681229941
0.4673319403
0.4673319403
0.4681922041
0.4674921123
0.4677531161
0.4678067565
0.4678067565
0.4670459498
0.4667315979
0.4665585003
0.4669722147
0.4669722147
0.4656727736
0.4661709447
0.4650815253
0.4650172124
0.4650172124
0.4649595980
0.4638793035
0.4641312744
0.4627565391
0.4627565391
0.4628173217
0.4615346794
0.4610218740
0.4604718003
0.4604718003
0.4591409152
0.4582376686
0.4573800034
0.4570294357
0.4570294357
0.4553519341
0.4552374528
0.4541456782
0.4541225499
0.4541225499
0.4546340971
0.4544446611
0.4551527044
0.2677156810
0.2677156810
0.2689269389
0.2697574562
0.2716240012
0.2718472048
0.2718472048
0.2746828645
0.2772104886
0.2804237761
0.2849017787
0.2849017787
0.2909406196
0.2950506959
0.2983910356
0.3021525782
0.3021525782
0.3072108755
0.3087362161
0.3131019910
0.3173564976
0.3173564976
0.3206754983
0.3229193537
0.3273799740
0.3305450950
0.3305450950
0.3335724817
0.3371816062
0.3424456827
0.3460362427
0.3460362427
0.3482801489
0.3526764532
0.3557863810
0.3583117568
0.3583117568
0.3611558443
0.3647406852
0.3681737765
0.3692754580
0.3692754580
0.3732787199
0.3757091804
0.3778462645
0.3778462645
0.3802233703
0.3839854379
0.3863013333
0.3879292319
0.3911764168
0.3911764168
0.3923031340
0.3924493494
0.3901401115
0.3888304151
0.3888304151
0.6054412159
0.6062997362
0.6072316038
0.6072316038
0.6069127070
0.6080959495
0.6074867703
0.6085351708
0.6085351708
0.6076830971
0.6083259288
0.6075523688
0.6081931425
0.6081931425
0.6072656042
0.6080274768
0.6069578768
0.6076174627
0.6076174627
0.6064462517
0.6070265646
0.6059474943
0.6065764612
0.6065764612
0.6054147611
0.6059719335
0.6049975178
0.6057119010
0.6057119010
0.6048736846
0.6052122666
0.6040204603
0.6047835979
0.6047835979
0.6038875617
0.6049446809
0.6043857284
0.6055538252
0.6055538252
0.6048957880
0.6060385962
0.6056344295
0.6065925498
0.6065925498
0.6061950324
0.6062812160
0.5761544982
0.5760571643
0.5760571643
0.5761540925
0.5754570421
0.5752427666
0.5753467281
0.5753467281
0.5747532349
0.5745854708
0.5747938820
0.5741535783
0.5741535783
0.5738758058
0.5739184279
0.5733641873
0.5731984904
0.5731984904
0.5733736975
0.5727976994
0.5727764462
0.4556215943
0.4556215943
0.4569175695
0.4568174253
0.4579200905
0.4571982644
0.4571982644
0.4584777303
0.4579758273
0.4591578210
0.4585891954
0.4585891954
0.4597264312
0.4591169116
0.4601476289
0.4595138788
0.4595138788
0.4607455643
0.4603080383
0.4611727114
0.4603188839
0.4603188839
0.4612588065
0.4617382578
0.4617531333
0.4615020139
0.4615020139
0.4620108707
0.4623818739
0.4622308403
0.4616669503
0.4616669503
0.4628862290
0.4624905763
0.4633341765
0.4626886562
0.4626886562
0.4640302855
0.4638305634
0.4648273149
0.4642853593
0.4642853593
0.4648288169
0.4829165001
0.4854939353
0.4879059140
0.4879059140
0.4910024549
0.4912534970
0.4947577192
0.4954132308
0.4954132308
0.4995808890
0.5006518232
0.5048591712
0.5055947165
0.5055947165
0.5093939849
0.5100700833
0.5123353804
0.5140313556
0.5140313556
0.5157466577
0.5181748163
0.5179334183
0.5205343630
0.5205343630
0.5203517400
0.5221856202
0.5249138150
0.5246355653
0.5246355653
0.5270499856
0.5267720291
0.5292757629
0.5289482140
0.5289482140
0.5316419740
0.5312112045
0.5333683774
0.5330873236
0.5330873236
0.5356864249
0.5356383366
0.5384035307
0.5387963676
0.5387963676
0.5413554106
0.5409400550
0.5435497340
0.5437557706
0.5437557706
0.5456064148
0.5478048344
0.5493277796
0.5509586006
0.5509586006
0.5528453387
0.5531947277
0.5554713882
0.5584372322
0.5584372322
0.5588826259
0.5618517500
0.5623505802
0.5655884915
0.5655884915
0.5663425168
0.5696599602
0.5709021572
0.5741710678
0.5741710678
0.5748353545
0.5784273143
0.5797661564
0.5827773351
0.5827773351
0.5857847734
0.5883203735
0.5911613393
0.5939864368
0.5939864368
0.5951821689
0.5989459607
0.6000682280
0.6037535581
0.6037535581
0.6049466416
0.6078129936
0.6088758381
0.4838499947
0.4838499947
0.4852372577
0.4857472497
0.4862353292
0.4863613467
0.4863613467
0.4851463048
0.4857775342
0.4861762804
0.4861579633
0.4861579633
0.4860377057
0.4859276821
0.4862262182
0.4854150542
0.4854150542
0.4833840879
0.4826905654
0.4822369161
0.4817764134
0.4817764134
0.4814531451
0.4813000532
0.4809012471
0.4805415443
0.4805415443
0.4790927022
0.4785726921
0.4778896397
0.4769664791
0.4769664791
0.4764425970
0.4748745446
0.4733495114
0.4719770180
0.4719770180
0.4698093609
0.4676544059
0.4667294514
0.4667294514
0.4668524538
0.4660929118
0.4655394994
0.4648117433
0.4644676439
0.4644676439
0.4618125614
0.4610338037
0.4601560478
0.4597772967
0.4597772967
0.4602959190
0.4594532772
0.4601830487
0.4601830487
0.4597154306
0.4585496176
0.4596816068
0.4590614429
0.4590614429
0.4602310899
0.4598946471
0.4600787152
0.4611016824
0.4611016824
0.4606734185
0.4596194190
0.4601527724
0.4608864205
0.4608864205
0.4619677502
0.4624643719
0.4632909358
0.4638378413
0.4638378413
0.4642110789
0.4625714194
0.4616945498
0.4619728211
0.4619728211
0.4611627231
0.4612367624
0.4612449458
0.4608254831
0.4608254831
0.4603986489
0.4587968847
0.4586191591
0.4582139898
0.4582139898
0.4574093086
0.4572235186
0.4573633992
0.4580233448
0.4580233448
0.4586541313
0.4574984835
0.4579712954
0.4583861011
0.4583861011
0.4589790365
0.4601776760
0.4604674496
0.4608303087
0.4608303087
0.4611055844
0.4597937067
0.4600871849
0.4604228040
0.4604228040
0.4609059715
0.4610316875
0.4615311647
0.4628975998
0.4628975998
0.4627227219
0.4613229583
0.4614420583
0.4617273195
0.4617273195
0.4622905147
0.4630576752
0.4629350974
0.5648460789
0.5648460789
0.5647543682
0.5642297135
0.5633925163
0.5632561226
0.5632561226
0.5633702002
0.5631767519
0.5630918320
0.5629005655
0.5629005655
0.5617812179
0.5611172340
0.5598437751
0.5593903791
0.5593903791
0.5591285660
0.5586691278
0.5588869117
0.5595869803
0.5595869803
0.5598319960
0.5602582570
0.5604669092
0.5598591154
0.5598591154
0.5597831827
0.5590814581
0.5590586872
0.5590965974
0.5590965974
0.5586331089
0.5583978112
0.5582913861
0.5568404146
0.5568404146
0.5559818033
0.5544441980
0.5531851879
0.5519267481
0.5519267481
0.5493434364
0.5470688190
0.5436540490
0.5405351835
0.5405351835
0.5380374558
0.5352119888
0.5332554810
0.5301596223
0.5301596223
0.5287405954
0.5263585947
0.5253483986
0.5232899429
0.5232899429
0.5229612546
0.5213109033
0.5207019279
0.5188070507
0.5188070507
0.5184522100
0.5168706962
0.5162302936
0.5506305910
0.5506305910
0.5515656078
0.5503954120
0.5514816410
0.5499293808
0.5499293808
0.5512258194
0.5493937935
0.5501833877
0.5479450352
0.5479450352
0.5485400635
0.5461162432
0.5456890992
0.5451082969
0.5451082969
0.5426734363
0.5425016744
0.5394505258
0.5390040136
0.5390040136
0.5360003432
0.5357644003
0.5327824930
0.5324888474
0.5324888474
0.5299310174
0.5298310417
0.5269475006
0.5271144224
0.5271144224
0.5251730218
0.5264267260
0.5250616345
0.5253171346
0.5253171346
0.5235033466
0.5250899056
0.5241545545
0.5240005865
0.5240005865
0.5214068113
0.5223101390
0.5210872546
0.5212531924
0.5212531924
0.5191238624
0.5198302066
0.5184630077
0.5193358980
0.5193358980
0.5178995324
0.5187520845
0.5173115310
0.5178156849
0.5178156849
0.5166542750
0.3983039924
0.3988953676
0.3973164821
0.3973164821
0.3986552863
0.3971187450
0.3984221215
0.3970232968
0.3970232968
0.3978463711
0.3992955193
0.3982917737
0.4032374004
0.4032374004
0.4039427591
0.4055694097
0.4042066645
0.4062613232
0.4062613232
0.4051641298
0.4082400553
0.4073247778
0.4136899384
0.4136899384
0.4149276734
0.4169819019
0.4159575597
0.4183847035
0.4183847035
0.4177183126
0.4209258000
0.4202046274
0.4253654373
0.4253654373
0.4269519926
0.4289997861
0.4289081364
0.4287650372
0.4287650372
0.4287553172
0.4304679046
0.4299614255
0.4299614255
0.4336177260
0.4353784191
0.4404590232
0.4435755191
0.4496083266
0.4496083266
0.4538709332
0.4598300215
0.4665826760
0.4728779727
0.4728779727
0.4775094214
0.4841836094
0.4889063586
0.4889063586
0.4941772327
0.4990946622
0.5056591849
0.5095804098
0.5095804098
0.5157065100
0.5203793642
0.5254899387
0.5298359353
0.5298359353
0.5342954369
0.5377381759
0.5427171423
0.5463732488
0.5463732488
0.5506682940
0.5544413447
0.5588467792
0.5613656438
0.5613656438
0.5645397014
0.5661463270
0.5690350649
0.5702025561
0.5702025561
0.5720294828
0.5711986155
0.5741028716
0.5756344583
0.5756344583
0.5781766189
0.5807296531
0.5842863466
0.5872893119
0.5872893119
0.5902414678
0.5912507188
0.5946680221
0.5978821978
0.5978821978
0.6008540097
0.6034084344
0.6067389506
0.6089783102
0.6089783102
0.6112709375
0.6101865908
0.6128007453
0.6146767030
0.6146767030
0.6163555733
0.6171509793
0.6183713406
0.6195459345
0.6195459345
0.6205626770
0.6190752555
0.6217718534
0.6241531860
0.6241531860
0.6264048051
0.6278647237
0.6299545116
0.6307753662
0.6307753662
0.6319004344
0.6296655861
0.6308993325
0.6312895895
0.6312895895
0.6309486366
0.6301778106
0.6305036605
0.6291813392
0.6291813392
0.6281961574
0.6225726388
0.6227384448
0.6221675399
0.6221675399
0.6211235394
0.6198442334
0.6190208752
0.6177591692
0.6177591692
0.6164037494
0.6117744870
0.6113389868
0.6102806922
0.6102806922
0.6090464312
0.6073943055
0.5488465231
0.5495590248
0.5495590248
0.5488415888
0.5484494948
0.5484283620
0.5488555114
0.5488555114
0.5490621227
0.5484822133
0.5460240469
0.5463595504
0.5463595504
0.5463180964
0.5467469545
0.5456846353
0.5454616413
0.5454616413
0.5452415994
0.5460144420
0.5473281952
0.5490823985
0.5490823985
0.5494027650
0.5498684776
0.5499405719
0.5505287458
0.5505287458
0.5508793754
0.5508641617
0.5494890520
0.5501862386
0.5501862386
0.5503451594
0.6113345811
0.6147751488
0.6152860208
0.6152860208
0.6163419288
0.6172580281
0.6176950593
0.6186204808
0.6186204808
0.6145077560
0.6179111292
0.6185007388
0.6193701549
0.6193701549
0.6196708605
0.6195849528
0.6195320939
0.6188777221
0.6188777221
0.6130291935
0.6150145394
0.6136857226
0.6135630439
0.6135630439
0.6129056016
0.6127240783
0.6119690645
0.6113544018
0.6113544018
0.6073189253
0.6092700447
0.6081776472
0.6083881298
0.6083881298
0.6081099170
0.6076919659
0.6071254956
0.6066982011
0.6066982011
0.6026152717
0.6044120833
0.6029425219
0.6027784804
0.6027784804
0.6030918406
0.4728747806
0.4742543672
0.4730337239
0.4730337239
0.4740388647
0.4728175184
0.4734412822
0.4739608444
0.4739608444
0.4738934202
0.4729714882
0.4730319569
0.4735349425
0.4735349425
0.4720009087
0.4730996035
0.4716430167
0.4728230652
0.4728230652
0.4713159932
0.4727417005
0.4722479480
0.4718745274
0.4718745274
0.4710806246
0.4723585859
0.4715733769
0.4725306601
0.4725306601
0.4711374859
0.4713898634
0.4722804749
0.4709444093
0.4709444093
0.4717096182
0.4723730612
0.4712653611
0.4728742831
0.4728742831
0.4718716160
0.4734319153
0.4723915304
0.4742006726
0.4742006726
0.4732222921
0.4749428415
0.4740840972
0.4759385594
0.4759385594
0.4750612201
0.4762343688
0.4773562734
0.4766507634
0.4766507634
0.4786014819
0.4789796280
0.4795269429
0.4796729567
0.4796729567
0.4805556412
0.4821578898
0.4813914325
0.4813914325
0.4206185085
0.4175671899
0.4121305535
0.4069517875
0.4026154601
0.4026154601
0.4009827364
0.4000625781
0.3997474285
0.4019976771
0.4019976771
0.4037604988
0.4057241326
0.4084555304
0.4084555304
0.4124434524
0.4159058500
0.4192565623
0.4225621120
0.4225621120
0.4247286253
0.4270053663
0.4295274006
0.4315051770
0.4315051770
0.4341180982
0.4369016334
0.4406546230
0.4439520623
0.4439520623
0.4487504527
0.4537677472
0.4583695333
0.4607848919
0.4607848919
0.4611317521
0.4630896120
0.4645447858
0.4652966986
0.4652966986
0.4633017686
0.4603120173
0.4570314261
0.4523579362
0.4523579362
0.4489769345
0.4449138487
0.4419902769
0.4396459965
0.4396459965
0.4373677332
0.4350934805
0.3702033965
0.3698812423
0.3698812423
0.3680816441
0.3681182456
0.3675125734
0.3690054244
0.3690054244
0.3683478064
0.3693991434
0.3683702325
0.3694036314
0.3694036314
0.3681329472
0.3685833228
0.3665535952
0.3662240208
0.3662240208
0.3634642686
0.3628443912
0.3599325997
0.3592660161
0.3592660161
0.3565527340
0.3563417883
0.3542689737
0.3546931094
0.3546931094
0.3530358835
0.3539233974
0.3523507526
0.3535400511
0.3535400511
0.3529611938
0.3546466687
0.3539373770
0.3566231369
0.3566231369
0.3573787622
0.3605406781
0.3614575138
0.3647817259
0.3647817259
0.3658832199
0.3693250363
0.3701572420
0.3729566284
0.3729566284
0.3730777854
0.3741471051
0.4166070516
0.4174164836
0.4174164836
0.4165900107
0.4180889259
0.4169263354
0.4187826369
0.4187826369
0.4178146164
0.4198099461
0.4216072164
0.4203443017
0.4203443017
0.4223231221
0.4211679140
0.4230886176
0.4221142449
0.4221142449
0.4242039176
0.4247972677
0.4267805529
0.4259781723
0.4259781723
0.4280182068
0.4269661878
0.4288999155
0.4279646736
0.4279646736
0.4300281589
0.4305615977
0.4323207315
0.4314886836
0.4314886836
0.4331713533
0.4323175992
0.4336808165
0.4330726258
0.4330726258
0.4528414564
0.4539534751
0.4538856127
0.4553908591
0.4553908591
0.4543412175
0.4553069124
0.4556564944
0.4549166507
0.4549166507
0.4532383770
0.4524349638
0.4523251360
0.4526770209
0.4526770209
0.4522669470
0.4526097506
0.4514468918
0.4525017071
0.4525017071
0.4527806627
0.4544442570
0.4568061077
0.4570506364
0.4570506364
0.4593580247
0.4594040679
0.4615709892
0.4615943454
0.4615943454
0.4637133573
0.4637745443
0.4662205648
0.4668284726
0.4668284726
0.4677008625
0.4284206211
0.4296304135
0.4289264874
0.4289264874
0.4287903546
0.4285109908
0.4280737286
0.4279613061
0.4279613061
0.4279687942
0.4290067961
0.4281339355
0.4290226563
0.4290226563
0.4280914345
0.4292425789
0.4282742072
0.4293494444
0.4293494444
0.4286139815
0.4299190584
0.4289821638
0.4292500445
0.4292500445
0.4255166861
0.4261993378
0.4269184770
0.4268979341
0.4268979341
0.4265565018
0.4278019481
0.4297088261
0.4312101740
0.4312101740
0.4319835419
0.4319770894
0.4325695622
0.4312989333
0.4312989333
0.4310641749
0.4293085124
0.4278711113
0.4262872158
0.4262872158
0.4238819771
0.4222092611
0.4216416223
0.4216364641
0.4216364641
0.4227592923
0.4247804805
0.4265599164
0.4274754628
0.4274754628
0.4307506112
0.4323014542
0.4332251965
0.4315326755
0.4315326755
0.4304477872
0.4296263959
0.4293969346
0.4294719078
0.4294719078
0.4280939607
0.4269103476
0.4266601221
0.4261858509
0.4261858509
0.4261600142
0.4261900502
0.4271230156
0.4278810658
0.4278810658
0.4488311724
0.4502378037
0.4502238984
0.4519077922
0.4519077922
0.4516803582
0.4531684708
0.4526468833
0.4530873116
0.4530873116
0.4533983331
0.4523345065
0.4524884299
0.4524884299
0.4503848253
0.4498612067
0.4476959395
0.4469670303
0.4469670303
0.4443820154
0.4436415561
0.4409137630
0.4398863595
0.4398863595
0.4373540052
0.4369430955
0.4348556458
0.4346003645
0.4346003645
0.4324935943
0.4318688089
0.4297648879
0.4302430143
0.4302430143
0.4280477333
0.4274240244
0.4274272009
0.4260797002
0.4260797002
0.4262632617
0.4246488936
0.4246288494
0.4230239016
0.4230239016
0.5956303456
0.5976956487
0.5988716367
0.6015980243
0.6015980243
0.6032918844
0.6055485236
0.6083678787
0.6114340760
0.6114340760
0.6127781325
0.6158556707
0.6204546352
0.6227293797
0.6227293797
0.6266270283
0.6316117815
0.6340576111
0.6384625655
0.6384625655
0.6438567057
0.6469407021
0.6527816005
0.6562168191
0.6562168191
0.6613609022
0.6642137086
0.6691771190
0.6717408085
0.6717408085
0.6766688602
0.6791097749
0.6839383696
0.6865552333
0.6865552333
0.6910388646
0.6935918852
0.6975915220
0.7018448336
0.7018448336
0.7062428258
0.7090372225
0.7134311593
0.7159238068
0.7159238068
0.7205985077
0.7229944985
0.7259925727
0.5722610472
0.5722610472
0.5729811564
0.5726905003
0.5728044995
0.5729818597
0.5729818597
0.5737923920
0.5737365136
0.5745735100
0.5746773691
0.5746773691
0.5751126947
0.5751778980
0.5750571439
0.5749254635
0.5749254635
0.5756705213
0.5748325354
0.5748742425
0.5750730750
0.5750730750
0.5759382446
0.5754460735
0.5754994230
0.5753582638
0.5753582638
0.5753137729
0.5752668376
0.5751881868
0.5750046567
0.5750046567
0.5755104582
0.5747065715
0.5745206429
0.5743873942
0.5743873942
0.5743626222
0.5744513206
0.5746561278
0.5746695456
0.5746695456
0.5747687404
0.5749069711
0.5747998191
0.5743655072
0.5743655072
0.5743903431
0.5732799839
0.5732307527
0.5733494672
0.5733494672
0.5736538548
0.5731739884
0.5731369982
0.5729836571
0.5729836571
0.5729449221
0.5728941824
0.5727935382
0.5725491208
0.5725491208
0.5717573008
0.5713694335
0.5714067125
0.5715621743
0.5715621743
0.5715883612
0.5714370533
0.5716058793
0.5709659366
0.5709659366
0.5709661204
0.5700325391
0.5696901724
0.5691436841
0.5691436841
0.5686328021
0.5675373488
0.5667938964
0.5657777154
0.5657777154
0.5656846113
0.5642397363
0.5639005262
0.5629287891
0.5629287891
0.5254220644
0.5256641950
0.5249554574
0.5251172009
0.5251172009
0.5246049986
0.5249065565
0.5255811842
0.5247536999
0.5247536999
0.5257599535
0.5252089096
0.5259615628
0.5253148588
0.5253148588
0.5269528263
0.5275065643
0.5281970423
0.5281600454
0.5281600454
0.5291139665
0.5298245906
0.5303187388
0.5300984038
0.5300984038
0.5316008851
0.5315026177
0.5323433065
0.5315470684
0.5315470684
0.5323104694
0.5323854579
0.5322349852
0.5312932854
0.5312932854
0.5315861811
0.5306851740
0.5303469755
0.5295564153
0.5295564153
0.5303664505
0.5297950207
0.5304695021
0.5297853383
0.5297853383
0.5304639595
0.5305977434
0.5308946436
0.5305855119
0.5305855119
0.5321666134
0.5328925045
0.5339543248
0.5346723273
0.5346723273
0.5362185963
0.5376562310
0.5388210887
0.5394141399
0.5394141399
0.5414343123
0.5418841019
0.5434397325
0.5432697436
0.5432697436
0.5439962472
0.5439336067
0.5441355225
0.5434648718
0.5434648718
0.5444661451
0.5448288611
0.5446027319
0.3272343418
0.3272343418
0.3265282507
0.3271163337
0.3279597676
0.3303652244
0.3303652244
0.3266677429
0.3184900318
0.3147143613
0.3147143613
0.3121574859
0.3122523099
0.3123009468
0.3126624302
0.3126624302
0.3122163900
0.3119675538
0.3132681857
0.3142718129
0.3142718129
0.3147315425
0.3142355253
0.3109184996
0.3100353627
0.3100353627
0.3089377108
0.3086027819
0.3082210594
0.3082719813
0.3082719813
0.3079922863
0.3081206619
0.3095328174
0.3109634120
0.3109634120
0.3139016683
0.3164743010
0.3201171714
0.3220813842
0.3220813842
0.3680747582
0.3685235970
0.3690285499
0.3686891878
0.3686891878
0.3679242154
0.3693890568
0.3686771580
0.3694134017
0.3694134017
0.3676791151
0.3685240210
0.3666656497
0.3672843592
0.3672843592
0.3655253703
0.3662046475
0.3643647173
0.3650918525
0.3650918525
0.3632360637
0.3642249293
0.3628697485
0.3631615759
0.3631615759
0.3616050785
0.3612704095
0.3618669825
0.3605402599
0.3605402599
0.3618445840
0.3607131183
0.5305672248
0.5305686078
0.5305686078
0.5284703259
0.5277578808
0.5243350159
0.5196732447
0.5196732447
0.5122110873
0.5061794134
0.4989348304
0.4939203694
0.4939203694
0.4884554396
0.4861319859
0.4834268673
0.4836421366
0.4836421366
0.4835954661
0.4869963752
0.4913524601
0.4975955339
0.4975955339
0.5015564641
0.5064807786
0.5094329392
0.5125766067
0.5125766067
0.5158013069
0.5174693953
0.5203079743
0.5216154176
0.5216154176
0.5243790763
0.5254327209
0.5277097639
0.5284525949
0.5284525949
0.5297472146
0.5312580536
0.5312338195
0.5327504240
0.5327504240
0.5326304589
0.5343744451
0.5348661951
0.5368066302
0.5368066302
0.5374886016
0.5395888440
0.5404837285
0.5428576160
0.5428576160
0.5437964196
0.5462694791
0.5471192025
0.5495955013
0.5495955013
0.5503739548
0.5520054541
0.5540428829
0.5546420175
0.5546420175
0.5566613329
0.5570321971
0.5588008605
0.5590822320
0.5590822320
0.5609247220
0.5612136986
0.5624897012
0.5621823416
0.5621823416
0.5636968073
0.5637100122
0.5647459917
0.5643356963
0.5643356963
0.5650643611
0.3986628263
0.3998146085
0.4006232847
0.4006232847
0.4010534835
0.4016947622
0.4023217017
0.4034894238
0.4034894238
0.4029590875
0.4043982205
0.4059539986
0.4054915995
0.4054915995
0.4073970720
0.4076345954
0.4091987310
0.4087871593
0.4087871593
0.4106184964
0.4103257862
0.4113981994
0.4107483334
0.4107483334
0.4124844582
0.4121829226
0.4134001450
0.4125833561
0.4125833561
0.4141996654
0.4134941597
0.4145981892
0.4132919250
0.4132919250
0.4145574241
0.4132279878
0.4142055008
0.4123797802
0.4123797802
0.4130036982
0.4109179629
0.4130902198
0.4138416831
0.4138416831
0.4166976446
0.4174640512
0.4196020265
0.4203829829
0.4203829829
0.4225494309
0.4219397589
0.4226289526
0.4210031440
0.4210031440
0.4215466738
0.4200540530
0.4206534784
0.4199987485
0.4199987485
0.4211493816
0.4212747258
0.4207345449
0.4534314263
0.4534314263
0.4651218546
0.4802110809
0.4828191386
0.4889846890
0.4889846890
0.4909250407
0.4875092440
0.4846254835
0.4782574221
0.4782574221
0.4742037760
0.4695045166
0.4659004108
0.4601428944
0.4601428944
0.4553921731
