0.0329019740
0.0329019740
0.0329019740
0.0329019740
0.0329019740
0.0454086110
0.0454086110
0.0586895613
0.0727883219
0.0883078490
0.1051865723
0.1051865723
0.1231942897
0.1418713139
0.1612693020
0.1779077281
0.1779077281
0.1953210508
0.2097521209
0.2086548499
0.2070964931
0.2070964931
0.2063627085
0.2054650975
0.2054635598
0.2053006852
0.2053006852
0.2050260110
0.2043770798
0.2040844916
0.2033685993
0.2033685993
0.2025688014
0.2016559233
0.2010386914
0.1966297080
0.1966297080
0.1921909454
0.1882910223
0.1853432479
0.1829845778
0.1829845778
0.1830184771
0.1829116835
0.1827736541
0.1824753168
0.1824753168
0.1824111390
0.1821084985
0.1819884736
0.1821663511
0.1821663511
0.1821770339
0.1819975753
0.1818822771
0.1820683602
0.1820683602
0.1820762702
0.1824719438
0.1824677042
0.1826565385
0.1826565385
0.1825796262
0.1732542760
0.1622541182
0.1521241480
0.1521241480
0.1419932655
0.1310734400
0.1212885231
0.1104055449
0.1104055449
0.1007051072
0.0892692298
0.0787600067
0.0684983241
0.0684983241
0.0584859946
0.0487138238
0.0377610931
0.0276352533
0.0276352533
0.0184144553
0.0118257095
0.0245116880
0.0416957660
0.0416957660
0.0587374605
0.0754809637
0.0931134457
0.1109377379
0.1109377379
0.1297867429
0.1487141531
0.1682959894
0.1875412442
0.1875412442
0.2078435877
0.2275292983
0.2483404488
0.2493545953
0.2493545953
0.2497246428
0.2493653461
0.2496702704
0.2499289669
0.2499289669
0.2504537884
0.2510896349
0.2513282664
0.2510216045
0.2510216045
0.2505897468
0.2503749572
0.2508448188
0.2511237479
0.2511237479
0.2513595922
0.1996845744
0.1998495652
0.1999859143
0.1999859143
0.2001262035
0.2002042216
0.2003170447
0.2003446601
0.2003446601
0.2004544805
0.2005148210
0.2005738538
0.2003068986
0.2003068986
0.1996517006
0.1990098278
0.1999634270
0.2003807716
0.2003807716
0.2014287046
0.2021330016
0.2026135915
0.2028312304
0.2028312304
0.2029377761
0.2029792099
0.2034438220
0.2040713257
0.2040713257
0.2048897167
0.2056638433
0.2062439339
0.2066174637
0.2066174637
0.2068631187
0.2070833774
0.2073724893
0.2081068772
0.2081068772
0.2093081769
0.2110548182
0.2131115233
0.2142052856
0.2142052856
0.2145701169
0.2146718049
0.2146182107
0.2143953011
0.2143953011
0.2140469113
0.2640164521
0.2640655930
0.2641289119
0.2641289119
0.2642627373
0.2642910387
0.2643135556
0.2641686913
0.2641686913
0.2640397816
0.2638710851
0.2636864884
0.2633836332
0.2633836332
0.2631496358
0.2629871194
0.2630269726
0.2631218868
0.2631218868
0.2633803082
0.2634334943
0.2633607305
0.2631967225
0.2631967225
0.2630146942
0.2624635262
0.2619899842
0.2615344823
0.2615344823
0.0118500283
0.0118578807
0.0118578140
0.0118592664
0.0118592664
0.0118633996
0.0118633996
0.0118636416
0.0118629797
0.0118629797
0.0128235397
0.0172258447
0.0223740734
0.0279176663
0.0279176663
0.0324777810
0.0375530625
0.0435203206
0.0480713792
0.0480713792
0.0538570226
0.0588040357
0.0651035271
0.0697615592
0.0697615592
0.0756968915
0.0804235323
0.0865483258
0.0908613894
0.0908613894
0.0978867647
0.1032023978
0.1078344890
0.1122909466
0.1122909466
0.1183962705
0.1232379104
0.1290648593
0.1327889282
0.1327889282
0.1336703682
0.1337441243
0.1342771878
0.1343461279
0.1343461279
0.1344306443
0.1344825191
0.1345373804
0.1525672060
0.1525672060
0.1503496813
0.1480259327
0.1408136066
0.1436647966
0.1436647966
0.1468164894
0.1474972197
0.1474891439
0.1469597018
0.1469597018
0.1469631274
0.1484351823
0.1484186545
0.1499592396
0.1499592396
0.1505021672
0.1504844411
0.1501156184
0.1501093816
0.1501093816
0.1495805349
0.1489142317
0.1488459929
0.1368869315
0.1368869315
0.1277218243
0.1155095842
0.1052248740
0.0932276643
0.0932276643
0.0821028206
0.0704174002
0.0595902238
0.0489557402
0.0489557402
0.0383441866
0.0282621119
0.0178797488
0.0118553717
0.0118553717
0.0118475290
0.0108200485
0.0574085215
0.0826769244
0.0826769244
0.1072579439
0.1306731428
0.1301160041
0.1293071860
0.1293071860
0.1287073764
0.1284824977
0.1299743362
0.1287650229
0.1287650229
0.1292333326
0.1288347805
0.1281778647
0.1282517725
0.1282517725
0.1359550159
0.1359896299
0.1322477412
0.1322933751
0.1322933751
0.1355146758
0.1355171226
0.1568377928
0.1568406701
0.1568406701
0.1394557874
0.1394835636
0.1400043763
0.1399865150
0.1399865150
0.1375129230
0.1154201022
0.0836221216
0.0634503048
0.0634503048
0.0445293914
0.0253571113
0.0118698777
0.0118731795
0.0118731795
0.1713355595
0.1707544444
0.1703570930
0.1701862403
0.1701862403
0.1733011696
0.1803057187
0.1901048546
0.1968566181
0.1968566181
0.2161149084
0.2171625292
0.2190477253
0.2187484697
0.2187484697
0.2257913503
0.2329713875
0.2377742712
0.2394983316
0.2394983316
0.2400642619
0.2404417623
0.2412087675
0.2397099274
0.2397099274
0.2364076804
0.2331004482
0.2184990996
0.2070547305
0.2070547305
0.1913088555
0.1800596231
0.1663554045
0.1544275716
0.1544275716
0.1413667472
0.1298961732
0.1172648496
0.1055603936
0.1055603936
0.0935728927
0.0822990404
0.0707324867
0.0605625277
0.0605625277
0.0489277440
0.0388280555
0.0282271222
0.0180034920
0.0180034920
0.0118922375
0.0118953461
0.0118930147
0.0118917577
0.0118917577
0.0118905325
0.0118899387
0.0153389383
0.0230407637
0.0230407637
0.0307955191
0.0393829316
0.0479904384
0.0561894361
0.0561894361
0.0647841005
0.0727690018
0.0816556485
0.0895054998
0.0895054998
0.0987175293
0.1064983605
0.1159211579
0.1245422063
0.1245422063
0.1329804995
0.1408256069
0.1502673971
0.1584146245
0.1584146245
0.1680114337
0.1761814851
0.1863865544
0.1946617133
0.1946617133
0.2046592554
0.2129956373
0.2216583162
0.2222140054
0.2222140054
0.2229262986
0.2234808947
0.2242700169
0.2247754059
0.2247754059
0.2253696258
0.2258922167
0.2265040313
0.2269873773
0.2269873773
0.1197048680
0.1197952639
0.1199995687
0.1204155809
0.1204155809
0.1209569772
0.1214557420
0.1220004230
0.1225033121
0.1225033121
0.1229523252
0.1258769967
0.1283047016
0.1293375126
0.1293375126
0.1291163678
0.1281317172
0.3387788763
0.4208289231
0.4208289231
0.4579233649
0.4281944477
0.4245952594
0.4585250094
0.4585250094
0.5041759170
0.5289290005
0.5761754450
0.5947265687
0.5947265687
0.4435773682
0.6952230408
0.7237295669
0.5360180636
0.5360180636
0.3558667743
0.1757543824
0.0118428098
0.0118532864
0.0118532864
0.0118550958
0.0118558354
0.0118558354
0.0118565750
0.0118565750
0.0118546384
0.0171598191
0.0261940388
0.0352519270
0.0352519270
0.0445277865
0.0540896964
0.0639466856
0.0732560253
0.0732560253
0.0830759221
0.0920103288
0.1017625882
0.1110324858
0.1110324858
0.1204406908
0.1298860182
0.1404380048
0.1505421461
0.1505421461
0.1597664391
0.1685422678
0.1784338706
0.1869100072
0.1869100072
0.1968590662
0.2055637293
0.2155818939
0.2240766760
0.2240766760
0.2337727683
0.2422114053
0.2514441636
0.2614147149
0.2614147149
0.2700688363
0.2795951991
0.2895100938
0.2978121344
0.2978121344
0.2974715797
0.2970157046
0.2966513793
0.2961716384
0.2961716384
0.2958657566
0.2954079965
0.2950000191
0.2944678897
0.2944678897
0.2939170439
0.2933817434
0.2929380189
0.2924147455
0.2924147455
0.2919875938
0.2914838171
0.2910467799
0.2906298021
0.2906298021
0.2902137194
0.2896729754
0.2891417883
0.2886131083
0.2886131083
0.2881184828
0.2875810123
0.2870070596
0.2865234086
0.2865234086
0.2862216099
0.2859527709
0.2858703585
0.2858506794
0.2858506794
0.2859175290
0.2859164490
0.2859940228
0.2858924916
0.2858924916
0.2857103649
0.2852745886
0.2850832648
0.2844443849
0.2844443849
0.2838797750
0.2833886488
0.2831146886
0.2827462046
0.2827462046
0.2824385685
0.1594058354
0.1593518408
0.1591943308
0.1591943308
0.1586574226
0.1576895300
0.1565977781
0.1554669154
0.1554669154
0.1549147847
0.1551117112
0.1556777662
0.1560784667
0.1560784667
0.1556807307
0.1556406697
0.1564852191
0.1573655340
0.1573655340
0.1576551670
0.1575434025
0.1575872525
0.1570005526
0.1570005526
0.1568140871
0.1568677482
0.1567313758
0.1564885706
0.1564885706
0.1565264217
0.1569015276
0.1575474156
0.1581799206
0.1581799206
0.1586400028
0.1590994305
0.1593513194
0.1593016366
0.1593016366
0.1591667134
0.1592025511
0.1592481490
0.1591897679
0.1591897679
0.1591555418
0.1589648132
0.1590229760
0.1589034699
0.1589034699
0.1587462074
0.1585569056
0.1584209055
0.1583691579
0.1583691579
0.3451317918
0.3454577810
0.3457236704
0.3456363389
0.3456363389
0.3454032436
0.3446772482
0.3438506097
0.3432166578
0.3432166578
0.3433440020
0.3434987691
0.3439569956
0.3441598096
0.3441598096
0.3442103297
0.3442191412
0.3442958259
0.3442984167
0.3442984167
0.3443226048
0.3442267278
0.3440003158
0.3438583840
0.3438583840
0.3436883928
0.3436199530
0.3435736577
0.3436156609
0.3436156609
0.3436093315
0.3434753927
0.3433167423
0.3430514475
0.3430514475
0.3429356068
0.3431421228
0.3434658756
0.3437383627
0.3437383627
0.3440104856
0.3436650027
0.3433701352
0.3432751131
0.3432751131
0.3435401613
0.3442713024
0.3462257904
0.3483650570
0.3483650570
0.3493725608
0.3504726769
0.3515714957
0.3521712301
0.3521712301
0.3524719919
0.3523253209
0.3519443584
0.3511232230
0.3511232230
0.3503543283
0.3499355714
0.3498786189
0.3501649856
0.3501649856
0.3510109612
0.3518880803
0.3523830359
0.1679937046
0.1679937046
0.2017724765
0.1391284535
0.1014152809
0.0788783226
0.0788783226
0.0681523114
0.0647203615
0.0648051779
0.0647157738
0.0647157738
0.0646459063
0.0645832409
0.0645005263
0.0644665216
0.0644665216
0.0646073389
0.0650702532
0.0652158535
0.0652601405
0.0652601405
0.0652116185
0.0650549079
0.0645789975
0.0646492384
0.0646492384
0.0648909161
0.0648306849
0.0645898010
0.0640605034
0.0640605034
0.0634372566
0.0633074609
0.0632152154
0.0631246856
0.0631246856
0.0630533833
0.0629635705
0.0628900423
0.0628174056
0.0628174056
0.2203593728
0.2203561460
0.2204123557
0.2204411876
0.2204411876
0.2205272918
0.2205544514
0.2206851043
0.2205897174
0.2205897174
0.2205289149
0.2204058056
0.2205758196
0.2203671241
0.2203671241
0.2201080386
0.2198604420
0.2194983582
0.2191845406
0.2191845406
0.2188248088
0.2184841724
0.2182386444
0.2179299381
0.2179299381
0.2176437768
0.2172951683
0.2164115289
0.2160974128
0.2160974128
0.2157650819
0.2154565951
0.2153076858
0.2150546378
0.2150546378
0.2149006455
0.2146381543
0.2144091208
0.2141561614
0.2141561614
0.2139558947
0.2136540092
0.3743992803
0.3743342467
0.3743342467
0.3742770388
0.3742151475
0.3741375901
0.3740877624
0.3740877624
0.3740185220
0.3739697103
0.3739676027
0.3739653408
0.3739653408
0.3739890821
0.3740290949
0.3740593093
0.3741010066
0.3741010066
0.3740836116
0.3740540762
0.3739999880
0.3739079857
0.3739079857
0.3738097309
0.3737323944
0.3736706979
0.3735172062
0.3735172062
0.3734194909
0.3733357629
0.3732592964
0.3732672988
0.3732672988
0.3732868004
0.3732769658
0.3732692471
0.3732824954
0.3732824954
0.3732610490
0.3732338020
0.3731910039
0.3731399275
0.3731399275
0.3730493810
0.3729889022
0.3728655754
0.3727481311
0.3727481311
0.3726611174
0.3726114606
0.3726130639
0.3726193648
0.3726193648
0.3726467516
0.3726699798
0.3726932314
0.0934924699
0.0934924699
0.1002731538
0.1073772964
0.1170747677
0.1213687529
0.1213687529
0.1235426269
0.1239513152
0.1242781214
0.1244754133
0.1244754133
0.1247850031
0.1250523789
0.1250555086
0.1250202556
0.1250202556
0.1251009302
0.1249647931
0.1249343081
0.1250915498
0.1250915498
0.1252395166
0.1253450753
0.1255089388
0.1256371375
0.1256371375
0.1256977843
0.1257476510
0.1258875079
0.1259557909
0.1259557909
0.1260075830
0.1261225514
0.1261895497
0.1262695970
0.1262695970
0.1263924615
0.1264280218
0.1265591345
0.1266853282
0.1266853282
0.1266730453
0.1492067353
0.1492307890
0.1492832247
0.1492832247
0.1493962763
0.1494412727
0.1495575802
0.1495588063
0.1495588063
0.1495660331
0.1495685324
0.1497396124
0.1497378193
0.1497378193
0.1497412874
0.1497420394
0.1496698670
0.1496367870
0.1496367870
0.1496314075
0.1496119615
0.1496217139
0.1496286886
0.1496286886
0.1496539446
0.1496786039
0.1496787669
0.1497113878
0.1497113878
0.1496942959
0.1496467010
0.1495738053
0.1495758577
0.1495758577
0.1496033987
0.1496297801
0.1497572907
0.1497965596
0.1497965596
0.1498791883
0.1499182758
0.1500828773
0.1501369980
0.1501369980
0.1501957036
0.1501852844
0.1501782997
0.1502133976
0.1502133976
0.1502415880
0.1503141220
0.1502677373
0.1502860611
0.1502860611
0.1502922510
0.1502949476
0.1503383229
0.1503715032
0.1503715032
0.1504120570
0.1503969642
0.1503637131
0.1503449441
0.1503449441
0.1503394825
0.1503624319
0.1503967131
0.1502646698
0.1502646698
0.1502037349
0.1503926496
0.1504925074
0.1503523522
0.1503523522
0.1500795930
0.1498667318
0.1497954972
0.1497518381
0.1497518381
0.1497263627
0.1497289995
0.1496422862
0.1496322916
0.1496322916
0.1496408871
0.1496618247
0.1496551854
0.1496884288
0.1496884288
0.1497017888
0.1497158981
0.1496574738
0.1496466237
0.1496466237
0.1495873225
0.1495369817
0.1495054058
0.1495398924
0.1495398924
0.1495518954
0.1495305949
0.1495233916
0.1495263414
0.1495263414
0.1495370304
0.1495393717
0.1495385841
0.1495110843
0.1495110843
0.1494697991
0.1493970192
0.1493221526
0.1493522462
0.1493522462
0.1493557745
0.1493499448
0.1493147796
0.1492446432
0.1492446432
0.1492349832
0.1493154210
0.1494025794
0.1494392450
0.1494392450
0.1494644169
0.1494600842
0.1493208250
0.1493246479
0.1493246479
0.1492299156
0.1492278055
0.1491743632
0.1491715377
0.1491715377
0.1491536395
0.1491488145
0.1491315067
0.1491402238
0.1491402238
0.1491527415
0.1491903579
0.1492175120
0.1492960310
0.1492960310
0.2408275668
0.1899470891
0.1205553031
0.0950738109
0.0950738109
0.0826458204
0.0708947973
0.0670291062
0.0670831620
0.0670831620
0.0669277325
0.0668619839
0.0669509491
0.0673102019
0.0673102019
0.0673166558
0.0671709231
0.0670121114
0.0668768956
0.0668768956
0.0668350803
0.0669823577
0.0670346270
0.0668197065
0.0668197065
0.0667023854
0.0665888727
0.0663077212
0.0661747835
0.0661747835
0.0660211039
0.0659811361
0.0657936116
0.0653466466
0.0653466466
0.0651530288
0.0650605025
0.0649835207
0.0649018556
0.0649018556
0.0648097674
0.0647219981
0.2992828805
0.2992765913
0.2992765913
0.2992704666
0.2992649962
0.2994007002
0.2993958289
0.2993958289
0.2994122229
0.2994163727
0.2994391744
0.2994144909
0.2994144909
0.2994084366
0.2994187898
0.2994079513
0.2994731853
0.2994731853
0.2996054580
0.2997724938
0.2999729503
0.3000835596
0.3000835596
0.3001609040
0.3002201723
0.3002517221
0.3002513979
0.3002513979
0.3002744539
0.3002974268
0.3933045819
0.3931532508
0.3931532508
0.3929898127
0.3928187657
0.3927231739
0.3926302910
0.3926302910
0.3925967935
0.3925782534
0.3925151929
0.3924815915
0.3924815915
0.3925379948
0.3926602488
0.3927321525
0.3927368419
0.3927368419
0.3927415369
0.3926137730
0.3925487335
0.3924579320
0.3924579320
0.2482612757
0.2482701364
0.2482853204
0.2482785065
0.2482785065
0.2481703646
0.2480861246
0.2480592145
0.2481249412
0.2481249412
0.2483226447
0.2486021214
0.2490767444
0.2493048889
0.2493048889
0.5213037491
0.2987278035
0.3234169445
0.2795982114
0.2795982114
0.2121147488
0.2121862133
0.2122960835
0.2125071662
0.2125071662
0.2126277412
0.2126496658
0.2126126798
0.2125228049
0.2125228049
0.2123982475
0.2122139747
0.2119348135
0.2117435760
0.2117435760
0.2119181150
0.2119982063
0.2987975953
0.3234108380
0.3234108380
0.2796692842
0.2817282189
0.2799945529
0.2782383169
0.2782383169
0.2768360720
0.2756711350
0.2748022727
0.2735866132
0.2735866132
0.2724312444
0.2704294469
0.2708506968
0.2705558890
0.2705558890
0.2718814764
0.2741509394
0.2763471990
0.2777635211
0.2777635211
0.2785518412
0.2799179136
0.2795216359
0.2785621379
0.2785621379
0.2766157259
0.2751624230
0.2742294294
0.2733483927
0.2733483927
0.2721436547
0.2708781530
0.2692949300
0.2670529247
0.2670529247
0.2648744775
0.2632832237
0.2625974859
0.3995762817
0.3995762817
0.3997158433
0.4000314149
0.4008572719
0.4015185829
0.4015185829
0.4023168626
0.4030139306
0.4035765601
0.4036906753
0.4036906753
0.4037095441
0.4036486658
0.4036839627
0.4036393782
0.4036393782
0.4037418380
0.4037107011
0.4034247010
0.4028030659
0.4028030659
0.4022350666
0.4017931805
0.4020060009
0.4028804205
0.4028804205
0.4041225652
0.4055337116
0.4070783134
0.4080160784
0.4080160784
0.4087198865
0.4096318342
0.4102488972
0.4110397396
0.4110397396
0.4114852198
0.4120884943
0.4127934703
0.4133449982
0.4133449982
0.4135244875
0.4138922028
0.4146493400
0.4150965516
0.4150965516
0.4145810210
0.1639480156
0.1637004833
0.1636761084
0.1636761084
0.1634876376
0.1633828811
0.1638629070
0.1641336176
0.1641336176
0.1648130957
0.1652469964
0.1655712467
0.1658913256
0.1658913256
0.1659731753
0.1657940042
0.1654762306
0.1653185874
0.1653185874
0.1653030543
0.1652281712
0.1652558486
0.1652176075
0.1652176075
0.1650957673
0.1648607603
0.1645901387
0.1643758594
0.1643758594
0.1644350393
0.1644644177
0.1644199805
0.1644127767
0.1644127767
0.1644528435
0.1642605060
0.1637549331
0.1626118788
0.1626118788
0.1611289874
0.1599077326
0.1593357050
0.1592270642
0.1592270642
0.1593995252
0.1595176874
0.1594994506
0.1597180880
0.1597180880
0.1599885687
0.2469939978
0.2473072191
0.2470958663
0.2470958663
0.2471401990
0.2471608369
0.2473278596
0.2474965382
0.2474965382
0.2478541709
0.2475908917
0.2478296573
0.2478326469
0.2478326469
0.2479667871
0.2482888198
0.2482781419
0.2479714149
0.2479714149
0.2477862531
0.2471999923
0.2469634095
0.2461237655
0.2461237655
0.2449782800
0.2441420721
0.2421759520
0.2396781888
0.2396781888
0.2375842282
0.2349005346
0.2362812712
0.2374212042
0.2374212042
0.2380819238
0.2382430837
0.2377963176
0.2369455100
0.2369455100
0.2357940221
0.2347933256
0.2344348541
0.2342814700
0.2342814700
0.2347418727
0.2346711991
0.2342754392
0.2339888163
0.2339888163
0.2341858846
0.2341969086
0.2341870613
0.2338192697
0.2338192697
0.2336388823
0.2334005814
0.2331961773
0.2333954994
0.2333954994
0.2339236629
0.2344899720
0.2347989518
0.2346608286
0.2346608286
0.2347027394
0.2335964009
0.2327910067
0.2327892337
0.2327892337
0.2328325625
0.2328846987
0.2331622829
0.2329337900
0.2329337900
0.2329190851
0.2329313914
0.2328591193
0.2326454220
0.2326454220
0.2332507893
0.2329900987
0.2317700155
0.2290512309
0.2290512309
0.2306303424
0.2315296627
0.2304605803
0.2289483551
0.2289483551
0.2277268203
0.2270357431
0.2272085263
0.2292786198
0.2292786198
0.2336700474
0.2378709671
0.2415095968
0.2410672744
0.2410672744
0.2419657349
0.2237431562
0.2240334548
0.2240654729
0.2240654729
0.2244339362
0.2244361271
0.2250112670
0.2258378716
0.2258378716
0.2268207161
0.2266661326
0.2260663246
0.2257160474
0.2257160474
0.2251174675
0.2243126483
0.2237180802
0.2236527102
0.2236527102
0.2236020805
0.2238120483
0.2238731367
0.2243353888
0.2243353888
0.2248038780
0.2253365108
0.2260084209
0.2266992822
0.2266992822
0.2263454735
0.2252260102
0.2249197731
0.2246067238
0.2246067238
0.2241884795
0.2243826334
0.2252021048
0.2250778804
0.2250778804
0.2249571048
0.2246220061
0.2242588507
0.2239846038
0.2239846038
0.2236934834
0.2230668202
0.2229730786
0.2232965108
0.2232965108
0.2230905331
0.2227368730
0.2226122465
0.2235439121
0.2235439121
0.2251772822
0.2249365621
0.2246916768
0.2247692977
0.2247692977
0.2249021590
0.2246796971
0.2242487591
0.2243692903
0.2243692903
0.2244545367
0.2244016634
0.2247248697
0.2245780802
0.2245780802
0.2253299814
0.2262455291
0.2261639884
0.2258697321
0.2258697321
0.2255402634
0.2254221890
0.2253957796
0.2254578900
0.2254578900
0.2251938421
0.2255773992
0.2257921988
0.2257213788
0.2257213788
0.2255285967
0.2253764962
0.2252767484
0.2241039045
0.2241039045
0.2213945975
0.2236870439
0.2229983629
0.2227336990
0.2227336990
0.2231643575
0.2245385336
0.2246482029
0.2243354502
0.2243354502
0.2223703317
0.2228957853
0.2239112321
0.2237841053
0.2237841053
0.2230605490
0.2229647592
0.2228479252
0.2229922794
0.2229922794
0.2226248669
0.2211007884
0.2203053083
0.2217926947
0.2217926947
0.2219134806
0.2207098384
0.2207889524
0.2221669833
0.2221669833
0.2245329756
0.2239716076
0.2225231314
0.2227246723
0.2227246723
0.2243104052
0.2228832909
0.2221520204
0.2232735630
0.2232735630
0.2225867885
0.2226129833
0.2240025254
0.2242661265
0.2242661265
0.2233037367
0.2224879395
0.2219529913
0.2200039079
0.2200039079
0.2172383653
0.2180849317
0.2198367014
0.2188787298
0.2188787298
0.2188849196
0.2184689413
0.2180754667
0.2193073087
0.2193073087
0.2188936805
0.2186535561
0.2179273426
0.2174303362
0.2174303362
0.2170046646
0.2166022746
0.2159246726
0.2156734321
0.2156734321
0.2157090740
0.2162532932
0.2166607245
0.2163519217
0.2163519217
0.2162187978
0.2151670929
0.2145814001
0.2147605150
0.2147605150
0.2157449436
0.2148637423
0.2144013869
0.2140956038
0.2140956038
0.2153959406
0.2152624752
0.2150561891
0.2142150788
0.2142150788
0.2155139821
0.2157754953
0.2138246869
0.2119791248
0.2119791248
0.2106007579
0.2120159537
0.2112386486
0.2116498917
0.2116498917
0.2124749944
0.2135396160
0.2132727200
0.2129436883
0.2129436883
0.2133804072
0.2132065205
0.2128056970
0.1339338332
0.1339338332
0.1340644478
0.1340793255
0.1334711942
0.1316575505
0.1316575505
0.1290114189
0.1264416166
0.1234775833
0.1206298918
0.1206298918
0.1187008151
0.1172960395
0.1160272959
0.1149371074
0.1149371074
0.1143077234
0.1136533341
0.1130840039
0.1125771218
0.1125771218
0.1123907022
0.1125116424
0.1129094843
0.1136039967
0.1136039967
0.1145869719
0.1156173730
0.1167725201
0.1179892099
0.1179892099
0.1145667579
0.1156176537
0.1165250535
0.1164637438
0.1164637438
0.1161986199
0.1160737136
0.1159447055
0.1155827780
0.1155827780
0.1153230855
0.1154416571
0.1159772609
0.1166639494
0.1166639494
0.1174532018
0.1175266528
0.1169015834
0.1170895552
0.1170895552
0.1177371003
0.1172681172
0.1180359972
0.1182434796
0.1182434796
0.1184940824
0.0957671612
0.1785973882
0.1200282544
0.1200282544
0.0954662538
0.0695763763
0.0609569900
0.0611087381
0.0611087381
0.0612245790
0.0613234830
0.0614149808
0.0615312905
0.0615312905
0.0616935696
0.0623098136
0.0627591716
0.0627503269
0.0627503269
0.0626804545
0.0627205121
0.0625528042
0.0628148574
0.0628148574
0.0630244401
0.0630813655
0.0633163838
0.0634279522
0.0634279522
0.0636289586
0.0635124384
0.0630218486
0.0629917809
0.0629917809
0.0630915282
0.0631845398
0.0632756412
0.0633898054
0.0633898054
0.0634907989
0.0636003573
0.0637021105
0.0637983621
0.0637983621
0.0639014342
0.0639708395
0.2775604244
0.2749566188
0.2749566188
0.2718414208
0.2701193198
0.2694102310
0.2693342648
0.2693342648
0.2695045804
0.2698285365
0.2707364014
0.2725078792
0.2725078792
0.2744972192
0.2756955926
0.2766973725
0.2772977835
0.2772977835
0.2774099658
0.0987133881
0.0973431840
0.0976597948
0.0976597948
0.0951129598
0.0949250201
0.0950091967
0.0953676616
0.0953676616
0.0967417480
0.0941866084
0.0949945782
0.0946243024
0.0946243024
0.0943461611
0.0952502300
0.0964948046
0.0977073803
0.0977073803
0.0989275478
0.1006544897
0.1025577996
0.0777687437
0.0777687437
0.0758302138
0.0738063705
0.0746019511
0.0709202694
0.0709202694
0.0689448718
0.0705974753
0.0708725143
0.0684523565
0.0684523565
0.0676636973
0.0680878170
0.0664260726
0.0657505984
0.0657505984
0.0671393894
0.0716519595
0.0746512770
0.0706433143
0.0706433143
0.0687506362
0.0698909334
0.0724770226
0.0624767812
0.0624767812
0.0674001163
0.0735035443
0.0705360186
0.0679050478
0.0679050478
0.0682405502
0.0659538981
0.0820900760
0.0763223038
0.0763223038
0.0726035786
0.0736288354
0.0747622840
0.0747744432
0.0747744432
0.0760861000
0.0760872655
0.0773791581
0.0773916911
0.0773916911
0.0779658197
0.0779757777
0.0779135125
0.2763938072
0.2763938072
0.2752977290
0.2736950464
0.2720756646
0.2704640525
0.2704640525
0.2691083142
0.2682554057
0.2678168187
0.2674893848
0.2674893848
0.2672608508
0.2670621866
0.2669132006
0.2669220888
0.2669220888
0.2671114870
0.2674560825
0.2677553005
