0.3630214635
0.3634047512
0.3634047512
0.3640068396
0.3635465147
0.3638873114
0.3637556726
0.3637556726
0.3638524447
0.3637094787
0.3638867094
0.3638154685
0.3638154685
0.3640292440
0.3638956944
0.3642111307
0.3642738478
0.3642738478
0.3643391612
0.3642654227
0.3646661334
0.3645757123
0.3645757123
0.3650797086
0.3654015361
0.3659003465
0.3666503323
0.3666503323
0.3668562106
0.3675480169
0.3679487611
0.3684314958
0.3684314958
0.3692132958
0.3694238209
0.3699304714
0.3707957566
0.3707957566
0.3711062533
0.3715960936
0.3722020746
0.3723809459
0.3723809459
0.3730006065
0.3729400975
0.3731733236
0.3734868361
0.3734868361
0.3730269634
0.3724425385
0.3715068107
0.3699605228
0.3699605228
0.3680536044
0.3659906507
0.3636827352
0.3619018188
0.3619018188
0.3595937138
0.3580113574
0.3567601426
0.3551982636
0.3551982636
0.3540970372
0.3532615470
0.3518843286
0.3506270383
0.3506270383
0.3492988783
0.3474759360
0.3450613794
0.3450613794
0.3422690428
0.3389070868
0.3354671575
0.3322122606
0.3322122606
0.3284071182
0.3247833761
0.3214133250
0.3173564869
0.3125543381
0.3125543381
0.3068650120
0.2999074774
0.2916167610
0.2916167610
0.2831019333
0.2768793609
0.2736571180
0.2719315796
0.2719315796
0.2702688437
0.2661479554
0.2602449589
0.2549718986
0.2549718986
0.2501242240
0.2462993871
0.2427838506
0.2401148490
0.2401148490
0.2382056945
0.2363628826
0.2343918366
0.2324996397
0.2324996397
0.2304816652
0.2282871927
0.2255309332
0.2223833629
0.2223833629
0.2190403973
0.2150694493
0.2107990199
0.2066888357
0.2066888357
0.2031163855
0.1994683516
0.1963060389
0.1932307643
0.1932307643
0.1902610657
0.1873230861
0.1846010869
0.1824998112
0.1824998112
0.1813811881
0.1810131054
0.1802917057
0.1793752743
0.1793752743
0.1789532787
0.1779662284
0.1772827777
0.1774765459
0.1774765459
0.1798031870
0.1821892587
0.1860800728
0.1911425342
0.1911425342
0.1976827042
0.2041147180
0.2103554146
0.2184219400
0.2184219400
0.2291029682
0.2394057730
0.2490516293
0.2575639299
0.2575639299
0.2103238075
0.2097990288
0.2077527056
0.2063497033
0.2063497033
0.2052458299
0.2048531643
0.2042303905
0.2026052513
0.2026052513
0.2020551855
0.2008901636
0.1995017252
0.1980476730
0.1980476730
0.1962916742
0.1945382355
0.1932263186
0.1922863161
0.1922863161
0.1915888466
0.1914886397
0.1916293095
0.1913660185
0.1913660185
0.1914354079
0.2435546948
0.2445919901
0.2465830250
0.2465830250
0.2473621628
0.2493266920
0.2525151070
0.2551002361
0.2551002361
0.2571860502
0.2603632089
0.2643294274
0.2670959630
0.2670959630
0.2702395632
0.2740176116
0.2767183927
0.2806742023
0.2806742023
0.2853995948
0.2888565881
0.2923527589
0.2961981788
0.2961981788
0.2985276134
0.2928473453
0.2919438140
0.2915991279
0.2915991279
0.2910986736
0.2897492613
0.2883645692
0.2855101262
0.2855101262
0.2825774106
0.2800894727
0.2776279923
0.2751783710
0.2751783710
0.2721819744
0.2692347761
0.2673012119
0.2671483301
0.2671483301
0.2690108849
0.2719417184
0.2751204732
0.2769547060
0.2769547060
0.2788065308
0.2804226365
0.2809150930
0.2816835112
0.2816835112
0.2826307649
0.2826828659
0.2839418581
0.2855494838
0.2855494838
0.2854276505
0.2853552255
0.2854535120
0.2843034431
0.2843034431
0.2841747990
0.2835085102
0.2831908674
0.2836247175
0.2836247175
0.2828436877
0.2823220882
0.2823194280
0.2813344076
0.2813344076
0.2820303372
0.2833885463
0.2843910553
0.2861909027
0.2861909027
0.2880436317
0.2887814503
0.2897901773
0.2908642800
0.2908642800
0.2910315536
0.2914928079
0.2921914159
0.2920564030
0.2920564030
0.2926031315
0.2932708456
0.2933249389
0.2937029398
0.2937029398
0.2942249764
0.2937481770
0.2937146736
0.2939341580
0.2939341580
0.2933264438
0.2932456358
0.2933996797
0.2928198781
0.2928198781
0.2928540436
0.2931897398
0.2928705455
0.2931551781
0.2931551781
0.2936916984
0.2933022657
0.2941454524
0.2942658835
0.2942658835
0.2944039461
0.2940322915
0.2947329924
0.2943976104
0.2943976104
0.2947006483
0.2942660472
0.2943359629
0.2948764280
0.2948764280
0.2944527538
0.2946527508
0.2952215333
0.2947907325
0.2947907325
0.2949669982
0.2954897524
0.2951247903
0.2952491347
0.2952491347
0.2959216322
0.2956110222
0.2964372947
0.2961895172
0.2961895172
0.2964901386
0.2970945256
0.2967813352
0.2967813352
0.2974193031
0.2976815836
0.2979839676
0.2978475167
0.2985820818
0.2985820818
0.2985543450
0.2987436890
0.2989028283
0.2980722379
0.2980722379
0.2976891303
0.2978195338
0.2971698403
0.2971698403
0.2972820214
0.2978876797
0.2977557803
0.2987684012
0.2987684012
0.2990217230
0.2998575778
0.2873321664
0.2874635055
0.2874635055
0.2877376536
0.2875341174
0.2878818046
0.2877922546
0.2877922546
0.2879021338
0.2876630641
0.2877775159
0.2876677661
0.2876677661
0.2878308073
0.2877747537
0.2880928780
0.2882232609
0.2882232609
0.2884175541
0.2883040623
0.2883463343
0.2885441407
0.2885441407
0.2882853199
0.2883739565
0.2885727067
0.2883880141
0.2883880141
0.2884027306
0.2888849925
0.2887210733
0.2889592612
0.2889592612
0.2891210202
0.2889789251
0.2889156126
0.2889055777
0.2889055777
0.2887305796
0.2887943296
0.2887089686
0.2884150060
0.2884150060
0.2883246581
0.2883954349
0.2881167867
0.2882427683
0.2882427683
0.2881351024
0.2881871999
0.3025675038
0.3084406457
0.3084406457
0.3120319557
0.3124057706
0.3136132074
0.3132258056
0.3132258056
0.3121066390
0.3131068908
0.3162022557
0.3182835809
0.3182835809
0.3220275159
0.3261382133
0.3290255686
0.3297897482
0.3297897482
0.3294827500
0.3278518841
0.3261234094
0.3234003796
0.3234003796
0.3198419188
0.3143244439
0.3110048233
0.3083546552
0.3083546552
0.3061221772
0.3031995780
0.3001138378
0.2956808591
0.2956808591
0.2910535560
0.2885476605
0.2931880873
0.3029899138
0.3029899138
0.3446433636
0.3455828592
0.3446251146
0.3425187511
0.3425187511
0.3387730828
0.3368022572
0.3357533478
0.3364793857
0.3364793857
0.3364825133
0.3363612142
0.3356120869
0.3359715544
0.3359715544
0.3351227797
0.3346092912
0.3336774348
0.3343382512
0.3343382512
0.3350369904
0.3367854772
0.3373732980
0.3386425774
0.3386425774
0.3389309244
0.3397098760
0.3395541774
0.3397858440
0.3397858440
0.3404188854
0.3400846385
0.3406026627
0.3404284111
0.3404284111
0.3422037754
0.3430249505
0.3438714121
0.3434304201
0.3434304201
0.3441591688
0.3443296863
0.3444573652
0.3444997818
0.3444997818
0.3457474956
0.3457553115
0.3464443952
0.3463125508
0.3463125508
0.3466682841
0.2677177439
0.2691063212
0.2699421028
0.2699421028
0.2702112499
0.2694833204
0.2693605446
0.2685573883
0.2685573883
0.2682793840
0.2663183199
0.2647105632
0.2623870866
0.2623870866
0.2596118004
0.2569376236
0.2559931367
0.2548391824
0.2548391824
0.2553425398
0.2548282086
0.2557082909
0.2556947607
0.2556947607
0.2550916107
0.2547977224
0.2551318476
0.2550789049
0.2550789049
0.2546087513
0.2552421877
0.2550386026
0.2549552725
0.2549552725
0.2544748636
0.2551879772
0.2546532523
0.2550908117
0.2550908117
0.2546030355
0.2552315616
0.2553439223
0.2557752791
0.2557752791
0.2551212113
0.2558805613
0.2563684378
0.2560818686
0.2560818686
0.2573295261
0.2575186901
0.2580251110
0.2576623384
0.2576623384
0.2582329139
0.2585108076
0.2578530757
0.3339423489
0.3339423489
0.3350720872
0.3346233394
0.3342969729
0.3356576291
0.3356576291
0.3354833005
0.3368615800
0.3376676605
0.3397512023
0.3397512023
0.3407901258
0.3420056586
0.3432665883
0.3450667407
0.3450667407
0.3465865872
0.3474126445
0.3464544175
0.3452340697
0.3452340697
0.3442458266
0.3426186388
0.3419238315
0.3419607454
0.3419607454
0.3420701912
0.3439743445
0.3446706625
0.3446706625
0.3455761040
0.3449740538
0.3441722378
0.3433146324
0.3429917243
0.3429917243
0.3074036405
0.3067079778
0.3044506681
0.3013408435
0.3013408435
0.2989429935
0.2973713923
0.2963402529
0.2963402529
0.2959930336
0.2944349156
0.2912562881
0.2877327213
0.2877327213
0.2820722212
0.2734611607
0.2601975851
0.2445891873
0.2445891873
0.2334468727
0.2303348270
0.2381906733
0.2336601154
0.2336601154
0.2239252568
0.2207069474
0.2206760523
0.2213713035
0.2213713035
0.2221428267
0.2218888944
0.2223341079
0.4002480677
0.4002480677
0.3979719984
0.3945835162
0.3914301226
0.3856775734
0.3856775734
0.3804480359
0.3734101892
0.3672988185
0.3960935221
0.3960935221
0.3984660774
0.4001697133
0.4004323621
0.4005877394
0.4005877394
0.3989348080
0.3972323937
0.5823776585
0.5830414361
0.5830414361
0.5836775435
0.5856302035
0.5860843039
0.5867619606
0.5867619606
0.5877288494
0.5884322434
0.5894741007
0.5908183426
0.5908183426
0.5916725830
0.5930045608
0.5927220501
0.5933249367
0.5933249367
0.5931072688
0.2887192681
0.2927921542
0.2970121092
0.2970121092
0.3035316858
0.3105898354
0.3183903747
0.3241808491
0.3241808491
0.3281633533
0.3292000551
0.3279096958
0.2988768212
0.2988768212
0.2995159273
0.3000797287
0.3012036731
0.3031084857
0.3031084857
0.3051298079
0.3073346730
0.3102667465
0.4724524162
0.4724524162
0.4737204307
0.4733464853
0.4743713216
0.4736489609
0.4736489609
0.4741366462
0.4739961413
0.2609550076
0.2615947254
0.2615947254
0.2607806157
0.2606970977
0.2606593081
0.2598340450
0.2598340450
0.2598579567
0.2604462863
0.2605714461
0.2623523233
0.2623523233
0.2627888735
0.2642882781
0.2641147717
0.2653755363
0.2653755363
0.2654469420
0.2660605304
0.3221684507
0.3207981935
0.3207981935
0.3199343755
0.3189581327
0.3197642747
0.3197911555
0.3197911555
0.3208337992
0.3220949759
0.3224212990
0.3233186948
0.3233186948
0.3244832524
0.3252331010
0.3270154640
0.3288051613
0.3288051613
0.3296808915
0.3312770625
0.3322371133
0.3322481372
0.3322481372
0.3320166078
0.3311382862
0.3289685814
0.3272075974
0.3272075974
0.3257445817
0.3234310052
0.3221274278
0.2848564807
0.2848564807
0.2854637328
0.2859349623
0.2858481575
0.2857835317
0.2857835317
0.2858380510
0.2855593056
0.2858279571
0.2862202819
0.2862202819
0.2862763008
0.2867511563
0.2875034498
0.2879860308
0.2879860308
0.2890692924
0.2898645406
0.2902461167
0.2904397694
0.2904397694
0.2908128423
0.2905102648
0.2908982814
0.2916880727
0.2916880727
0.2915240078
0.2915939505
0.2919298318
0.2919402657
0.2919402657
0.2920452819
0.2466879552
0.2464231518
0.2461608054
0.2461608054
0.2461837752
0.2472707013
0.2483003758
0.2489304815
0.2489304815
0.2492164074
0.2487094747
0.2471145768
0.2460953301
0.2460953301
0.2457222949
0.2455718782
0.2464122358
0.2468218938
0.2468218938
0.2464975911
0.2468870036
0.2471698770
0.2459570628
0.2459570628
0.2446332912
0.2440873947
0.2447100558
0.2452134142
0.2452134142
0.2456960601
0.2456568464
0.2457901844
0.2457909113
0.2457909113
0.2451321929
0.2468645774
0.2478676435
0.2480688997
0.2480688997
0.2479751166
0.2519173089
0.2540721146
0.2532939027
0.2532939027
0.2542946176
0.2551074980
0.2569981587
0.2580130242
0.2580130242
0.2599378063
0.3833436781
0.3843853903
0.3863219678
0.3863219678
0.3871301463
0.3883285248
0.3894294888
0.3894294888
0.3891693456
0.3892863427
0.3895991545
0.3890392670
0.3892404564
0.3892404564
0.3884981451
0.3843122959
0.3790670273
0.3722257503
0.3722257503
0.3660976354
0.3586958696
0.3518979976
0.3518979976
0.3444779466
0.3364575756
0.3266617641
0.3171420500
0.3171420500
0.3077392393
0.2985576192
0.2898333489
0.2828578272
0.2828578272
0.2758447201
0.2679497725
0.2623380280
0.2591722145
0.2591722145
0.2566757083
0.2526344387
0.2548650447
0.2574320452
0.2574320452
0.2585155615
0.2620603468
0.2690493612
0.2762103266
0.2762103266
0.2823175950
0.2864064027
0.2906145269
0.2930586870
0.2930586870
0.2970262761
0.2995719047
0.3034873668
0.3064461477
0.3064461477
0.3100770132
0.3116524823
0.3125266040
0.3119801353
0.3119801353
0.3122063492
0.3110697908
0.3103988268
0.3098515193
0.3098515193
0.3090630251
0.3092512257
0.3091929847
0.3076278762
0.3076278762
0.3061944404
0.3023705225
0.2988147287
0.2936252041
0.2936252041
0.2897338618
0.2857153726
0.2840295115
0.2827290154
0.2827290154
0.2834697816
0.2838035732
0.2848739589
0.3741111164
0.3741111164
0.3746774658
0.3751607861
0.3753093952
0.3762217567
0.3762217567
0.3763243555
0.3771380243
0.3781574954
0.3786061227
0.3786061227
0.3794744292
0.3802737547
0.3801439801
0.3801148648
0.3801148648
0.3798759287
0.3788957962
0.3784976034
0.3781126769
0.3781126769
0.3769519052
0.3765949728
0.3761699236
0.3751222798
0.3751222798
0.3749109932
0.3749065162
0.3743121282
0.3744365516
0.3744365516
0.3744692078
0.3736767314
0.3734872536
0.3732381275
0.3732381275
0.3720100376
0.3714958187
0.3709991747
0.3694798938
0.3694798938
0.3685908743
0.3676180600
0.3659241301
0.3653811422
0.3653811422
0.3633410237
0.3620485524
0.3606191087
0.3588086560
0.3588086560
0.3580158299
0.3572487536
0.3560467544
0.3555932702
0.3555932702
0.3551809345
0.3541518482
0.3539386011
0.3537877946
0.3537877946
0.3531478156
0.3535075846
0.3542057467
0.3542825967
0.3542825967
0.3072072970
0.3074854548
0.3080836937
0.3078855715
0.3078855715
0.3081719971
0.3080445332
0.3082277284
0.3077178391
0.3077178391
0.3078013991
0.3076728441
0.3076815499
0.3071484883
0.3071484883
0.3071549228
0.3073636586
0.3068161702
0.3066020697
0.3066020697
0.3066123433
0.3060423198
0.3058574941
0.3061441680
0.3061441680
0.3052432188
0.3046471772
0.3044570963
0.3034783850
0.3034783850
0.3030313962
0.3029722124
0.3021750117
0.3017510977
0.3017510977
0.3017258306
0.3008488386
0.3005370986
0.3004336220
0.3004336220
0.2996543625
0.2995759617
0.2995373631
0.2987680484
0.2987680484
0.2990578985
0.2985883468
0.2981682664
0.2975000989
0.2975000989
0.3524972603
0.3521190366
0.3521690955
0.3526710001
0.3526710001
0.3530962156
0.3540667474
0.3538829120
0.3531561350
0.3531561350
0.3523186132
0.3507251585
0.3503262269
0.3483893517
0.3483893517
0.3471847478
0.3452408211
0.3443887334
0.3427295277
0.3427295277
0.3426531063
0.3426227301
0.3425648458
0.3441133263
0.3441133263
0.3445343484
0.3441519436
0.3447197799
0.3487826842
0.3487826842
0.3497870543
0.3481391729
0.3478374017
0.3494493994
0.3494493994
0.3502355561
0.3542561369
0.3549498165
0.3549876574
0.3549876574
0.3559860639
0.3579968322
0.3582424588
0.3595402092
0.3595402092
0.2934024131
0.2922126495
0.2905650678
0.2899528094
0.2899528094
0.2899808623
0.2897843534
0.2900034042
0.2900034042
0.2898834979
0.2890216753
0.2885165214
0.2871157599
0.2856498930
0.2856498930
0.2842667301
0.2825193118
0.2814509270
0.2807377633
0.2807377633
0.2800025752
0.2799804084
0.2798091259
0.2798091259
0.2806430769
0.2815815944
0.2829909494
0.2839584922
0.2839584922
0.2843185704
0.2837445820
0.2826932635
0.2813155992
0.2813155992
0.2800459342
0.2790724863
0.2771325573
0.2759078060
0.2759078060
0.2746114730
0.2736191218
0.2733733285
0.2727825290
0.2727825290
0.2722755272
0.2720483367
0.2714964447
0.2708507935
0.2708507935
0.2699405090
0.2685618215
0.2672296227
0.2662469425
0.2662469425
0.2651341614
0.2644555233
0.2640783757
0.2632551316
0.2632551316
0.2629316138
0.2631394185
0.2635459943
0.2646492801
0.2646492801
0.2667625768
0.2675805754
0.2682045286
0.3568497302
0.3568497302
0.3571820825
0.3571146032
0.3576452103
0.3574189691
0.3574189691
0.3572835974
0.3578983265
0.3579032659
0.3584200001
0.3584200001
0.3591737247
0.3592310433
0.3599156106
0.3607834158
0.3607834158
0.3607562857
0.3608699091
0.3611951040
0.3609183415
0.3609183415
0.3610898136
0.3615478533
0.3612690075
0.3617500507
0.3617500507
0.3615429498
0.3616160576
0.3619896238
0.3617267882
0.3617267882
0.3621508177
0.3619544728
0.3621826576
0.3627608490
0.3627608490
0.3623504717
0.3627097636
0.3619217955
0.3615565549
0.3615565549
0.3613676178
0.3604441299
0.3602316132
0.3603653177
0.3603653177
0.3595752741
0.3593841429
0.3596971559
0.3594500916
0.3594500916
0.3601318571
0.3598324850
0.3598668880
0.3599081992
0.3599081992
0.3593278776
0.3594678376
0.3600838798
0.3597848600
0.3597848600
0.3606859895
0.3609043901
0.3612866087
0.3612820017
0.3612820017
0.3620156390
0.3618525877
0.3623079151
0.3619826612
0.3619826612
0.3625673296
0.3626155521
0.3626876874
0.3622249000
0.3622249000
0.3620995294
0.3621477459
0.3617538476
0.3618561899
0.3618561899
0.3618575217
0.3615841456
0.4282845214
0.4305121329
0.4305121329
0.4323020761
0.4328042038
0.4333077377
0.4345462717
0.4345462717
0.4362343434
0.4391336687
0.4420911079
0.4440978919
0.4440978919
0.4456538716
0.4462924273
0.4454609913
0.4445134171
0.4445134171
0.4435762484
0.4421311743
0.4415459539
0.4415313256
0.4415313256
0.4415181059
0.4425921932
0.4439198481
0.4448868656
0.4448868656
0.4470007425
0.4485707241
0.4512195367
0.4540404362
0.4540404362
0.4562606032
0.4586834654
0.4606577841
0.4615212429
0.4615212429
0.4628349811
0.4646147690
0.4659138797
0.4688989040
0.4688989040
0.4713595756
0.4746800508
0.4807832233
0.4858211315
0.4858211315
0.4898330461
0.4915693314
0.4924172501
0.4926757131
0.4926757131
0.4917002030
0.4914664276
0.4916004337
0.4921971604
0.4921971604
0.3380516003
0.3387334908
0.3386544010
0.3389664034
0.3389664034
0.3393995974
0.3393776726
0.3396329037
0.3400743248
0.3400743248
0.3398423207
0.3398960503
0.3401613298
0.3398267572
0.3398267572
0.3398372451
0.3399773948
0.3396694460
0.3397297486
0.3397297486
0.3397084306
0.3391625211
0.3393190456
0.3391508801
0.3391508801
0.3391751388
0.3389239162
0.3392285246
0.3389143311
0.3389143311
0.3391645086
0.3388455054
0.3391548264
0.3391102663
0.3391102663
0.3391353928
0.3386999095
0.3387354654
0.3388085111
0.3388085111
0.3384928304
0.3389166681
0.3388418842
0.3388718072
0.3388718072
0.3386806805
0.3389579699
0.3388793867
0.3391480310
0.3391480310
0.3390610140
0.3394785356
0.3395568461
0.3396827350
0.3396827350
0.3394896440
0.3396041023
0.3916898139
0.3912726104
0.3912726104
0.3905788521
0.3893807113
0.3890009168
0.3890009168
0.3884042494
0.3872432149
0.3871479518
0.3867005415
0.3867005415
0.3857869142
0.3856993278
0.3854872729
0.3850272554
0.3850272554
0.3854129966
0.3857291672
0.3857219830
0.3868298304
0.3868298304
0.3869930959
0.3872860939
0.3872869554
0.3880427873
0.3880427873
0.3877963706
0.3883670836
0.3879860481
0.3886231838
0.3886231838
0.3893571013
0.3898663084
0.3900171190
0.3913837126
0.3913837126
0.3927113312
0.3936785649
0.3958037195
0.3967526628
0.3967526628
0.3985640513
0.3460806744
0.3471936281
0.3482940477
0.3482940477
0.3485337612
0.3489116743
0.3489669297
0.3487294596
0.3487294596
0.3488725128
0.3490456567
0.3489458449
0.3490959784
0.3490959784
0.3491251287
0.3488356745
0.3489989586
0.3485646542
0.3485646542
0.3485859883
0.3486887325
0.3485486044
0.3488834868
0.3488834868
0.3493711163
0.3495742075
0.3501981873
0.3507468992
0.3507468992
0.3510156765
0.3516593314
0.3521963025
0.3522640354
0.3522640354
0.3526925798
0.3525188011
0.3526783211
0.3528972295
0.3528972295
0.3528710854
0.3531029249
0.2837070152
0.2822946317
0.2822946317
0.2801106875
0.2785643402
0.2772813933
0.2759670237
0.2759670237
0.2752936698
0.2739825463
0.2736218716
0.2722662892
0.2722662892
0.2709073133
0.2707917390
0.2741856763
0.2718222511
0.2718222511
0.2693205803
0.2680962874
0.2666137678
0.2633458028
0.2633458028
0.2599868467
0.2567222897
0.2542418915
0.2517984315
0.2517984315
0.2499158027
0.2488113073
0.2481496512
0.2486990331
0.2486990331
0.2504836164
0.2521148866
0.2547027662
0.2565955809
0.2565955809
0.2586147077
0.2606214809
0.2617703485
0.2626450971
0.2626450971
0.2635442324
0.2643165153
0.2659303800
0.2670308116
0.2670308116
0.2675066967
0.2672732340
0.2684478320
0.2704013822
0.2704013822
0.2717487780
0.2734530660
0.2742575264
0.2752983447
0.2752983447
0.2758832912
0.2762750043
0.2766849042
0.2770491489
0.2770491489
0.2770205718
0.2770389803
0.2770876680
0.2769270293
0.2769270293
0.2772332166
0.2778312009
0.2781876661
0.2791190209
0.2791190209
0.2806178679
0.2816666667
0.2832867958
0.2851450540
0.2851450540
0.2863691579
0.2880409446
0.2901352089
0.2914910269
0.2914910269
0.2928223926
0.2942178300
0.2953323475
0.2970869646
0.2970869646
0.2991583556
0.3007776878
0.3027971441
0.3047546125
0.3047546125
0.3059796318
0.3070987218
0.3085606065
0.3096417770
0.3096417770
0.3111879357
0.3435751416
0.3442468770
0.3444288534
0.3444288534
0.3444976120
0.3439736218
0.3445654270
0.3439195203
0.3439195203
0.3442707001
0.3434486991
0.3436772648
0.3440022925
0.3440022925
0.3439328388
0.3447390481
0.3451231094
0.3452751020
0.3452751020
0.3449424182
0.3456179337
0.3457959129
0.3457757989
0.3457757989
0.3452722059
0.3460536509
0.3453358315
0.3453788711
0.3453788711
0.3444735172
0.3446579363
0.3448773199
0.3447728399
0.3447728399
0.3438366614
0.3444804579
0.3439037201
0.3447027949
0.3447027949
0.3445966876
0.3443127157
0.3437336181
0.3442130606
0.3442130606
0.3436559830
0.3438720781
0.3436689003
0.3441850786
0.3441850786
0.3443012222
0.3446486038
0.3440978200
0.3442992844
0.3442992844
0.3284814384
0.3290733509
0.3283179759
0.3284847496
0.3284847496
0.3298926236
0.3310041542
0.3325000082
0.3333365123
0.3333365123
0.3330894307
0.3324245528
0.3310539545
0.3283008417
0.3283008417
0.3259758395
0.3226444569
0.3202774346
0.3202774346
0.3176250617
0.3155620295
0.3150620329
0.3132873448
0.3132873448
0.3122975253
0.3113467447
0.3095303913
0.3079889549
0.3079889549
0.3070051237
0.3053155763
0.3042557493
0.3036285288
0.3036285288
0.3018645901
0.3005279802
0.2995370748
0.2980009080
0.2980009080
0.2976377281
0.2976061701
0.2971704034
0.2977706789
0.2977706789
0.2985163526
0.2974352866
0.2970574168
0.2954301996
0.2954301996
0.2943699065
0.2928702248
0.2934291754
0.2929198312
0.2929198312
0.2939899073
0.3364364196
0.3370275494
0.3369098710
0.3369098710
0.3355388154
0.3363045793
0.3375876123
0.3391653164
0.3391653164
0.3398334034
0.3407425603
0.3395324584
0.3389030872
0.3389030872
0.3377843074
0.3350406203
0.3322363194
0.3300653293
0.3300653293
0.3275606057
0.3252616059
0.3236443066
0.3220406547
0.3220406547
0.3213006618
0.3211717979
0.3197576250
0.3188553474
0.3188553474
0.3186501888
0.3184907176
0.3191337092
0.3204233759
0.3204233759
0.3211777492
0.3219291608
0.3209953018
0.3192375541
0.3192375541
0.3178894051
0.3158573325
0.3147394214
0.3139918348
0.3139918348
0.3125494096
0.3109958501
0.3104475582
0.3097141246
0.3097141246
0.3088024139
0.3091496291
0.3100764400
0.3101623717
0.3101623717
0.3116313515
0.3121360464
0.3125327574
0.3136506501
0.3136506501
0.3294426574
0.3296268692
0.3299226694
0.3285521958
0.3285521958
0.3268067936
0.3258670331
0.3246541720
0.3250428715
0.3250428715
0.3262750568
0.3277673318
0.3302872050
0.3327086351
0.3327086351
0.3338370929
0.3347810305
0.3346563908
0.3325152739
0.3325152739
0.3315429317
0.3314257398
0.3305998635
0.3302814528
0.3302814528
0.3300713179
0.3293483429
0.3300841813
0.3311362320
0.3311362320
0.3311370094
0.3316736788
0.3324338196
0.3332439990
0.3332439990
0.3344526529
0.3346706091
0.3344045471
0.3339183812
0.3339183812
0.3332198493
0.3321588209
0.3309124911
0.3296283364
0.3296283364
0.3287430635
0.3282126540
0.3538223315
0.3580440222
0.3580440222
0.3643168556
0.3697714746
0.3786577891
0.3881656744
0.3881656744
0.3988030082
0.4091028791
0.4207062909
0.4283200636
0.4283200636
0.4348285198
0.4388874276
0.4407464247
0.4413556380
0.4413556380
0.4385483606
0.4315450943
0.4287783344
0.4287083995
0.4287083995
0.4308438215
0.4333027728
0.4350876019
0.4345233046
0.4345233046
0.4367217992
0.4389347873
0.4425224613
0.4415918530
0.4415918530
0.4392001160
0.4325915019
0.4278478319
0.4224792597
0.4224792597
0.4106928042
0.3970682702
0.3841361924
0.3802161488
0.3802161488
0.3777211387
0.3745369220
0.3727052666
0.3714350416
0.3714350416
0.3707576377
0.3702944114
0.3697871065
0.3692605820
0.3692605820
0.3689123410
0.3680467382
0.3666341126
0.3651786789
0.3651786789
0.3633195583
0.3613079480
0.3599403443
0.3584268577
0.3584268577
0.3564524273
0.3550661888
0.3527758647
0.3504571131
0.3504571131
0.3480098062
0.3456320622
0.3431517751
0.3405875388
0.3405875388
0.3380047719
0.3357037579
0.3332492019
0.3309848308
0.3309848308
0.3309848308
0.3245190752
0.3245190752
