0.1970834468
0.1970834468
0.1970834468
0.1970834468
0.1970834468
0.1970834468
0.1970834468
0.1970834468
0.1970834468
0.1970834468
0.1970834468
0.1970834468
0.1970834468
0.1970834468
0.1970834468
0.1970834468
0.1970834468
0.1970834468
0.1970834468
0.1970834468
0.1970834468
0.1970834468
0.1970834468
0.1970834468
0.1970834468
0.1970834468
0.1970834468
0.1970834468
0.1970834468
0.1970834468
0.1970834468
0.1970834468
0.1970834468
0.1970834468
0.1970834468
0.1970834468
0.1970834468
0.1970834468
0.1970834468
0.1970834468
0.1970834468
0.1970834468
0.1970834468
0.1970834468
0.1970834468
0.1970834468
0.1970834468
0.1970834468
0.1970834468
0.1988630174
0.2013679591
0.2014573594
0.1993640746
0.1993640746
0.1965369519
0.1968709131
0.1989104579
0.1990961707
0.1990961707
0.2921155705
0.2921222521
0.2921154552
0.2922803328
0.2922803328
0.2922872942
0.2922765542
0.2923091242
0.2924542578
0.2924542578
0.2924723943
0.2924897063
0.2925114322
0.2925491009
0.2925491009
0.2925864670
0.2925909510
0.2925851356
0.2926654922
0.2926654922
0.2927180370
0.2927437610
0.2927993676
0.2928690371
0.2928690371
0.2929820488
0.2930305446
0.2574451026
0.2573955289
0.2573955289
0.2576008930
0.2579970214
0.2580833693
0.2581010538
0.2581010538
0.2580599620
0.2580477544
0.2581276174
0.2582596261
0.2582596261
0.2582597131
0.2583589230
0.2583171542
0.2583234311
0.2583234311
0.2583039840
0.2582800510
0.2582658066
0.2581436906
0.2581436906
0.2580607941
0.2580536908
0.2580632243
0.2581691706
0.2581691706
0.2582843043
0.2583106050
0.2584252943
0.2584556686
0.2584556686
0.2485764059
0.2485809145
0.2485805249
0.2486630469
0.2486630469
0.2487008821
0.2487133147
0.2487382311
0.2487879921
0.2487879921
0.2487988494
0.2487962831
0.2487889490
0.2487854674
0.2487854674
0.2488200685
0.2489005235
0.2489085497
0.2488953114
0.2488953114
0.2488968376
0.2489087142
0.2489274256
0.2489622557
0.2489622557
0.2490004558
0.2490405282
0.2490355108
0.2490671580
0.2490671580
0.2490237004
0.2489963746
0.2489886585
0.2489485824
0.2489485824
0.2489043361
0.2488844011
0.2488570072
0.2488227446
0.2488227446
0.2488245942
0.2488142531
0.2542972608
0.2541299776
0.2541299776
0.2539027192
0.2537254278
0.2535146945
0.2533334827
0.2533334827
0.2533536182
0.2534773492
0.2536518133
0.2536518133
0.2541365098
0.2543459438
0.2542991766
0.2543497299
0.2543497299
0.2544822436
0.2546547711
0.2547954642
0.2548367488
0.2548367488
0.2548148356
0.2545891242
0.2543732979
0.2542767925
0.2542767925
0.2543729537
0.2544367208
0.2543767096
0.2544235468
0.2544235468
0.2543818801
0.2543865041
0.2543906969
0.2544397581
0.2544397581
0.2545361728
0.2545284586
0.2544851277
0.2544977419
0.2544977419
0.2545296425
0.2783133926
0.2783635243
0.2783229034
0.2783229034
0.2783161859
0.2781937655
0.2780996789
0.2780057133
0.2780057133
0.2780021238
0.2780529552
0.2781153833
0.2782415899
0.2782415899
0.2784138601
0.2785254875
0.2786251021
0.2786758049
0.2786758049
0.2786719015
0.2786569535
0.2785952062
0.2785075572
0.2785075572
0.2784386536
0.2783665161
0.2783219786
0.2782745836
0.2782745836
0.2782452682
0.2782905263
0.2783534934
0.2784243789
0.2784243789
0.2784918112
0.2785399079
0.2785988694
0.2786170173
0.2786170173
0.2786220800
0.2772986187
0.2773486917
0.2773542045
0.2773542045
0.2773586563
0.2773566252
0.2773508571
0.2773504978
0.2773504978
0.2773511843
0.2773518121
0.2773503162
0.2773531284
0.2773531284
0.2773562451
0.2773584710
0.2773589722
0.2773589344
0.2773589344
0.2773576200
0.2773569183
0.2773527653
0.2773513185
0.2773513185
0.2773469499
0.2773485536
0.2773476175
0.2773478066
0.2773478066
0.2773494992
0.2773528825
0.2773538452
0.2773536239
0.2773536239
0.2773519521
0.2773541024
0.2773536315
0.2773527653
0.2773527653
0.1927867042
0.1958287926
0.1981664624
0.1994617602
0.1994617602
0.2006278084
0.2015035460
0.2020720146
0.2031128434
0.2031128434
0.2032447085
0.2028426437
0.2025410558
0.1996161738
0.1996161738
0.1944293698
0.1911782086
0.1891760602
0.1891225623
0.1891225623
0.1916438986
0.1978619338
0.2007738971
0.2017680268
0.2017680268
0.2021237688
0.2778525138
0.2778462029
0.2778340785
0.2778340785
0.2778558479
0.2778551879
0.2778481867
0.2778673974
0.2778673974
0.2779844034
0.2779676890
0.2779325243
0.2779315598
0.2779315598
0.2779186732
0.2779395066
0.2779692701
0.2779867031
0.2779867031
0.2779092173
0.2779062103
0.2779196321
0.2779072353
0.2779072353
0.2852084903
0.2848385795
0.2840994954
0.2828244788
0.2828244788
0.2816560212
0.2849178827
0.2808408224
0.2747570012
0.2747570012
0.2751207732
0.2734927719
0.2736931584
0.2683624822
0.2683624822
0.2674745522
0.2725400100
0.2734366168
0.2793198737
0.2793198737
0.2701237026
0.2715806781
0.2724873253
0.2730533013
0.2730533013
0.2731111489
0.2727612564
0.2723035093
0.2719565859
0.2719565859
0.2716183071
0.2713768477
0.2712414254
0.2712273322
0.2712273322
0.2712644090
0.2710888783
0.3176072720
0.3178527521
0.3178527521
0.3178130995
0.3176924492
0.3175868472
0.3174762145
0.3174762145
0.3173722843
0.3173027944
0.3171858793
0.3169316770
0.3169316770
0.3167589926
0.3166372038
0.3166006169
0.3165754830
0.3165754830
0.2760625870
0.2751219571
0.2729123377
0.2698963269
0.2698963269
0.2665905596
0.2664639180
0.2671398439
0.2677654018
0.2677654018
0.2674218788
0.2666996811
0.2670185828
0.2668353701
0.2668353701
0.2657435737
0.2658356122
0.2647575969
0.2647575969
0.2662480786
0.2644401193
0.2639783175
0.2646992897
0.2646992897
0.3121454475
0.3115703352
0.3109557859
0.3102927806
0.3097318881
0.3097318881
0.3091920237
0.3086634233
0.3080843886
0.3080843886
0.3074730770
0.3068943866
0.3064383454
0.3059346802
0.3059346802
0.3055818714
0.3052409998
0.3050036462
0.3048277808
0.3048277808
0.3047415029
0.3047068355
0.3047150489
0.3047022229
0.3047022229
0.3046812553
0.3046601648
0.2661202872
0.2662347476
0.2662347476
0.2680220777
0.2691654260
0.2697050767
0.2697477154
0.2697477154
0.2706068975
0.2700691097
0.2690167919
0.2675539745
0.2675539745
0.2652537862
0.2643242500
0.2660453866
0.2617553842
0.2617553842
0.2656938941
0.2697650482
0.2691052314
0.2696247693
0.2696247693
0.2718704498
0.2752727491
0.2776539673
0.2787425525
0.2787425525
0.3162814845
0.3164683302
0.3166802700
0.3170463455
0.3170463455
0.3174197852
0.3178498756
0.3182201987
0.3185160070
0.3185160070
0.3187940458
0.3190878835
0.3195038391
0.3204098489
0.3204098489
0.3218191381
0.3236125881
0.3256724669
0.3277712116
0.3277712116
0.3289344325
0.3292644865
0.3293451514
0.3293263946
0.3293263946
0.3292577577
0.2549928324
0.2540316207
0.2539533198
0.2539533198
0.2549612514
0.2564283901
0.2588208647
0.2715136014
0.2715136014
0.2835087165
0.2768048596
0.2750422643
0.2767583061
0.2767583061
0.2778346818
0.2784123718
0.2785172193
0.2784803203
0.2784803203
0.4543420933
0.4540547631
0.4538504164
0.4536485926
0.4536485926
0.4534811827
0.4535223387
0.4533840058
0.4532166432
0.4532166432
0.4530574940
0.4529189096
0.4527908743
0.4526210777
0.4526210777
0.4523284768
0.4521227344
0.4518540324
0.4516498445
0.4516498445
0.4514307144
0.4512075334
0.2723296701
0.2751375008
0.2751375008
0.2729424625
0.2728529998
0.2725712014
0.2715388961
0.2715388961
0.2707303600
0.2636518965
0.2629852979
0.2625138378
0.2625138378
0.2692925461
0.2704472888
0.2716344975
0.2722891419
0.2722891419
0.2722490412
0.2729698923
0.2736875454
0.2742682897
0.2742682897
0.2743513734
0.2735121698
0.2717122462
0.2697901878
0.2697901878
0.2682143738
0.2576647112
0.2576600872
0.2577543043
0.2577543043
0.2578600085
0.2579360740
0.2578856096
0.2576797650
0.2576797650
0.2575584585
0.2575291054
0.2574978894
0.2574535221
0.2574535221
0.2573831151
0.2573522187
0.2572804462
0.2572069547
0.2572069547
0.2571631680
0.2571274245
0.2570857011
0.2570394407
0.2570394407
0.2570110805
0.2570189592
0.2690554591
0.2724962971
0.2724962971
0.2742163501
0.2752900024
0.2757131464
0.2757204615
0.2757204615
0.2755003650
0.2752272150
0.2749666167
0.2742355381
0.2742355381
0.2730057530
0.2711673645
0.2688190076
0.2665962899
0.2665962899
0.2650642531
0.2645745677
0.2666339359
0.2695041341
0.2695041341
0.2713246660
0.2723824267
0.2728598989
0.2732233323
0.2732233323
0.2732525418
0.2732037188
0.2781987356
0.2773163126
0.2773163126
0.2732255583
0.2703632330
0.2679735555
0.2669975736
0.2669975736
0.2668825912
0.2676155573
0.2686514993
0.2699924995
0.2699924995
0.2708878998
0.2708039972
0.2703761480
0.2700134917
0.2700134917
0.2695667495
0.2691968311
0.2687225834
0.2675352215
0.2675352215
0.2664417987
0.3402957081
0.3386593137
0.3377221920
0.3377221920
0.3372114330
0.3370642342
0.3370406814
0.3377271942
0.3377271942
0.3386590925
0.3399745200
0.3412138480
0.3419031276
0.3419031276
0.3422794099
0.3426495268
0.3431750862
0.3439311399
0.3439311399
0.3447497768
0.3455237136
0.3462295109
0.3468959430
0.3468959430
0.3472357726
0.3698081314
0.3693487862
0.3693487862
0.3685490310
0.3672691218
0.3663341787
0.3643887679
0.3628479674
0.3628479674
0.3626978145
0.3627906379
0.3623735268
0.3613775928
0.3613775928
0.3601511627
0.3607323533
0.3606095925
0.3606095925
0.3605625246
0.3610757667
0.3510126331
0.3509392285
0.3509392285
0.3508730899
0.3507812822
0.3507064667
0.3506893817
0.3506893817
0.3506157502
0.3505080054
0.3504911568
0.3503556361
0.3503556361
0.3504997863
0.3505407419
0.3506994107
0.3510857749
0.3510857749
0.3514270379
0.3515771813
0.3518806074
0.3522499697
0.3522499697
0.3528021382
0.3535819603
0.3543094287
0.2554945288
0.2554945288
0.2557435870
0.2556179629
0.2552406235
0.2547079343
0.2547079343
0.2544754259
0.2542956098
0.2540717366
0.2539986402
0.2539986402
0.2542212275
0.2543218198
0.2543656594
0.2544419916
0.2544419916
0.2543032559
0.2540503491
0.2534593168
0.2532967918
0.2532967918
0.3169499175
0.3165227207
0.3159179470
0.3154263666
0.3154263666
0.3145570609
0.3144000223
0.3145491633
0.3144931728
0.3144931728
0.3150401783
0.3142677734
0.3141457350
0.3136953295
0.3136953295
0.3137020187
0.3143452043
0.3155444770
0.3159850388
0.3159850388
0.3178085134
0.3215910078
0.3202489390
0.3191958080
0.3191958080
0.3196345051
0.3200108006
0.3195851073
0.2544725570
0.2544725570
0.2542864999
0.2539836337
0.2539074074
0.2537350407
0.2537350407
0.2537148693
0.2536212384
0.2535633794
0.2536939792
0.2536939792
0.2538030630
0.2541363547
0.2543149983
0.2542004962
0.2542004962
0.3267576385
0.3262627580
0.3258135326
0.3253005836
0.3253005836
0.3250970331
0.3251053789
0.3251971451
0.3252480937
0.3252480937
0.3251976576
0.3252009274
0.3253321192
0.3256595104
0.3256595104
0.3261564108
0.3266423895
0.3271406439
0.3276022887
0.3276022887
0.3280336991
0.3282570125
0.3284440170
0.3286796572
0.3286796572
0.3288220732
0.3289803052
0.3289965543
0.3288217328
0.3288217328
0.3286826113
0.2532493400
0.2534066471
0.2530873975
0.2530873975
0.2525340943
0.2521387943
0.2521322300
0.2521780346
0.2521780346
0.2521785206
0.2520058608
0.2517935446
0.3291500431
0.3291500431
0.3298323064
0.3302663739
0.3306935234
0.3306078488
0.3306078488
0.3299998241
0.3289024771
0.3280310212
0.3272734053
0.3272734053
0.3264128446
0.3251511306
0.3240027536
0.3233418985
0.3233418985
0.3228648727
0.3225407740
0.3218877769
0.3214206892
0.3214206892
0.3206270765
0.3204456264
0.3200950114
0.3208989387
0.3208989387
0.2975393235
0.2975369822
0.2975620423
0.2975732798
0.2975732798
0.2975722415
0.2975710501
0.2975819622
0.2976190749
0.2976190749
0.2976331813
0.2976519457
0.2976588145
0.2976585629
0.2976585629
0.3575053521
0.3535044292
0.3509273386
0.3440521684
0.3440521684
0.3391121796
0.3351112567
0.3356078658
0.3373669246
0.3373669246
0.3336467638
0.3284753956
0.3260157990
0.3547123937
0.3547123937
0.3664021631
0.3724438204
0.3153602166
0.3153584616
0.3153584616
0.3153782207
0.3153911016
0.3154151783
0.3154316222
0.3154316222
0.3154651057
0.3155106758
0.3155455682
0.3155715115
0.3155715115
0.3155975418
0.3155976685
0.3156158807
0.3156252950
0.3156252950
0.3156251645
0.3156222578
0.3672003903
0.3672003903
0.3743320322
0.3626624815
0.3565964128
0.3532315193
0.3532315193
0.3554064297
0.3583578148
0.3604398167
0.3566807352
0.3490813230
0.3490813230
0.3490231633
0.3535176505
0.3575044632
0.3575044632
0.3564636570
0.3591427677
0.3636390477
0.3648270413
0.3648270413
0.3641409805
0.3685476163
0.3676989455
0.3621741425
0.3621741425
0.3554237227
0.3440131286
0.3399240291
0.3399160142
0.3399160142
0.3399242976
0.3399458118
0.3399439168
0.3399403614
0.3399403614
0.3399334888
0.3399287362
0.3399234693
0.3399228376
0.3399228376
0.3399176066
0.3399164813
0.3399156549
0.3399069857
0.3399069857
0.3399065904
0.3399035513
0.3574097392
0.3526503249
0.3526503249
0.3456034442
0.3392200871
0.3363563113
0.3345129830
0.3345129830
0.3320254176
0.3214169333
0.3107569785
0.3050820057
0.3050820057
0.3115203133
0.3272984069
0.3424685798
0.3579545547
0.3579545547
0.3681911254
0.3738591348
0.3752952013
0.3741970845
0.3741970845
0.3743722124
0.3733248722
0.3709595021
0.3671611822
0.3671611822
0.3636716027
0.3672970603
0.3205353312
0.3211767845
0.3211767845
0.3222269634
0.3225504418
0.3220030902
0.3221897467
0.3221897467
0.3223658183
0.3220209430
0.3227075787
0.3249795619
0.3249795619
0.3270277248
0.3279245681
0.3271637353
0.3258986058
0.3258986058
0.3251929239
0.3247570712
0.3247707804
0.3249491667
0.3249491667
0.3246192073
0.3247486856
0.3253575235
0.3256205084
0.3256205084
0.3261490484
0.2714079086
0.2701838840
0.2669133268
0.2669133268
0.2639199744
0.2617099995
0.2605091628
0.2600659949
0.2600659949
0.2605511094
0.2613157888
0.2641119376
0.2669858293
0.2669858293
0.2686575133
0.2695108706
0.2695311687
0.2693320114
0.2693320114
0.2695105755
0.3072696929
0.3072558003
0.3073202028
0.3073202028
0.3073533156
0.3073894600
0.3074070859
0.3073892955
0.3073892955
0.3073095384
0.3071951366
0.3070753695
0.3070033398
0.3070033398
0.3069662915
0.3069742231
0.3069896041
0.3069960569
0.3069960569
0.3069838492
0.3069651284
0.3069888874
0.3070672961
0.3070672961
0.3070790290
0.3071137342
0.3071841015
0.3073292975
0.3073292975
0.3073314176
0.3075079449
0.3075019423
0.3075450746
0.3075450746
0.3075673887
0.3075975740
0.3076994882
0.3079481152
0.3079481152
0.3082386150
0.3087277842
0.3088801800
0.3087745174
0.3087745174
0.3085138189
0.3080783084
0.3078170105
0.2730846950
0.2730846950
0.2640670994
0.2587051637
0.2594802957
0.2619374149
0.2619374149
0.2603811842
0.2443651772
0.2467133128
0.2479437693
0.2479437693
0.2474079634
0.2465602060
0.2471364909
0.2502711567
0.2502711567
0.2513020852
0.2518744213
0.2577830504
0.2597119379
0.2597119379
0.2549681959
0.2470570723
0.2422250571
0.2437067485
0.2437067485
0.2427548868
0.2461407006
0.2489189701
0.2515342343
0.2515342343
0.2504844034
0.2482709733
0.2418857892
0.2469498684
0.2469498684
0.2479810427
0.2455187833
0.2455954880
0.2528533988
0.2528533988
0.2539223686
0.2541668425
0.2499182590
0.2425687825
0.2425687825
0.2464399756
0.2488232817
0.2481031738
0.2492508510
0.2492508510
0.2522197504
0.2533898099
0.2529771072
0.2544038255
0.2544038255
0.2490984780
0.2446832713
0.2436934194
0.2433603773
0.2433603773
0.2473026715
0.2472974972
0.2466771836
0.2471940927
0.2471940927
0.2545868131
0.2443202047
0.2451335936
0.2461173199
0.2461173199
0.2464450515
0.2470744202
0.2465236039
0.2444598576
0.2444598576
0.2429506665
0.2430515878
0.2443586620
0.2460213023
0.2460213023
0.2474768783
0.2473827444
0.2462668732
0.2446083481
0.2446083481
0.2431760299
0.2429991944
0.2425922049
0.2425922049
0.2431982325
0.2443169103
0.3056230899
0.3060246460
0.3060246460
0.3051697455
0.3049851031
0.3081815919
0.3086609175
0.3086609175
0.3076460508
0.3067124580
0.3052545237
0.3064744500
0.3064744500
0.3067770043
0.3065821986
0.3079042756
0.3081945220
0.3081945220
0.3085936025
0.3076252080
0.2474674810
0.2482723236
0.2482723236
0.2482771272
0.2480578515
0.2482539772
0.2492844934
0.2492844934
0.2514897100
0.2529004497
0.2534212112
0.2526719128
0.2526719128
0.2510309247
0.2514729257
0.2532755916
0.2554261150
0.2554261150
0.2569206760
0.2575034949
0.2582454971
0.2586355547
0.2586355547
0.2577401866
0.2556904200
0.2524649355
0.2504778409
0.2504778409
0.2485614561
0.2472107427
0.2453298460
0.2425455776
0.2425455776
0.2389737352
0.2347772331
0.2319351133
0.2319721939
0.2319721939
0.2346813820
0.2392839014
0.2434491611
0.2826708481
0.2826708481
0.2824465739
0.2822458110
0.2824810333
0.2823625276
0.2823625276
0.2824986138
0.2824549046
0.2825739776
0.2826894631
0.2826894631
0.2825869795
0.2825121982
0.2821213197
0.2818685340
0.2818685340
0.2816167109
0.2815201903
0.2814148946
0.2812884063
0.2812884063
0.2811376993
0.2809696653
0.2809513719
0.2811487231
0.2811487231
0.2813499304
0.2813321513
0.2812728645
0.2809968209
0.2809968209
0.2809252621
0.2809150194
0.2809789454
0.2811495476
0.2811495476
0.2813367866
0.2814517085
0.2815299186
0.2813739296
0.2813739296
0.2812190828
0.2814217559
0.2817040933
0.2818429557
0.2818429557
0.2821247182
0.2048862999
0.2136355226
0.2217621263
0.2217621263
0.2275830402
0.2302297794
0.2287767528
0.2246189350
0.2246189350
0.2225844359
0.2240214839
0.2291293573
0.2347542457
0.2347542457
0.2374101875
0.2361540846
0.2319147812
0.2272406991
0.2272406991
0.2257339344
0.2269909677
0.2329870681
0.2401107291
0.2401107291
0.2447723501
0.2450054788
0.2398559690
0.3652529711
0.3652529711
0.3660042495
0.3664327777
0.3666271427
0.3666230256
0.3666230256
0.3663290592
0.3653243861
0.3648643545
0.3649559883
0.3649559883
0.3653042166
0.3655470225
0.3653608671
0.3650572236
0.3650572236
0.3647076336
0.3645590335
0.3645395769
0.3636605789
0.3636605789
0.3606662033
0.3599390016
0.3619063559
0.3603051943
0.3603051943
0.3625149990
0.3632424750
0.2439962592
0.2450970028
0.2450970028
0.2453514490
0.2457246032
0.2447551251
0.2428434796
0.2428434796
0.2415706132
0.2402976920
0.2394919284
0.2390409083
0.2390409083
0.2381891359
0.2368700735
0.2370115589
0.2366264524
0.2366264524
0.2368505205
0.2363608993
0.2352117810
0.2859860033
0.2859860033
0.2846741482
0.2826950269
0.2806616361
0.2795906276
0.2795906276
0.2797307231
0.2802149430
0.2742805427
0.2699633223
0.2699633223
0.2677286560
0.2649172378
0.2640308566
0.2584052004
0.2584052004
0.2556575946
0.2562259933
0.2585305862
0.2587674122
0.2587674122
0.2592418282
0.2602040441
0.2608277676
0.2604246569
0.2604246569
0.2612955682
0.2629078934
0.2632786572
0.2628732960
0.2628732960
0.3592722461
0.3590758348
0.3584427594
0.3577672041
0.3577672041
0.3573849193
0.3571772781
0.3570813495
0.3570656829
0.3570656829
0.3569579948
0.3567945583
0.3564126271
0.3564126271
0.3561759808
0.3561341023
0.3561073231
0.3560349454
0.3561102298
0.3561102298
0.3563231455
0.3565571650
0.3565176675
0.3563902487
0.3563902487
0.3563395175
0.2752491603
0.2740291546
0.2740291546
0.2732223527
0.2724856497
0.2711137663
0.2689265481
0.2689265481
0.2676694354
0.2672394585
0.2672017293
0.2672139180
0.2672139180
0.2676615642
0.2678963742
0.2681556448
0.2689648050
0.2689648050
0.2691611274
0.2700495454
0.2689918641
0.2656205671
0.2656205671
0.2615970482
0.2637631551
0.2709598595
0.2753728422
0.2753728422
0.2758315178
0.2745681830
0.2713510973
0.2691781386
0.2691781386
0.2685557182
0.2692688117
0.2713950977
0.2734454997
0.2734454997
0.2742475055
0.2735242999
0.2714695594
0.2689132304
0.2689132304
0.2672307912
0.2677925045
0.2705665377
0.2746255031
0.2746255031
0.2775112620
0.3044237586
0.3042047666
0.3040226754
0.3040226754
0.3036896616
0.3037207887
0.3037619977
0.3037586900
0.3037586900
0.3037815791
0.3038147694
0.3038406012
0.3038213451
0.3038213451
0.3038333579
0.3037026938
0.3034092740
0.3033649370
0.3033649370
0.3033409983
0.3033192251
0.3033771786
0.3034301471
0.3034301471
0.3033792495
0.3033887868
0.3034829490
0.3035041379
0.3035041379
0.3035807121
0.3037619391
0.3039741096
0.3041411016
0.3041411016
0.3047764672
0.3054248177
0.3056367878
0.2408828863
0.2408828863
0.2392549700
0.2421284930
0.2416767826
0.2418239095
0.2418239095
0.2424013310
0.2408898572
0.2398069304
0.2395435805
0.2395435805
0.2402893254
0.2446734371
0.2486100502
0.2507963398
0.2507963398
0.2523421009
0.2540805911
0.2545149706
0.2536492110
0.2536492110
0.2526538784
0.2513562451
0.2502091995
0.2492038380
0.2492038380
0.2485231614
0.2481657286
0.2480441214
0.2483265912
0.2483265912
0.2485669556
0.2487620336
0.2555729545
0.2568011340
0.2568011340
0.2577315458
0.2591898054
0.2602354076
0.2593915763
0.2593915763
0.2580991815
0.2577432693
0.2576087679
0.2574702043
0.2574702043
0.2577529862
0.2581816487
0.2588676546
0.2597673800
0.2597673800
0.2608434777
0.2621351008
0.2630960327
0.2638260995
0.2638260995
0.2638084453
0.2638831378
0.2635340130
0.2625401386
0.2625401386
0.2597004925
0.2559128616
0.2519583012
0.2477939285
0.2477939285
0.2440640943
0.2429898878
0.2454503166
0.2467077206
0.2467077206
0.2474912514
0.2476525281
0.2483414068
0.2494825859
0.2494825859
0.2512086113
0.2517743736
0.2516016835
0.2510079714
0.2510079714
0.2499102744
0.2514203318
0.2515419522
0.2515710141
0.2515710141
0.2518651639
0.2522704702
0.2533806698
0.2544369440
0.2544369440
0.2550236588
0.2559470864
0.2568414446
0.2580497515
0.2580497515
0.2588813884
0.2596248033
0.2601947073
0.2605167862
0.2605167862
0.2607092108
0.2606068559
0.2603289912
0.2599165797
0.2599165797
0.2595483331
0.2592196445
0.2589648277
0.2586378941
0.2586378941
0.2583224231
0.2579613819
0.2579558559
0.2584491970
0.2584491970
0.4764997371
0.4765004841
0.4766393541
0.4762749107
0.4762749107
0.4755923789
0.4749363048
0.4745055904
0.4735639581
0.4735639581
0.4739155603
0.4725094692
0.4717835270
0.4708553884
0.4708553884
0.4688426626
0.4670221799
0.4662549076
0.4658735476
0.4658735476
0.4657340081
0.4651150372
0.4646922866
0.4643763503
0.4643763503
0.4635541220
0.4628948613
0.4646710183
0.4658742681
0.4658742681
0.4666824449
0.4679554757
0.4691403111
0.4698115809
0.4698115809
0.4703340444
0.4713307708
0.4722691672
0.4726995166
0.4726995166
0.4727427133
0.4721602839
0.4715459332
0.4719871513
0.4719871513
0.4731741312
0.4732500908
0.4720310666
0.4720310666
0.4703898402
0.4690288709
0.4679902282
0.4661178702
0.4642606758
0.4642606758
0.4619960172
0.4600705735
0.4584718459
0.4569163906
0.4569163906
0.4554323806
0.4554604515
0.4556050971
0.4556050971
0.4546938960
0.4534562700
0.4517972192
0.4497737514
0.4497737514
0.4463244901
0.4443245261
0.4426864201
0.4404385893
0.4404385893
0.4383380065
0.4363818366
0.4353001146
0.4346995752
0.4346995752
0.4346215448
0.4349409155
0.4351962108
0.2523370155
0.2523370155
0.2528071158
0.2546361977
0.2539355937
0.2534052061
0.2534052061
0.2539111293
0.2538563888
0.2540964544
0.2542143624
0.2542143624
0.2543656991
0.2536478021
0.2530026193
0.2529297197
0.2529297197
0.2530287007
0.2534001528
0.2533473130
0.2517259535
0.2517259535
0.2503126210
0.2490892622
0.2486966174
0.2491494342
0.2491494342
0.2495924791
0.2496678543
0.2496475751
0.2498651280
0.2498651280
0.2504132701
0.2506378885
0.2513359640
0.2528324936
0.2528324936
0.2542341613
0.2552726564
0.2556056002
0.2553804863
0.2553804863
0.2558059508
0.2563130409
0.2572493381
0.2585898409
0.2585898409
0.2592945469
0.4753302961
0.4767748483
0.4782588224
0.4782588224
0.4797692674
0.4810510262
0.4824055332
0.4830484617
0.4830484617
0.4828165736
0.4821134562
0.4822432674
0.4827071532
0.4827071532
0.4836963470
0.4832109356
0.4830266317
0.4827856697
0.4827856697
0.4824881895
0.4822403814
0.4820441176
0.4821547389
0.4821547389
0.4815154189
0.4807933687
0.4797608460
0.4783868767
0.4783868767
0.4771407839
0.4767037775
0.4763949653
0.4772892857
0.4772892857
0.4765136128
0.4756305601
0.4748028039
0.4733006252
0.4733006252
0.2472089045
0.2477923172
0.2478959979
0.2478331612
0.2478331612
0.2477387247
0.2476396794
0.2475689622
0.2473179447
0.2473179447
0.2469207479
0.2466542643
0.2469356693
