0.6084090425
0.6084090425
0.6084090425
0.6084090425
0.6084090425
0.6084090425
0.6084090425
0.6084090425
0.6084090425
0.6084090425
0.6084090425
0.6084090425
0.6084090425
0.6084090425
0.6084090425
0.6084090425
0.6084090425
0.6084090425
0.6084090425
0.6084090425
0.6084090425
0.6084090425
0.6084090425
0.6084090425
0.6084090425
0.6084090425
0.6084090425
0.6084090425
0.6084090425
0.6084090425
0.6084090425
0.6084090425
0.6084090425
0.6084090425
0.6084090425
0.6084090425
0.6084090425
0.6084090425
0.6084090425
0.6084090425
0.6084090425
0.6084090425
0.6084090425
0.6084090425
0.6084090425
0.6084090425
0.6084090425
0.6084090425
0.6084090425
0.6084090425
0.6084090425
0.6084090425
0.6084090425
0.6084090425
0.6084090425
0.6084090425
0.6084090425
0.6084090425
0.6084090425
0.6084090425
0.6084090425
0.6084090425
0.6084090425
0.6084090425
0.6084090425
0.6084090425
0.6084090425
0.6084090425
0.6084090425
0.6084090425
0.6084090425
0.6084090425
0.6084090425
0.6084090425
0.6084090425
0.6084090425
0.6084090425
0.6084090425
0.6084090425
0.6084090425
0.6084090425
0.6084090425
0.6084090425
0.6084090425
0.6084090425
0.6084090425
0.6084090425
0.6084090425
0.6084090425
0.6084090425
0.6084090425
0.6084090425
0.6084090425
0.6084090425
0.6084090425
0.6084090425
0.6084090425
0.6088348127
0.6089443117
0.6086180542
0.6082411790
0.6078114597
0.6075725630
0.6076202884
0.6076792420
0.6075132608
0.6075326522
0.6075986655
0.6077024267
0.6076143432
0.6072170090
0.6063632201
0.6055103998
0.6051570139
0.6047322833
0.6045879486
0.6044450039
0.6041920266
0.6037942262
0.6032455023
0.6031950405
0.6027053729
0.6023403840
0.6017183468
0.6009689384
0.6008042083
0.6005929295
0.6002205727
0.6000515141
0.5999117735
0.5989533020
0.5980945438
0.5973619059
0.5969396934
0.5971360435
0.5971328848
0.5973699628
0.5977881210
0.5980326385
0.5976237793
0.5972702741
0.5965925997
0.5958149009
0.5954484309
0.5953185505
0.5952401962
0.5953192442
0.5950029958
0.5941802143
0.5936123183
0.5924499532
0.5917326435
0.5910991301
0.5910363487
0.5911263524
0.5925627323
0.5916751034
0.5905736398
0.5897197373
0.5894562743
0.5885543931
0.5885220413
0.5888104895
0.5892438640
0.5892617308
0.5891318120
0.5892813863
0.5890852362
0.5887871977
0.5883406848
0.5878958515
0.5876620008
0.5869745848
0.5866688672
0.5865518860
0.5861457284
0.5852990473
0.5843038274
0.5837815832
0.5832677087
0.5828015003
0.5826040655
0.5823983089
0.5821863808
0.5813952862
0.5808162423
0.5806229168
0.5804668436
0.5803545438
0.5805470515
0.5810190779
0.5817959055
0.5819926830
0.5826172871
0.5832790001
0.5831875258
0.5822990452
0.5820404979
0.5821834403
0.5824900425
0.5824735548
0.5827319846
0.5837089273
0.5829922102
0.5827073259
0.5829042785
0.5831515652
0.5831644199
0.5823928871
0.5822760369
0.5820033557
0.5816136609
0.5817382207
0.5819706580
0.5820918596
0.5826168334
0.5828589674
0.5828521611
0.5830587484
0.5825249367
0.5817927375
0.5813656322
0.5808563437
0.5800721392
0.5794567592
0.5789555493
0.5792285556
0.5794285507
0.5792444022
0.5789405999
0.5788689437
0.5782509387
0.5774570850
0.5771247972
0.5767971066
0.5764063362
0.5763032956
0.5760539123
0.5755521882
0.5752665917
0.5747624838
0.5745578507
0.5744377877
0.5743608983
0.5738588210
0.5738365021
0.5737907700
0.5735979017
0.5731845486
0.5733584843
0.5738634870
0.5737266728
0.5740775003
0.5740408089
0.5741631053
0.5741809369
0.5739214933
0.5738336570
0.5732745628
0.5724736257
0.5720228814
0.5719990660
0.5723077962
0.5728641488
0.5730530005
0.5730981583
0.5728746990
0.5726282370
0.5723419069
0.5722158949
0.5725618333
0.5725620096
0.5729164316
0.5732432810
0.5731098703
0.5729691681
0.5730831561
0.5734232881
0.5741057048
0.5742362106
0.5750085099
0.5754403837
0.5758704916
0.5762997524
0.5758897836
0.5761648202
0.5761277473
0.5761299996
0.5761673217
0.5762468119
0.5765022355
0.5765943506
0.5769918041
0.5769118056
0.5764012214
0.5763386328
0.5762539363
0.5760249989
0.5759587659
0.5763117744
0.5768261097
0.5773747576
0.5772920745
0.5771290951
0.5761640332
0.5763959219
0.5765610613
0.5768088884
0.5766916485
0.5773659918
0.5775734772
0.5780531279
0.5783966052
0.5783788299
0.5780531667
0.5779651415
0.5780267529
0.5778783671
0.5772003309
0.5769777815
0.5766482431
0.5769179699
0.5770997097
0.5766616785
0.5761147757
0.5757566004
0.5752595575
0.5752827995
0.5752062739
0.5751882712
0.5750815328
0.5751997419
0.5746266565
0.5750098925
0.5750147420
0.5752642907
0.5751502798
0.5749053406
0.5747991817
0.5748906632
0.6546997145
0.6542738503
0.6533739315
0.6544340209
0.6558189060
0.6564138456
0.6560602390
0.6554225961
0.6557698730
0.6566469700
0.6569100954
0.6571718742
0.6567912113
0.6572109745
0.6573196800
0.6575237930
0.6578487198
0.6573172368
0.6559476005
0.6558705075
0.6558630731
0.6557604514
0.6557084913
0.6548360744
0.6538147861
0.6538660644
0.6530896493
0.6530077933
0.6530462806
0.6531838814
0.6528433215
0.6522394527
0.6512391954
0.6509483656
0.6513565242
0.6518078698
0.6514766101
0.6517458345
0.6524128274
0.6521546871
0.6520929522
0.6530572834
0.6542479190
0.6554179950
0.6560599066
0.6584711062
0.6610652283
0.6632251605
0.6645067438
0.6662092286
0.6680361064
0.6695896931
0.6718602233
0.6736031970
0.6748414185
0.6751761221
0.6758900553
0.6764470209
0.6780934458
0.6793764447
0.6787087605
0.6792897792
0.6795396597
0.6792183770
0.6784933595
0.6787091382
0.6786975389
0.6790898685
0.6788256395
0.6781698326
0.6787760278
0.6790397271
0.6795261499
0.6797936681
0.6781816126
0.7421804275
0.7422280237
0.7422352507
0.7422465157
0.7422662122
0.7422973750
0.7422954843
0.7423091138
0.7423376337
0.7423303678
0.7423242287
0.7423048608
0.7423049506
0.7423001336
0.7423057261
0.7423034841
0.7423027923
0.7422772962
0.7422921061
0.7422959783
0.7423012783
0.7423421140
0.7423352802
0.7423226896
0.7423336393
0.7422690789
0.7422489306
0.7422472665
0.7422335639
0.7422524225
0.7422363155
0.7422347687
0.7422359469
0.7422899268
0.7422996298
0.7422581908
0.7422356735
0.7422079590
0.7421897941
0.7421735004
0.7421926755
0.7422087728
0.7421954343
0.7422293400
0.7422249043
0.7422562207
0.7422600110
0.7422879600
0.7422744457
0.7422141223
0.7422009738
0.7422096313
0.7421974810
0.7421961143
0.7421894954
0.7422088115
0.7422046599
0.7422612649
0.7422652106
0.7422644411
0.7422741479
0.7422259239
0.7422265564
0.7422308693
0.7422323014
0.7420862315
0.7420892623
0.7420909818
0.7421015920
0.7421380539
0.7421452998
0.7421523580
0.7421256837
0.7420900417
0.7420969415
0.7421114602
0.7421012423
0.7421068988
0.7421041061
0.7421200496
0.7421330579
0.7421445482
0.7421336819
0.7421480938
0.7421437229
0.7421372556
0.7421285386
0.7421258782
0.7421240308
0.7421627837
0.7421437918
0.7421450799
0.7421446993
0.7421569657
0.7421563288
0.7421156571
0.7420778203
0.7420510599
0.7420512009
0.7420751580
0.7420596990
0.7420635571
0.6042535200
0.6019281554
0.5993201779
0.5952937510
0.5918320980
0.5879965624
0.5838225900
0.5798389925
0.5739849751
0.5676567548
0.5620955129
0.5590608102
0.5559453656
0.5539964364
0.5505404367
0.5471529409
0.5430346754
0.5384080941
0.5334192561
0.5285109923
0.5232228730
0.5176630571
0.5119239163
0.5073622697
0.5041216605
0.4992949795
0.4942551768
0.4881344201
0.4832891592
0.4793883201
0.4772484296
0.4773216800
0.4781528167
0.4788681392
0.4795063215
0.4790773529
0.4761753902
0.4726035745
0.4690957779
0.4675503220
0.4665494410
0.4658852292
0.4646667779
0.4624473871
0.4584939858
0.4532508680
0.4482193430
0.4424220018
0.4381770423
0.4341699096
0.4305989883
0.4273146254
0.4244821571
0.4234723189
0.4224099059
0.4222513827
0.4227017458
0.4217797517
0.4190370165
0.4155897802
0.4126201333
0.4103783965
0.4090373940
0.4085815845
0.4100613517
0.4133680473
0.4166785600
0.4200265834
0.4216859839
0.4234883390
0.4260908537
0.4279339189
0.4279083267
0.4264764530
0.4243749329
0.4218331977
0.4200395271
0.4197411678
0.4194046911
0.4198628994
0.4206101940
0.4224706662
0.4250731758
0.4275929546
0.4297868268
0.4315455821
0.4333672323
0.4364561976
0.4386704254
0.4416507212
0.4456173313
0.4511136561
0.4564369330
0.4611941669
0.4665538490
0.4703884700
0.4744551226
0.4781148548
0.4815632239
0.4847473364
0.4896705313
0.4935376230
0.4959239109
0.4991578950
0.5036523335
0.5070586694
0.5097513690
0.5086382403
0.5080070942
0.5092147893
0.5109758546
0.5106045351
0.5100564281
0.5112978468
0.5138291768
0.5171704934
0.5184482835
0.5209471172
0.5242240827
0.5260962593
0.5282859459
0.5291578215
0.5295048190
0.5302172941
0.5297533892
0.5282701727
0.5265984112
0.5245775494
0.5231300920
0.5211605072
0.5160303235
0.5097406499
0.5033231470
0.4979319991
0.4931587028
0.4876320089
0.4825325153
0.4765877288
0.4719864637
0.4915528283
0.4916461924
0.4917140158
0.4917102689
0.4914375769
0.4916406828
0.4920332978
0.4925491443
0.4932711917
0.4939082467
0.4947454621
0.4957123038
0.4961416498
0.4956586550
0.4951648995
0.4942468103
0.4927821343
0.4930002426
0.4938810541
0.4945837665
0.4953620389
0.4961063590
0.4967888638
0.4975976593
0.4981644843
0.4989227653
0.4995239041
0.4995674751
0.4997155199
0.5000438649
0.4995687728
0.4984947970
0.4960867820
0.4947118708
0.4933134312
0.4913659842
0.4898964065
0.4888297320
0.4876026605
0.4863163634
0.4849374080
0.4834915628
0.4831205108
0.4835801631
0.4851236478
0.4872111086
0.4885874417
0.4902904839
0.4921391041
0.4945236980
0.4965833045
0.4982908497
0.4996947139
0.5011117309
0.5024108513
0.5028062926
0.5028500827
0.5018821506
0.5006445515
0.5000631755
0.4999656063
0.4999429551
0.4999072413
0.4992578148
0.4983476240
0.4975105428
0.4967433357
0.4962685121
0.4965484329
0.4966530876
0.4970240826
0.4974637522
0.4982315297
0.4992947968
0.5005734704
0.5017711864
0.5028893728
0.5028893728
0.5032968667
0.5031424912
0.5019994826
0.5004855939
0.5001320776
0.5003474043
0.5005693673
0.5010691926
0.5015120268
0.5027362899
0.5039368484
0.5049186285
0.5011092791
0.4999144892
0.4968974243
0.4925812906
0.4879578325
0.4828811440
0.4769619531
0.4699175349
0.4621821712
0.4543139344
0.4476230226
0.4426138941
0.4398675177
0.4396404894
0.4418921116
0.4456368479
0.4503504123
0.4554428848
0.4609504178
0.4657567625
0.4693222079
0.4718574371
0.4735865834
0.4741182810
0.4738277646
0.4732861494
0.4730183057
0.4731189789
0.4734873837
0.4746960882
0.4768935605
0.4799698231
0.4846247966
0.4888704047
0.4933219510
0.4973613639
0.5008268676
0.5033250081
0.5061265822
0.5092366786
0.5124887122
0.5152072329
0.5169865862
0.5174234213
0.5161436387
0.5134947544
0.5108391457
0.5078089092
0.5052367837
0.5030969089
0.5012877497
0.4991902318
0.4979857382
0.4977418839
0.4983906127
0.4997377214
0.5023405763
0.5051000347
0.5086371442
0.5122075339
0.5151095421
0.5180916673
0.5201227487
0.5220868095
0.5234092034
0.5245877074
0.5245983196
0.5241719030
0.5240607539
0.5238985072
0.5241437564
0.5252799418
0.5263092549
0.5270406245
0.5277730103
0.5286815317
0.5302671552
0.5320510228
0.5334059359
0.5332636618
0.5324862388
0.5315144099
0.5304996956
0.5291392942
0.5287313738
0.5290302271
0.5297202408
0.5284820058
0.5257369347
0.5223341038
0.5185614201
0.5149156460
0.5113818329
0.5079099836
0.5043612469
0.5004197702
0.4971007135
0.5330505627
0.5333611573
0.5336386527
0.5336578532
0.5336027527
0.5334393143
0.5334084311
0.5334954758
0.5334710125
0.5331982392
0.5328690686
0.5326779814
0.5313437329
0.5310254689
0.5302491180
0.5295660935
0.5288977854
0.5284838186
0.5283864985
0.5286831216
0.5294488904
0.5300126620
0.5307510558
0.5314073162
0.5312506942
0.5318347363
0.5317327059
0.5312051562
0.5308915302
0.5307070508
0.5304025481
0.5302082882
0.5303396799
0.5310449598
0.5319914456
0.5331647018
0.5327832340
0.5325901537
0.5320817707
0.5315283591
0.5309478860
0.5303244085
0.5299105942
0.5296254364
0.5296077958
0.5297891137
0.5302929466
0.5299467751
0.5299247564
0.5300146052
0.5301122727
0.5303273626
0.5305852950
0.5309706289
0.5312237980
0.5313623680
0.5313073724
0.5312094593
0.5309900135
0.5307713427
0.5305260761
0.5303683482
0.5304394070
0.5309281314
0.5313192754
0.5315693715
0.5306546785
0.5304135685
0.5301099967
0.5298065706
0.5293410952
0.5290207725
0.5288593452
0.5290037406
0.5294123053
0.5297657961
0.5302262790
0.5295004794
0.5293485219
0.5293789956
0.5291924143
0.5289132202
0.5287406306
0.5287392985
0.5288111570
0.4633568707
0.4632939769
0.4631146482
0.4622401026
0.4613225964
0.4605030512
0.4594332100
0.4584725336
0.4575923370
0.4565771126
0.4560262940
0.4559512770
0.4562544346
0.4565199786
0.4569650569
0.4576464025
0.4580702531
0.4582374339
0.4585054578
0.4587939884
0.4589260202
0.4585931702
0.4582098750
0.4579531508
0.4579846542
0.4580700836
0.4586085178
0.4591519554
0.4601964165
0.4611506095
0.4618788796
0.4626313152
0.4634246808
0.4639705868
0.4644498471
0.4648424318
0.4652320184
0.4656599439
0.4664811497
0.4674016608
0.4681350225
0.4685873885
0.4692410613
0.4697520541
0.4698545410
0.4696838494
0.4694759805
0.4693561801
0.4692425671
0.4691228784
0.4692767569
0.4694387330
0.4698089180
0.4700510644
0.4703527028
0.4708280814
0.4710926719
0.4710741452
0.4713501971
0.4714807024
0.4715490783
0.4715243468
0.4717155613
0.4722533471
0.4726104675
0.4725973678
0.4728173870
0.4729469023
0.4730845240
0.4734459413
0.4736525932
0.4738160640
0.4741132336
0.4744830954
0.4749708506
0.4751336922
0.4754505013
0.4759078347
0.4764257663
0.4771150006
0.4779317809
0.4786120948
0.4795045253
0.4801895620
0.4807562754
0.4812798326
0.4813778510
0.4812827045
0.4811181566
0.4808650254
0.4802670476
0.4793015548
0.4783588838
0.4777286944
0.4776866366
0.4774154290
0.4778040929
0.4785687109
0.4793814913
0.4800324037
0.4807775681
0.4815955932
0.4823586947
0.4831715167
0.4836160788
0.4838935815
0.4840743088
0.4841740573
0.4835553150
0.4828861338
0.4823261962
0.4820410291
0.4818520852
0.4819039704
0.4824544236
0.4827524532
0.4832655032
0.4835391995
0.4837825634
0.4838708301
0.4838226170
0.4837158077
0.4836969568
0.4833746734
0.4833207704
0.4831398807
0.4829034837
0.4826087168
0.4819801724
0.4806572099
0.4800824157
0.4796233994
0.4790764980
0.4785540210
0.4781328688
0.4773930369
0.4768170421
0.4764885189
0.4768136325
0.4775484800
0.4781851756
0.5940299130
0.5924950202
0.5900265752
0.5870008844
0.5828324634
0.5773307678
0.5712480203
0.5663216970
0.5630929320
0.5620463133
0.5624799084
0.5641792127
0.5670486032
0.5692554422
0.5698216387
0.5708194809
0.5709714465
0.5697575186
0.5675266558
0.5653783841
0.5642996220
0.5643329092
0.5656751671
0.5691241322
0.5732466585
0.5784106668
0.5841910877
0.5880084211
0.5895397518
0.5897387996
0.5878248893
0.5863562545
0.5850350921
0.5842812879
0.5831432289
0.5822340819
0.5815651810
0.5815576709
0.5830326881
0.5850209530
0.5863221679
0.5860259373
0.5868098343
0.5882414620
0.5894155650
0.5907521216
0.5914056847
0.5913188431
0.5899936151
0.5895395789
0.5880739055
0.5868191624
0.5856836115
0.5856245812
0.5844938495
0.5825501846
0.5807727088
0.5780282770
0.5756889434
0.5752674374
0.5733608474
0.5731435688
0.5744840136
0.5750675283
0.5754396601
0.5749542791
0.5749833299
0.5759455892
0.5768244235
0.5779476872
0.5780932079
0.5789596346
0.5777970731
0.5784728868
0.5796035538
0.5813584798
0.5826604923
0.5824161395
0.5824322857
0.5833629993
0.5837462309
0.5840157295
0.5840324238
0.5835837295
0.5836102701
0.5842975412
0.5836325769
0.5187887817
0.5166115766
0.5146993487
0.5127275645
0.5121315912
0.5113072015
0.5088726292
0.5078953337
0.5093515741
0.5091430829
0.5076836795
0.5047348844
0.5018258919
0.4990926116
0.4991901605
0.5008957534
0.5021040067
0.5036826674
0.5044392439
0.5069999166
0.5100367251
0.5102044656
0.5087584876
0.5049375312
0.4991460253
0.4944590477
0.4895155795
0.4871771998
0.4853041624
0.4835299438
0.4825214329
0.4824979390
0.4839017674
0.4868393726
0.4900548113
0.4934224762
0.4946751051
0.4962951439
0.4986257535
0.5005133520
0.5027843911
0.5026149975
0.5001412443
0.4975204293
0.4943048654
0.4887590732
0.4831563291
0.4783274238
0.4743293894
0.4717920325
0.4707250070
0.4669816854
0.4651360370
0.4637339625
0.4637298344
0.4622520945
0.4607172589
0.4565709051
0.4541948624
0.4509191080
0.4457846578
0.4413118902
0.4366470416
0.4334506705
0.4332245408
0.4369790422
0.4424812294
0.4485852629
0.4540065407
0.4567468757
0.4593829149
0.4634959209
0.4662557291
0.4686383147
0.4722328611
0.4775081797
0.4825710855
0.4859309183
0.4893524702
0.4908150338
0.4916269443
0.4931218500
0.4958597046
0.4983964195
0.5009542372
0.5037162927
0.5083085880
0.5113644662
0.5122273938
0.5126893414
0.5117761722
0.5102278321
0.5088345318
0.5080665588
0.5087639478
0.5091376101
0.5097844059
0.5112720423
0.5130832381
0.5152074471
0.5170444873
0.5187607472
0.5202548349
0.5213504979
0.5230397946
0.5229611704
0.5224837328
0.5221190577
0.5225531451
0.5226194544
0.5227081963
0.5233180951
0.5230797692
0.5230007737
0.5230483075
0.5238423282
0.5245247236
0.5247783078
0.5248653766
0.5238173722
0.5222690513
0.5205822500
0.5190102366
0.5483333134
0.5488257087
0.5491656172
0.5502151614
0.5526923973
0.5548300217
0.5579843979
0.5657477397
0.5728612007
0.5755283767
0.5761155388
0.5781803262
0.5809267144
0.5894922994
0.5927429032
0.6025498989
0.6105797438
0.6179104158
0.6290236682
0.6394689046
0.6459832733
0.6423818699
0.6117482708
0.5856310611
0.5759546854
0.5829693925
0.6228047239
0.6416957541
0.6223416581
0.6092373330
0.6142269428
0.6075342927
0.6023252315
0.6076451966
0.6089584576
0.6081608306
0.6169302760
0.6041535415
0.6021848270
0.6032676785
0.6013351520
0.5962362488
0.5970074715
0.6022557680
0.6078949235
0.6140697863
0.6196740262
0.6260428149
0.6299683830
0.6298969143
0.6269165321
0.6240813780
0.6209249703
0.6188459625
0.6182054282
0.6185658218
0.6189312701
0.6186560370
0.6180813012
0.6170002228
0.6151860069
0.6139470128
0.6132296121
0.6128641472
0.6125138141
0.6123581120
0.6130323586
0.6146502435
0.6164394174
0.6177864255
0.6190654534
0.6197920100
0.6203467006
0.6209943402
0.6210260893
0.6204365519
0.6195729182
0.6179882674
0.6163727621
0.6152508117
0.6142928264
0.6138324176
0.6135942592
0.6141039846
0.5199475252
0.5183092653
0.5171907145
0.5162710003
0.5148993750
0.5131991478
0.5107662089
0.5084333488
0.5051031349
0.5015583520
0.5005945123
0.5003115915
0.4995489254
0.4962200840
0.4945384099
0.4988879996
0.5000133960
0.5005169834
0.5022847760
0.5044712541
0.5066665978
0.5089377677
0.5100843940
0.5093053172
0.5076805506
0.5050062037
0.5018163126
0.5006458023
0.4995339451
0.4975483875
0.4957934859
0.4942374838
0.4940006908
0.4941405763
0.4907598002
0.4781271603
0.4694234289
0.4659279910
0.4621823425
0.4616752229
0.4650620501
0.4678197825
0.4695543358
0.4694751774
0.4683980351
0.4674913489
0.4672312434
0.4642480162
0.4603069750
0.4585367821
0.4594786453
0.4583254915
0.4559711278
0.4563310924
0.4580459564
0.4590918510
0.4569956306
0.4537045148
0.4520289206
0.4501649474
0.4462692136
0.4433359625
0.4425813307
0.4436923687
0.4462852883
0.4511353650
0.4558867841
0.4550206894
0.4535442153
0.4536940126
0.4559078323
0.4589487959
0.4592764443
0.4572445136
0.4534452234
0.4499936711
0.4469127825
0.4453288426
0.4436717778
0.4413783388
0.4389390637
0.4362110547
0.4339647442
0.4334087063
0.4347720543
0.4350294780
0.4325327534
0.4313461347
0.4328502477
0.4351633799
0.4370899974
0.4390751826
0.4408879923
0.4431434719
0.4461399366
0.4499308363
0.4530218610
0.4568259272
0.4614532947
0.4665395025
0.4707825401
0.4731868334
0.4743354390
0.4752365825
0.4773822735
0.4793516757
0.4820048068
0.4840783441
0.4854613384
0.4863086485
0.4867326298
0.4881917690
0.4895837051
0.4899570717
0.4900951224
0.4899825378
0.4905509388
0.4919376371
0.4937135613
0.4960479485
0.4989705488
0.5027854613
0.5079616618
0.5141452810
0.5204336489
0.5265006124
0.5321720635
0.5359669982
0.5374984365
0.5417412246
0.5468652144
0.5521642103
0.5568489025
0.5585351304
0.5585310625
0.5584805926
0.5594026853
0.5603757090
0.5608829268
0.5601287217
0.5588162253
0.5587873799
0.5600478901
0.5605335365
0.5611268138
0.5635402109
0.5654985405
0.5674211867
0.5692950958
0.5710505101
0.5719862814
0.5721580322
0.5719713529
0.5714712331
0.5737702269
0.5764706526
0.5787739330
0.5818750603
0.5853301874
0.5900107364
0.5932787334
0.5951574202
0.5959601544
0.5967357945
0.5970583892
0.5972926821
0.5978106956
0.5977850074
0.5973899696
0.5968010962
0.5964093668
0.5971548242
0.5987505041
0.6003031546
0.6012295766
0.6027275706
0.6050903613
0.6078579039
0.6104151836
0.6133111961
0.6164969332
0.6186664733
0.6201720741
0.6207984591
0.6213044246
0.6227185331
0.6236006629
0.6245949242
0.6256719910
0.6265599939
0.6276024648
0.6290107110
0.6305495600
0.6316744175
0.6328486084
0.6339515601
0.6352591992
0.6363422476
0.6364051886
0.6373432483
0.6375703719
0.6374764771
0.6373306340
0.6369488957
0.6364671593
0.6362472892
0.6361567056
0.6364079076
0.6366202965
0.6369217237
0.6364237707
0.6364603550
0.6365344254
0.6363438961
0.6359280168
0.6352080934
0.6350708596
0.6353595303
0.6357969876
0.6362399663
0.6367592316
0.6374136193
0.6380775586
0.6390893144
0.6392307568
0.6387270994
0.6386971809
0.6374469778
0.6367348353
0.6365894237
0.6364629123
0.6370673826
0.6383367856
0.6399275467
0.6408099443
0.6413160651
0.6415119410
0.6415283441
0.6407583604
0.6392989189
0.6381919693
0.6377777337
0.6378303142
0.6384858413
0.6388823978
0.6392548576
0.6391804145
0.6394614357
0.6395900490
0.6392840193
0.6393590216
0.6392925485
0.6395300462
0.6397212396
0.6398555048
0.6402456378
0.6406939755
0.6415831764
0.6419501271
0.6429206658
0.6438621830
0.6448088068
0.6459209078
0.6468253929
0.6479565807
0.6495075247
0.6506161727
0.6513098089
0.6516171317
0.6519331046
0.6513280328
0.6513121427
0.6522218796
0.6538679576
0.6559777682
0.6583543499
0.6596660101
0.6597868485
0.6590715594
0.6581402467
0.6572113427
0.6557767272
0.6537342459
0.6530298408
0.6524981447
0.6518744702
0.6503908116
0.6485475832
0.6461366346
0.6427388402
0.6375303915
0.6317473204
0.6258948830
0.6204825911
0.6151976841
0.6118304082
0.6085554042
0.6060777192
0.6054100835
0.6067885126
0.6088342176
0.6110444500
0.6135402108
0.6150459367
0.6158713512
0.6160065466
0.6160327758
0.6154214699
0.6146761048
0.6151925312
0.6151732819
0.6159884639
0.6164010316
0.6170308400
0.6177753326
0.6183651643
0.6180376180
0.6172013366
0.6163030661
0.3259897563
0.3259546465
0.3264542607
0.3268095620
0.3268297617
0.3260161663
0.3255420572
0.3253484032
0.3258462030
0.3257544545
0.3255312049
0.3251741101
0.3247399724
0.3245213554
0.3246982370
0.3251613402
0.3256951804
0.3262046141
0.3246361213
0.3210898851
0.3153001593
0.3086792773
0.3061013536
0.3078932697
0.3122194134
0.3158095809
0.3131310573
0.3091819819
0.3041203771
0.2987605400
0.2989498109
0.3019335809
0.3068519443
0.3109785592
0.3103981211
0.3095351436
0.3084345266
0.3072903124
0.3069038288
0.3070016204
0.3089681295
0.3089681295
0.3118549062
0.3149131705
0.3184761886
0.3179219876
0.3161684403
0.3189671560
0.3227511208
0.3275682199
0.3316293010
0.3364102361
0.3429513923
0.3499844575
0.3523508918
0.3548911013
0.3564011988
0.3631365221
0.3703456523
0.3795617613
0.3849902758
0.3900774352
0.3955505976
0.4010756928
0.4065642681
0.4130915433
0.4187236790
0.4241433807
0.4314598452
0.4384797676
0.4450771662
0.4511130271
0.4572861324
0.4634572439
0.4675211600
0.4703442622
0.4731689405
0.4756320948
0.4773601067
0.4782016699
0.4781652450
0.4778820935
0.4775676624
0.4773257849
0.4772601996
0.4772980723
0.4783506642
0.4790258529
0.4789004361
0.4793597465
0.4812800639
0.4840415999
0.4844394308
0.4813263158
0.4809171160
0.4852668064
0.4879051654
0.4886871423
0.4884128718
0.4888293062
0.4897068499
0.4904850244
0.4920818503
0.4944305362
0.4958937195
0.4969146691
0.4979415570
0.4985737769
0.5000676252
0.5024065051
0.5043411643
0.5054240406
0.5059660615
0.5059444836
0.5060122431
0.5056950312
0.5048982472
0.5042233441
0.5027553314
