0.4730950639
0.4730950639
0.4730950639
0.4730950639
0.4730950639
0.4730950639
0.4730950639
0.4730950639
0.4730950639
0.4730950639
0.4730950639
0.4730950639
0.4730950639
0.4730950639
0.4730950639
0.4730950639
0.4735098836
0.4738392905
0.4740894770
0.4740894770
0.4745075253
0.4747068901
0.4749219121
0.4752491192
0.4757714573
0.4757714573
0.4759797618
0.4761678402
0.4762641866
0.4760143312
0.4762795480
0.4762795480
0.4765755461
0.4767027842
0.4765025246
0.4768045728
0.4769790011
0.4769790011
0.4770949737
0.4773877292
0.4775435896
0.4773738851
0.4775968444
0.4775968444
0.4771263282
0.4774336159
0.4777557383
0.4779900159
0.4781286916
0.4781286916
0.4785684721
0.4787651926
0.4789863084
0.4792453581
0.4796000606
0.4796000606
0.4797750384
0.4800012161
0.4797631008
0.4801543092
0.4804491680
0.4804491680
0.4808872995
0.4809322821
0.4812609108
0.4816364780
0.4819814404
0.4819814404
0.4821919222
0.4826608578
0.4830126864
0.4830222570
0.4825812962
0.4825812962
0.4830396924
0.4834537768
0.4839713779
0.4843799638
0.4847677027
0.4847677027
0.4851702704
0.4855893909
0.4859299499
0.4864743487
0.4869231193
0.4869231193
0.4870642063
0.4867161650
0.4872155918
0.4876982350
0.4880249168
0.4880249168
0.4887596931
0.4893593419
0.4897568827
0.4903754379
0.4908746448
0.4908746448
0.4913278464
0.4918930930
0.4922589140
0.4919939564
0.4926267703
0.4926267703
0.4932989329
0.4939104445
0.4945307432
0.4949872849
0.4954816644
0.4954816644
0.4961215026
0.4966405852
0.4971323009
0.4977259547
0.4980442416
0.4980442416
0.4979607589
0.4986140311
0.4992218024
0.4995560920
0.4995345896
0.4995345896
0.5001602735
0.5006230611
0.5010135174
0.5015235828
0.5019081857
0.5019081857
0.5022342505
0.5027318531
0.5027631217
0.5029980512
0.5033042715
0.5033042715
0.5037199536
0.5035126280
0.5039055186
0.5042334016
0.5044245006
0.5044245006
0.5048133041
0.5051706651
0.5054740961
0.5059624835
0.5063550584
0.5063550584
0.5066835922
0.5070145373
0.5072272261
0.5066783921
0.5070728132
0.5070728132
0.5075103867
0.5078459348
0.5079975124
0.5084349028
0.5087599895
0.5087599895
0.5090107531
0.5093692399
0.5095728245
0.5091576434
0.5094862802
0.5094862802
0.5096093228
0.5099891513
0.5103099492
0.5105610529
0.5089675783
0.5089675783
0.5093574089
0.5097013484
0.5099567474
0.5103215186
0.5107427263
0.5107427263
0.5110185093
0.5113554446
0.5116929828
0.5119466172
0.5121981727
0.5121981727
0.5125312328
0.5127862833
0.5129565854
0.5128990897
0.5132919420
0.5132919420
0.5129560983
0.5133969507
0.5137929433
0.5141269434
0.5145917641
0.5145917641
0.5149705215
0.5152927579
0.5157623924
0.5162033610
0.5166069227
0.5166069227
0.5169650091
0.5170591848
0.5168205768
0.5172889945
0.5173399594
0.5173399594
0.5176866600
0.5182808407
0.5186354674
0.5189348342
0.5187468863
0.5187468863
0.5191035400
0.5194341980
0.5196013938
0.5196952707
0.5195739450
0.5195739450
0.5197855119
0.5200896030
0.5204001283
0.4735167440
0.4720130194
0.4720130194
0.4715486946
0.4701134659
0.4676154634
0.4670335229
0.4632020474
0.4632020474
0.4644932974
0.4628423205
0.4604662670
0.4603274427
0.4596038921
0.4596038921
0.4559199042
0.4564529961
0.4561798400
0.4568865663
0.4546578609
0.4546578609
0.4541510523
0.4518538708
0.4506935815
0.4506791023
0.4517206923
0.4517206923
0.4504421456
0.4493694689
0.4492231454
0.4491694489
0.4501672022
0.4501672022
0.4522826203
0.4533740253
0.4554498070
0.4551140785
0.4539345470
0.4539345470
0.4534754840
0.4540881488
0.4535753386
0.4556465458
0.4550026362
0.4550026362
0.4545805147
0.4531840767
0.4534096770
0.4524167791
0.4523320127
0.4523320127
0.4534795628
0.4549927464
0.4531955991
0.4543815211
0.4522748007
0.4522748007
0.4521791391
0.4496081991
0.4493877844
0.4479727209
0.4462876910
0.4462876910
0.4448990756
0.4436062263
0.4424440687
0.4408139570
0.4414760449
0.4414760449
0.4418794183
0.4416225408
0.4408855181
0.4414964676
0.4412943550
0.4412943550
0.4417628359
0.4418611073
0.4407886424
0.4404403688
0.4402854565
0.4402854565
0.4418954921
0.4416900770
0.4412070008
0.4417519434
0.4423385396
0.4423385396
0.4414087624
0.4423663361
0.4426600149
0.4425860406
0.4433854518
0.4433854518
0.4433267938
0.4416385310
0.4421788761
0.4396618637
0.4377353756
0.4377353756
0.4358751435
0.4331703820
0.4308316340
0.4308592518
0.4301130190
0.4301130190
0.4287022534
0.4300937183
0.4311580402
0.4296252832
0.4299124549
0.4299124549
0.4296736745
0.4306619320
0.4295358192
0.4300021146
0.4273572452
0.4273572452
0.4264326861
0.4261359589
0.4267440664
0.4242359597
0.4246796352
0.4246796352
0.4252430388
0.4233791028
0.4243233596
0.4239250047
0.4230172988
0.4230172988
0.4225526177
0.4212733265
0.4201125920
0.4178054609
0.4182163604
0.4182163604
0.4159570444
0.4172384542
0.4168466788
0.4160173171
0.4148193874
0.4148193874
0.4161353399
0.4172139079
0.4158603218
0.4161850922
0.4169236308
0.4169236308
0.4145834171
0.4167852611
0.4155987135
0.4143407564
0.4149711129
0.4149711129
0.4149079131
0.4124120553
0.4126700963
0.4119236472
0.4111656627
0.4111656627
0.4106332995
0.4109723341
0.4101271164
0.4101076498
0.4072607485
0.4072607485
0.4054460289
0.4036025642
0.4041980687
0.4028036127
0.4027774059
0.4027774059
0.4041179258
0.4034213323
0.4021349747
0.4024579422
0.4017161798
0.4017161798
0.3996617203
0.3986671918
0.3977011948
0.3959585844
0.3956203554
0.3956203554
0.3941506793
0.3925545399
0.3923355107
0.3930319525
0.3935443338
0.3935443338
0.3931299006
0.3918477810
0.3907134359
0.3912973100
0.3912638209
0.3912638209
0.3911007757
0.3905420844
0.3897910408
0.3892602713
0.3897703475
0.3897703475
0.3912825778
0.3923182974
0.3908161712
0.3895707372
0.3892436324
0.3892436324
0.3881732152
0.3875898483
0.3874335332
0.3877302959
0.3888842338
0.3888842338
0.3886892647
0.3882187438
0.3884547823
0.3892415742
0.3877561394
0.3877561394
0.3862959154
0.3855797625
0.3851363904
0.3831443253
0.3824410904
0.3824410904
0.3802957379
0.3775334852
0.3776620714
0.3746290603
0.3720415525
0.3720415525
0.3710868076
0.3689099014
0.3666924491
0.3645927445
0.3631044326
0.3631044326
0.3618236389
0.3594736313
0.3584608799
0.3571782308
0.3569257908
0.3569257908
0.3556148485
0.3549328897
0.3535289646
0.3537300296
0.3534529924
0.3534529924
0.3549499739
0.3547384649
0.3538110646
0.3536013812
0.3525166282
0.3525166282
0.3515408339
0.3511896500
0.3507491837
0.3513350348
0.3505465578
0.3505465578
0.3503186811
0.3501009617
0.3485711277
0.3482260628
0.3483896831
0.3483896831
0.3481926091
0.3485622222
0.3481872094
0.3485947066
0.3473536214
0.3473536214
0.3464690733
0.3449468001
0.3440592131
0.3430713081
0.3427156029
0.3427156029
0.3416511506
0.3404912958
0.3387919311
0.3386861948
0.3374227057
0.3374227057
0.3361301618
0.3350069719
0.3340911778
0.3337278633
0.3336691351
0.3336691351
0.3331371436
0.3334608154
0.3328680239
0.3330774382
0.3329061846
0.3329061846
0.3327590540
0.3322137496
0.3316794822
0.3314729403
0.3697987711
0.3697987711
0.3701283398
0.3702504893
0.3706061430
0.3709300551
0.3712352967
0.3712352967
0.3717774651
0.3721468631
0.3721218630
0.3729823287
0.3732697033
0.3732697033
0.3736025079
0.3739271096
0.3741925306
0.3736566829
0.3741648328
0.3741648328
0.3745538382
0.3748040656
0.3748081578
0.3755423685
0.3757907147
0.3757907147
0.3759261803
0.3761677737
0.3765923850
0.3766664453
0.3773964569
0.3773964569
0.3777188658
0.3776559232
0.3772850851
0.3775109734
0.3774311223
0.3774311223
0.3780558437
0.3783101868
0.3784822392
0.3789323843
0.3793322454
0.3793322454
0.3793315635
0.3798828527
0.3804207612
0.3806254572
0.3808032336
0.3808032336
0.3808732495
0.3806824894
0.3809146496
0.3811188973
0.3814903933
0.3814903933
0.3815730329
0.3820156884
0.3822970198
0.3824995916
0.3831532992
0.3831532992
0.3835645426
0.3836942974
0.3841902439
0.3845346850
0.3846327748
0.3846327748
0.3842024326
0.3843576295
0.3843777817
0.3850053345
0.3852137478
0.3852137478
0.3855478949
0.3858655266
0.3862004670
0.3862342376
0.3870645964
0.3870645964
0.3872970708
0.3877178566
0.3879437182
0.3884011886
0.3881084286
0.3881084286
0.3882000599
0.3885430593
0.3888722975
0.3888935647
0.3895888353
0.3895888353
0.3898557287
0.3902097869
0.3905881678
0.3909407728
0.3908186306
0.3908186306
0.3906776409
0.3908513546
0.3909867870
0.3912217283
0.3914684737
0.3914684737
0.3914607009
0.3920395561
0.3922881902
0.3929881030
0.3929097596
0.3929097596
0.3932119254
0.3935142329
0.3938405371
0.3943291672
0.3948358892
0.3948358892
0.3951110237
0.3957196478
0.3961653090
0.3966950373
0.3969140833
0.3969140833
0.3968327485
0.3971064493
0.3977760614
0.3980115526
0.3983334353
0.3983334353
0.3986134772
0.3989038856
0.3990562664
0.3996821927
0.3998292331
0.3998292331
0.4001027658
0.4004092234
0.4009897672
0.4012317276
0.4017104767
0.4017104767
0.4018581014
0.4016844481
0.4018294365
0.4024367397
0.4027677035
0.4027677035
0.4030101223
0.4033062706
0.4035576493
0.4037074593
0.4043518882
0.4043518882
0.4047651316
0.4049724461
0.4054177359
0.4059826566
0.4060746353
0.4060746353
0.4061474102
0.4062413943
0.4098104423
0.4094866569
0.4074692879
0.4074692879
0.4079328580
0.4076187699
0.4076738023
0.4075602107
0.4066750549
0.4066750549
0.4066279763
0.4072143279
0.4059995753
0.4050698489
0.4031832762
0.4031832762
0.4016181602
0.4008007777
0.4000026302
0.3984740207
0.3976895083
0.3976895083
0.3970897059
0.3967124789
0.3980610025
0.3970970826
0.3958039409
0.3958039409
0.3962346134
0.3959051379
0.3949855210
0.3955423566
0.3943283233
0.3943283233
0.3932622387
0.3940662407
0.3945967836
0.3950025294
0.3963034682
0.3963034682
0.3953105248
0.3936940266
0.3924640124
0.3920099900
0.3914222407
0.3914222407
0.3905210362
0.3917912981
0.3923890153
0.3916417617
0.3921123257
0.3921123257
0.3922111814
0.3924314310
0.3919997321
0.3901982282
0.3887044401
0.3887044401
0.3891041646
0.3868288767
0.3855048329
0.3846143883
0.3819102861
0.3819102861
0.3818734787
0.3794991261
0.3770457184
0.3752239168
0.3735044125
0.3735044125
0.3714410962
0.3687749272
0.3666709975
0.3661828796
0.3635156824
0.3635156824
0.3625224862
0.3613885132
0.3605682123
0.3589866921
0.3590240500
0.3590240500
0.3570967826
0.3570442590
0.3575223007
0.3582305650
0.3583120709
0.3583120709
0.3580013167
0.3575697746
0.3561818482
0.3555052578
0.3549285945
0.3549285945
0.3540541192
0.3553709863
0.3548434116
0.3540455087
0.3539200874
0.3539200874
0.3528272148
0.3525329087
0.3522637950
0.3522379359
0.3524488803
0.3524488803
0.3519354996
0.3533625799
0.3520302698
0.3508048930
0.3496144906
0.3496144906
0.3480499718
0.3472044293
0.3469107129
0.3456439012
0.3443121239
0.3443121239
0.3432003348
0.3425386831
0.3411183191
0.3403227907
0.3393838127
0.3393838127
0.3386189201
0.3382774730
0.3379190282
0.3375411440
0.3384156798
0.3384156798
0.3379124878
0.3375877975
0.3371457139
0.3375165777
0.3369658166
0.3369658166
0.3367499265
0.3367033110
0.3369179852
0.3367641461
0.3375042491
0.3375042491
0.3372244078
0.3372496411
0.3373675432
0.3369033358
0.3364341408
0.3364341408
0.3362817191
0.3361481168
0.5004496479
0.5875295804
0.6728132501
0.6728132501
0.7593367817
0.8494250612
0.9424404757
0.9425917019
0.8507539852
0.8507539852
0.7602535997
0.6707754105
0.5852719094
0.5002282964
0.4230045610
0.4230045610
0.4338927957
0.4339284278
0.4340372105
0.4340248983
0.4340415991
0.4340415991
0.4340597043
0.4340650146
0.4340716766
0.4340984551
0.4341064030
0.4341064030
0.4341354611
0.4341060019
0.4340941747
0.4340977504
0.4341042778
0.4341042778
0.4340952749
0.4340850997
0.4340778926
0.4341252089
0.4341229305
0.4341229305
0.4341150206
0.4340884270
0.4341038494
0.4341112372
0.4341507913
0.4341507913
0.4341704009
0.4341256331
0.4341442948
0.4341611128
0.4341553803
0.4341553803
0.4341559284
0.4341586007
0.4341706284
0.4341739288
0.4341946894
0.4341946894
0.4342022823
0.4341999354
0.4341965548
0.4342064997
0.4342085704
0.4342085704
0.4342136807
0.4342075365
0.4341827739
0.3854088169
0.3850993910
0.3850993910
0.3848628926
0.3852459848
0.3848137361
0.3845140433
0.3841067773
0.3841067773
0.3840365469
0.3836084830
0.3830567784
0.3825766321
0.3821252997
0.3821252997
0.3816289925
0.3811245206
0.3806332204
0.3801317010
0.3796530557
0.3796530557
0.3792309345
0.3787640918
0.3783732577
0.3779400990
0.3774488401
0.3774488401
0.3769950207
0.3761368894
0.3756668941
0.3751605363
0.3746688091
0.3746688091
0.3742634753
0.3738440187
0.3734039765
0.3729429677
0.3720512219
0.3720512219
0.3715790917
0.3710794366
0.3705989042
0.3702343830
0.3697703962
0.3697703962
0.3692757072
0.3686586208
0.3683364309
0.3678610707
0.3673328014
0.3673328014
0.3668411390
0.3663455109
0.4228329247
0.4229331444
0.4230431312
0.4230431312
0.4233133252
0.4236649655
0.4239753891
0.4243119946
0.4251306765
0.4251306765
0.4260544831
0.4277496784
0.4292204721
0.4307351927
0.4310002465
0.4310002465
0.4311286380
0.4312303847
0.4312561618
0.4312967576
0.4314428278
0.4314428278
0.4315274428
0.4318398344
0.4319045035
0.4319755830
0.4320232623
0.4320232623
0.4321137670
0.4322238557
0.4322372858
0.4322738447
0.4323493638
0.4323493638
0.4324404670
0.4324820947
0.4325784200
0.4326502060
0.4327588977
0.4327588977
0.4328297585
0.4328839536
0.4327947022
0.4329295652
0.4329766434
0.4329766434
0.4330449237
0.4331640001
0.4332512273
0.4333404981
0.4333633284
0.4333633284
0.4335580004
0.4092650323
0.4093219611
0.4093969706
0.4094371880
0.4094371880
0.4094751163
0.4095872617
0.4096828737
0.4105768497
0.4106021799
0.4106021799
0.4106563792
0.4106797911
0.4108055428
0.4107526348
0.4108066985
0.4108066985
0.4109310926
0.4108338476
0.4108272724
0.4108811158
0.4108974231
0.4108974231
0.4109389378
0.4109415687
0.4110010136
0.4110218711
0.4111099235
0.4111099235
0.4111395436
0.4111803372
0.4112128964
0.4111895924
0.4111972946
0.4111972946
0.4112441380
0.4112632642
0.4114737783
0.4115109971
0.4115893228
0.4115893228
0.4116773574
0.4117398901
0.4117774144
0.4117798904
0.4117941519
0.4117941519
0.4115183464
0.4116079059
0.4115934427
0.4116627960
0.4118614992
0.4118614992
0.4119030790
0.4119038063
0.4119834826
0.4121286260
0.4121205745
0.4121205745
0.4121227523
0.4120987164
0.4120690316
0.4121023573
0.4120184811
0.4120184811
0.4120242137
0.4121766759
0.4122689921
0.4123047434
0.4123386732
0.4123386732
0.4123694468
0.4124366301
0.4124741301
0.4125548752
0.4124543662
0.4124543662
0.4125045659
0.4125492841
0.5123218506
0.5123271855
0.5124234315
0.5124234315
0.5127100551
0.5135490728
0.5151525582
0.5163388231
0.5174126575
0.5174126575
0.5190131250
0.5205296486
0.5221396578
0.5233167509
0.5238308583
0.5238308583
0.5246775226
0.5264520702
0.5277742347
0.5291611696
0.5306370812
0.5306370812
0.5319046336
0.5334805701
0.5349235916
0.5362069442
0.5368657273
0.5368657273
0.5378584018
0.5383214380
0.5386896175
0.5396370474
0.5410415527
0.5410415527
0.5420958085
0.5437247269
0.5452118125
0.5459616033
0.5471831875
0.5471831875
0.5490749448
0.5499274773
0.5517819112
0.5520240959
0.5523330772
0.5523330772
0.5531803692
0.5539971423
0.5548255939
0.5563747410
0.5569748191
0.5569748191
0.5574878575
0.5584224020
0.5594744845
0.5599098009
0.5601793649
0.5601793649
0.5601629488
0.5601930032
0.5601802951
0.5604238274
0.5606810067
0.5606810067
0.5614137991
0.5620456119
0.5625836656
0.5625663288
0.5631951113
0.5631951113
0.5634451518
0.5635197254
0.5635674813
0.5636722458
0.5636633912
0.5636633912
0.5638693432
0.5639667691
0.5646677572
0.5648899330
0.5649948832
0.5649948832
0.5650307212
0.5655042962
0.5655077575
0.5654142895
0.5654592719
0.5654592719
0.5654248324
0.5655001034
0.5658934738
0.5661385111
0.5664900838
0.5664900838
0.5666655163
0.5669332358
0.5130356513
0.5130485543
0.5130894662
0.5130894662
0.5130706262
0.5130388663
0.5130724883
0.5130943489
0.5131514966
0.5131514966
0.5131770906
0.5134038397
0.5133940596
0.5134260359
0.5134591652
0.5134591652
0.5134836839
0.5135223933
0.5137009403
0.5136511524
0.5136188094
0.5136188094
0.5138001286
0.5138315703
0.5137496080
0.5136647366
0.5136087801
0.5136087801
0.5135823301
0.5135806320
0.5139057841
0.5138932024
0.5140163462
0.5140163462
0.5140604331
0.5141902480
0.5143117966
0.5144689373
0.5145573751
0.5145573751
0.5145086100
0.5146572298
0.5151156507
0.5153092082
0.5153769492
0.5153769492
0.5154828961
0.5156514143
0.5157631560
0.5163249101
0.5164360406
0.5164360406
0.5161491997
0.5163138360
0.5163466869
0.1478568649
0.1479108349
0.1479108349
0.1480615220
0.1482325223
0.1483294215
0.1484398489
0.1485778463
0.1485778463
0.1491217095
0.1491999033
0.1492640688
0.1493043804
0.1493969968
0.1493969968
0.1494685598
0.1495581387
0.1496294557
0.1497275311
0.1497995283
0.1497995283
0.1499008985
0.1500026727
0.1501402417
0.1501417976
0.1502204564
0.1502204564
0.1503113959
0.1502612148
0.1503386717
0.1504908691
0.1505845602
0.1505845602
0.1507744943
0.1508659992
0.1509948827
0.1510961443
0.1512480724
0.1512480724
0.1513663426
0.1514717147
0.1515820063
0.1516913025
0.1518096256
0.1518096256
0.1516481831
0.1517911422
0.1518997177
0.1519946116
0.1521214901
0.1521214901
0.1521937812
0.1523482801
0.1524977457
0.1525663827
0.1527089960
0.1527089960
0.1526739727
0.1527605941
0.1528692917
0.1529703330
0.1530324522
0.1530324522
0.1531391807
0.1532347523
0.1533497341
0.1534160081
0.1534779615
0.1534779615
0.4097418204
0.4092768532
0.4089183393
0.4082622533
0.4077202159
0.4077202159
0.4077909508
0.4073621951
0.4065237612
0.4069843057
0.4071163252
0.4071163252
0.4075194521
0.4081253032
0.4083446533
0.4090311422
0.4094268102
0.4094268102
0.4091926891
0.4096022867
0.4103862255
0.4106919347
0.4104030681
0.4104030681
0.4104791912
0.4109118762
0.4108216557
0.4100759707
0.4102383985
0.4102383985
0.4094756351
0.4091682219
0.4091743009
0.4085267595
0.4080422361
0.4080422361
0.4080146871
0.4074962505
0.4075194278
0.4085028685
0.4080669194
0.4080669194
0.4082621509
0.4162583596
0.4160427042
0.4159892859
0.4157252114
0.4157252114
0.4158914861
0.4157131501
0.4155032113
0.4151906548
0.4149592292
0.4149592292
0.4146860589
0.4142642868
0.4140542204
0.4137430455
0.4135245259
0.4135245259
0.4132141851
0.4129065422
0.4127182308
0.4124316355
0.4122564223
0.4122564223
0.4120168342
0.4117719603
0.4114245199
0.4111182465
0.4108935391
0.4108935391
0.4101468270
0.4099667991
0.4097075599
0.4094494846
0.4092086084
0.4092086084
0.4089789077
0.4087331572
0.4084574052
0.4082196882
0.4079702304
0.4079702304
0.4074568030
0.4072378318
0.4070093032
0.4067298140
0.4064910607
0.4064910607
0.4062573085
0.4059580127
0.4057862535
0.4047861200
0.4045580358
0.4045580358
0.4043453275
0.4040693928
0.4037757892
0.4035242495
0.4033084239
0.4033084239
0.4030424657
0.4028079928
0.4025386766
0.4021956213
0.4019807858
0.4019807858
0.4017105466
0.4014732429
0.4012116654
0.4009998334
0.4007507012
0.4007507012
0.4005268404
0.4002682831
0.4000678722
0.3996856805
0.3994484191
0.3994484191
0.3991739167
0.3989347157
0.3985122042
0.3982860634
0.3980385961
0.3980385961
0.3978196138
0.3975957602
0.3973855901
0.3971897562
0.3969708184
0.3969708184
0.3963526591
0.3961421921
0.3958996651
0.3956250541
0.3953881895
0.3953881895
0.3952212419
0.3949748443
0.3947446920
0.3944991546
0.3942713433
0.3942713433
0.3940551139
0.3938310094
0.3935621739
0.3933194017
0.3931462678
0.3931462678
0.5476243650
0.5472256350
0.5469735435
0.5467020276
0.5464180992
0.5464180992
0.5464183403
0.5461566855
0.5459083528
0.5457168935
0.5457307824
0.5457307824
0.5453646556
0.5450041200
0.5446329848
0.5443339129
0.5439446341
0.5439446341
0.5436676606
0.5439221725
0.5440615638
0.5437901611
0.5434969546
0.5434969546
0.5432114430
0.5431044329
0.5427966764
0.5425736127
0.5421777774
0.5421777774
0.5418119468
0.5414245233
0.5410720239
0.5410390930
0.5411472299
0.5411472299
0.5409226779
0.5406675655
0.5403813644
0.5404551295
0.5400828842
0.5400828842
0.5397342083
0.5394110887
0.5390613082
0.5386816234
0.5383732664
0.5383732664
0.5382813127
0.5383547112
0.5381271562
0.5380770020
0.5378061221
0.5378061221
0.5375893102
0.5373026459
0.5369620921
0.5366440406
0.5364419097
0.5364419097
0.5361276922
0.5359740310
0.5359500052
0.5360407964
0.5360956771
0.5360956771
0.5360429755
0.5360051347
0.5361039209
0.5358146196
0.5356090039
0.5356090039
0.5353598392
0.5351815324
0.5349038425
0.5348198031
0.5347332156
0.5347332156
0.5348036339
0.5348766012
0.5349153846
0.5348900748
0.5349508414
0.5349508414
0.5347896641
0.5346645366
0.5345347621
0.5344135775
0.5343329160
0.5343329160
0.5343402348
0.5344048595
0.5344918277
0.5345810539
0.5346797676
0.5346797676
0.5347070484
0.5355397926
0.5354365094
0.5352946155
0.5351676538
0.5351676538
0.5350708574
0.5350294208
0.5350752737
0.5350269689
0.5351096062
0.5351096062
0.5351892283
0.5531711972
0.5531240005
0.5530158292
0.5528321422
0.5528321422
0.5524380895
0.5518870715
0.5502857760
0.5501233257
0.5496374463
0.5496374463
0.5489219596
0.5478896954
0.5475909053
0.5469487732
0.5456069844
0.5456069844
0.5452381094
0.5451958631
0.5446339426
0.5439538654
0.5430988963
0.5430988963
0.5422137988
0.5416731466
0.5410034925
0.5398342267
0.5394561643
0.5394561643
0.5386244421
0.5373847551
0.5370675221
0.5371080866
0.5370080554
0.5370080554
0.5363946554
0.5357873547
0.5350517309
0.5347077252
0.5339319619
0.5339319619
0.5333449609
0.5326277647
0.5321095086
0.5310302331
0.5304810907
0.5304810907
0.5305390309
0.5301376877
0.5291133415
0.5281092835
0.5264615431
0.5264615431
0.5252854881
0.5244680688
0.5231121035
0.5217770007
0.5205602771
0.5205602771
0.5190773409
0.5178190229
0.5175774289
0.5165986518
0.5152854399
0.5152854399
0.5133574175
0.5132142941
0.5123411424
0.5111744382
0.5105355775
0.5105355775
0.5096911131
0.5081326091
0.5077066354
0.5069609262
0.5067239213
0.5067239213
0.5064329101
0.5057448455
0.5047569083
0.5043100981
0.5034491890
0.5034491890
0.5027148438
0.5016050645
0.5006223283
0.4993801435
0.4974042372
0.4974042372
0.4966123368
0.4961394718
0.4946101287
0.4934202268
0.4914548987
0.4914548987
0.4907540168
0.4894101406
0.4881891969
0.4869651559
0.4863363002
0.4863363002
0.4853971934
0.4838225901
0.4827291086
0.4823404497
0.4813761545
0.4813761545
0.4803998718
0.4793723864
0.4788494715
0.4782287826
0.4772140011
0.4772140011
0.4759088395
0.4753445245
0.4745462483
0.4743894858
0.4741535431
0.4741535431
0.4741508904
0.4738667393
0.4737657980
0.4733985213
0.4734019973
0.4734019973
0.4733966444
0.4734031137
0.4734262043
0.4735558733
0.4736519432
0.4736519432
0.5713944561
0.5717418727
0.5720938455
0.5725129211
0.5722488838
0.5722488838
0.5727579027
0.5731636915
0.5733915441
0.5735651350
0.5725709537
0.5725709537
0.5713012784
0.5696772600
0.5661987522
0.5639907980
0.5623347933
0.5623347933
0.5613138657
0.5603650797
0.5592550000
0.5581321124
0.5569982683
0.5569982683
0.5556049763
0.5556535114
0.5554137165
0.5551119772
0.5550032229
0.5550032229
0.5548344593
0.5547062196
0.5546578136
0.5544547580
0.5542457718
0.5542457718
0.5540404398
0.5537225492
0.5532916469
0.5531731874
0.5529733192
0.5529733192
0.5527426816
0.5526296379
0.5525474245
0.5523730305
0.5522031134
0.5522031134
0.5527453713
0.5534006221
0.5544733429
0.5560333250
0.5558525715
0.5558525715
0.5542036495
0.5528152870
0.5517421940
0.5515027910
0.5521775459
0.5521775459
0.5534201983
0.5550316453
0.5576606118
0.5593195383
0.5594196059
0.5594196059
0.5587918780
0.5577986992
0.5570665409
0.5569534022
0.5568349226
0.5568349226
0.5566882750
0.5564717231
0.5560872487
0.5556035045
0.5550626022
0.5550626022
0.5552088713
0.5553284349
0.5556234550
0.5557127146
0.5557174744
0.5557174744
0.5555929406
0.5553968969
0.5553043357
0.5551437445
0.5549747448
0.5549747448
0.5546945829
0.5544030426
0.5542745378
0.5541647156
0.5540459170
0.5540459170
0.5540777963
0.5541251115
0.5539313722
0.5538601347
0.5536226608
0.5536226608
0.5535913141
0.5534873344
0.5532921821
0.5531515855
