0.2040424338
0.2040424338
0.2040424338
0.2040424338
0.2040424338
0.2040424338
0.2040424338
0.2040424338
0.2040424338
0.2040424338
0.2040424338
0.2040424338
0.2040424338
0.2040424338
0.2040424338
0.2040424338
0.2040424338
0.2040424338
0.2040424338
0.2040424338
0.2040424338
0.2040424338
0.2040424338
0.2040424338
0.2040424338
0.2040424338
0.2040424338
0.2040424338
0.2040424338
0.2040424338
0.2040424338
0.2040424338
0.2040424338
0.2040424338
0.2040424338
0.2040424338
0.2040424338
0.2040424338
0.2040424338
0.2040424338
0.2040424338
0.2040424338
0.2040424338
0.2040424338
0.2040424338
0.2040424338
0.2040424338
0.2040424338
0.2040424338
0.2040424338
0.2040424338
0.2040424338
0.2040424338
0.2040424338
0.2040424338
0.2040424338
0.2040424338
0.2040424338
0.2040424338
0.2048671399
0.2019761715
0.2019761715
0.2009538321
0.2005173266
0.1975945319
0.1900238126
0.1811680556
0.1811680556
0.1688683347
0.1603221255
0.1578906558
0.1589542228
0.1648762315
0.1648762315
0.1663138247
0.1700053619
0.1759557695
0.1781347057
0.1785111588
0.1785111588
0.1802894021
0.1808248955
0.1817451479
0.1843630927
0.1859463139
0.1859463139
0.1851681214
0.1849631491
0.1856783250
0.1862483044
0.1880192776
0.1880192776
0.1883396630
0.1882098551
0.1865984122
0.1853625010
0.1839914176
0.1839914176
0.1815999648
0.1801990095
0.1811056012
0.1828889627
0.1862776851
0.1862776851
0.1983107618
0.1991680226
0.1969186481
0.1942587303
0.1972324651
0.1972324651
0.1961466389
0.1956408775
0.1946459173
0.1935463575
0.1941305817
0.1941305817
0.1960996897
0.1946774537
0.1932957232
0.1927826969
0.1932762534
0.1932762534
0.1921702841
0.0000086313
0.0000030399
0.0000049218
0.0000049218
0.0000049218
0.0000049218
0.0000049218
0.0000049218
0.0000049218
0.0000049218
0.0000049218
0.0000049218
0.0000049218
0.0000049218
0.0000049218
0.0042416551
0.0042416551
0.0142600658
0.0202815130
0.0266070691
0.0337424740
0.0407043505
0.0407043505
0.0470522710
0.0531027339
0.0590618784
0.0659286266
0.0741242458
0.0741242458
0.0844718712
0.0954209872
0.1096095775
0.1236525222
0.1409570758
0.1409570758
0.1569108878
0.1753714717
0.1942406546
0.1945860280
0.1946848540
0.1946848540
0.1949853793
0.1951501841
0.1956023129
0.1958609386
0.1962771167
0.1962771167
0.1964389231
0.1967282958
0.1967623820
0.1968121276
0.1968499334
0.1968499334
0.1969159584
0.1969518551
0.1970134261
0.1970120963
0.1970621140
0.1970621140
0.1969697713
0.1967168348
0.1967071364
0.1967120544
0.1966739958
0.1966739958
0.1966149044
0.1965655818
0.1964762505
0.1964511426
0.1964163621
0.1964163621
0.2310395621
0.2316235911
0.2321920407
0.2329789517
0.2336427446
0.2336427446
0.2344004218
0.2347551963
0.2351767576
0.2352165042
0.2353070271
0.2353070271
0.2350357615
0.2348466668
0.2344885786
0.2340533582
0.2333009157
0.2333009157
0.2328579612
0.2321522775
0.2318261079
0.2314560376
0.2313049955
0.2313049955
0.2310839835
0.2310127576
0.2309893330
0.2309975660
0.2489189718
0.2489189718
0.2487543866
0.2483522558
0.2481620966
0.2477895474
0.2478356316
0.2478356316
0.2478374214
0.2479722551
0.2480745078
0.2482034492
0.2481627466
0.2481627466
0.2482781415
0.2480329575
0.2479317386
0.2479300148
0.2479725633
0.2479725633
0.2480418914
0.2481238227
0.2481537691
0.2482035928
0.2481484936
0.2481484936
0.2482193351
0.2481065286
0.2480976501
0.2479739104
0.2478768306
0.2478768306
0.2478402705
0.2478792567
0.2478989810
0.2479445730
0.2478086108
0.2478086108
0.2477829808
0.2477479650
0.2476964316
0.2476363069
0.2474615066
0.2474615066
0.2474307766
0.0000000000
0.0000000000
0.0000000000
0.0000000000
0.0000000000
0.0000000000
0.0000000000
0.0039306615
0.0146383839
0.0233301429
0.0233301429
0.0265507491
0.0293884078
0.0341449409
0.0406777336
0.0475507974
0.0475507974
0.0522081652
0.0578105746
0.0625564888
0.0671448164
0.0709495173
0.0709495173
0.0747864464
0.0799383471
0.0875543318
0.0946394133
0.1037636232
0.1037636232
0.1131460479
0.1263834135
0.1391435406
0.1528751859
0.1674239798
0.1674239798
0.1828860480
0.1982185484
0.2129401319
0.2303825022
0.2476900620
0.2476900620
0.2631428374
0.2625845116
0.2644582387
0.2637062549
0.2627863224
0.2627863224
0.2630251579
0.2631570232
0.2625052858
0.2616384347
0.2622014535
0.2622014535
0.2625408694
0.2619909586
0.0000144352
0.0000005790
0.0000005790
0.0000005790
0.0000005790
0.0063946703
0.0140493846
0.0195574789
0.0234334582
0.0234334582
0.0276168232
0.0330277456
0.0389247098
0.0439280774
0.0488054978
0.0488054978
0.0535117618
0.0582699003
0.0618966002
0.0672515038
0.0743133069
0.0743133069
0.0799513923
0.0886810220
0.0963263451
0.1076859490
0.1170124108
0.1170124108
0.1303477773
0.1412652621
0.1560043478
0.1689387295
0.1689553902
0.1689553902
0.1690629926
0.1691794559
0.1692810349
0.1693392895
0.1694005599
0.1694005599
0.1694888238
0.1695428470
0.1695528390
0.1696537346
0.1696584078
0.1696584078
0.1737776862
0.1738596719
0.1739161543
0.1739093715
0.1740109764
0.1740109764
0.1740749180
0.1743983635
0.1744174015
0.1745190269
0.1744413901
0.1744413901
0.1743180239
0.1743158775
0.1741965786
0.1742188801
0.1742294167
0.1742294167
0.1742546220
0.1742679883
0.1744885779
0.1746171226
0.1747370729
0.1747370729
0.1748755769
0.1749497290
0.0000118937
0.0000063878
0.0000111006
0.0000111006
0.0000833323
0.0020722961
0.0086953068
0.0144220989
0.0191462486
0.0191462486
0.0215156362
0.0242471605
0.0257339738
0.0273799307
0.0299470262
0.0299470262
0.0326057651
0.0359223001
0.0387524448
0.0422353107
0.0457813682
0.0457813682
0.0491436120
0.0517372579
0.0547003518
0.0577922110
0.0603532210
0.0603532210
0.0628625460
0.0654851873
0.0680539972
0.0705343578
0.0730802903
0.0730802903
0.0758734605
0.0789720985
0.0825345086
0.0858589857
0.0898050407
0.0898050407
0.0928054570
0.0919009772
0.0907648781
0.0903921649
0.0902219576
0.0902219576
0.0902814967
0.0900621118
0.0916639732
0.0947422614
0.0978330661
0.0978330661
0.1020778554
0.1073390947
0.1135009423
0.1178827368
0.1240458360
0.1240458360
0.1296396496
0.1315521457
0.1329475397
0.1353449135
0.1382098067
0.1382098067
0.1401263110
0.1400737227
0.1409340523
0.1416589125
0.1432814384
0.1432814384
0.1454767757
0.1476687341
0.1505446384
0.1543407506
0.1588230373
0.1588230373
0.1666190823
0.1724028677
0.1779077298
0.1844659304
0.1910089504
0.1910089504
0.1989977163
0.2070888894
0.2158071840
0.2261041881
0.2351276137
0.2351276137
0.2423636434
0.2497943505
0.2567348203
0.2633740109
0.2679874994
0.2679874994
0.2738726111
0.2780775935
0.2794184390
0.2805288086
0.2800861904
0.2800861904
0.2762775495
0.2691494150
0.2628537842
0.2597019370
0.2579446100
0.2579446100
0.2554713567
0.2531536425
0.2524574776
0.2529962663
0.2530646934
0.2530646934
0.2509240751
0.2507821114
0.2496765449
0.2475350005
0.2470512162
0.2470512162
0.2481997789
0.2516660549
0.2560851498
0.2599143111
0.2635547177
0.2635547177
0.2645961724
0.2679480838
0.2705115067
0.2732388299
0.2764980641
0.2764980641
0.2789605458
0.2800511383
0.2788917452
0.2770610176
0.2755049805
0.2755049805
0.2729688902
0.2685722412
0.2646825005
0.2592923308
0.2546400920
0.2546400920
0.2510527263
0.2463948465
0.2409391573
0.2360922885
0.2304650413
0.2304650413
0.2248948013
0.2182380273
0.2139805115
0.2090007772
0.2049222832
0.2049222832
0.2022349624
0.1995880485
0.0000000000
0.0000000000
0.0000000000
0.0000000000
0.0000000000
0.0000000000
0.0000000000
0.0055978463
0.0223827844
0.0223827844
0.0361894884
0.0514065273
0.0616752145
0.0727184856
0.0887430844
0.0887430844
0.1125050135
0.1453436389
0.1789455951
0.2199645202
0.2602983382
0.2602983382
0.2605814835
0.2606824963
0.2606187155
0.2692389331
0.2693037936
0.2693037936
0.2694937221
0.2696562980
0.2698406405
0.2700674848
0.2702882697
0.2702882697
0.2706146273
0.2707144462
0.2709077414
0.2710970350
0.2712740697
0.2712740697
0.2714185787
0.2716420177
0.2717569868
0.2718046955
0.0439440746
0.0439440746
0.0438992509
0.0437713649
0.0436013000
0.0432728692
0.0430644592
0.0430644592
0.0426567651
0.0420213650
0.0417359167
0.0413740657
0.0409229578
0.0409229578
0.0406048991
0.0401251613
0.0398792920
0.0393062181
0.0390337747
0.0390337747
0.0461120089
0.0459921835
0.0457891653
0.0456904150
0.0453916046
0.0453916046
0.0406809874
0.0347837579
0.0289270855
0.0224168176
0.0166367974
0.0166367974
0.0119464015
0.0083600497
0.0065638788
0.0047170854
0.0029525251
0.0029525251
0.0012046750
0.0000000000
0.0000000000
0.0000000000
0.0000000000
0.0000000000
0.0000000000
0.0032011865
0.0143693397
0.0208905588
0.0253226465
0.0253226465
0.0317555605
0.0387734539
0.0468768818
0.0528348861
0.0578950440
0.0578950440
0.0641429010
0.0732542700
0.0809445443
0.0910764371
0.1042874693
0.1042874693
0.1181781856
0.1334374156
0.1498627035
0.1698741677
0.1886093973
0.1886093973
0.2097660867
0.2304657421
0.2534748723
0.2744793296
0.2955281290
0.2955281290
0.2958865423
0.2960605430
0.2961022515
0.2961521977
0.2962630356
0.2962630356
0.2963195799
0.2964040384
0.2964400720
0.2965733762
0.2965739629
0.2965739629
0.2965936181
0.2965963254
0.2966970902
0.2966702249
0.2965502721
0.2965502721
0.2965528509
0.2965653219
0.2055314804
0.2063557944
0.2072168476
0.2072168476
0.2081269582
0.2082145827
0.2080123048
0.2072979550
0.2066479307
0.2066479307
0.2053943586
0.2046039104
0.2039959649
0.2033853714
0.2025595740
0.2025595740
0.2016351547
0.2006874226
0.2003155355
0.2002842164
0.2003905224
0.2003905224
0.2006691321
0.2009583656
0.2009853509
0.2011331615
0.2013272774
0.2013272774
0.2014302579
0.2015610112
0.2025655358
0.2034187534
0.2038149340
0.2038149340
0.2037688477
0.2036567281
0.1842440390
0.1847167003
0.1853258593
0.1853258593
0.1868789687
0.1888603640
0.1912762904
0.1931901808
0.1947121394
0.1947121394
0.1956517671
0.1968120866
0.1975453049
0.1978835675
0.1979238651
0.1979238651
0.1980770631
0.1983703385
0.1993710792
0.1994910502
0.1998697789
0.1998697789
0.1992553601
0.1988404343
0.1976076178
0.1967367432
0.1958127611
0.1958127611
0.1956552767
0.1951870633
0.1950845537
0.1946800186
0.1287715829
0.1287715829
0.1300353207
0.1302425144
0.1302614866
0.1297030600
0.1296721240
0.1296721240
0.1295249999
0.1299864356
0.1299163702
0.1303283659
0.1305142289
0.1305142289
0.1310223594
0.1312045426
0.1314864575
0.1313156261
0.1314526404
0.1314526404
0.1312047022
0.1314981423
0.1316094950
0.1321093763
0.1324366596
0.1324366596
0.1331534713
0.1335932020
0.1340553613
0.1340541492
0.1344726421
0.1344726421
0.1346269946
0.1351585519
0.1352008402
0.1353843725
0.2011055147
0.2011055147
0.2016148190
0.2018024604
0.2028022944
0.2030555150
0.2033272463
0.2033272463
0.2023120112
0.2017341216
0.2004791022
0.1994489571
0.1973220728
0.1973220728
0.1954791520
0.1939058285
0.1936035008
0.1938314830
0.1941462468
0.1941462468
0.1932343739
0.1928414963
0.1913234622
0.1896056121
0.1874952033
0.1874952033
0.1862596681
0.1846977769
0.1834097175
0.1816072903
0.1810384556
0.1810384556
0.1805301311
0.1808801989
0.1804141998
0.1793762355
0.1775641512
0.1775641512
0.1770522919
0.1760507305
0.1761388603
0.1774756561
0.1787938344
0.1787938344
0.1810670947
0.1821731579
0.1833674371
0.1834055049
0.1833073352
0.1833073352
0.1819594892
0.1820712480
0.1827435703
0.1844201678
0.1854700617
0.1854700617
0.1866196425
0.1869721648
0.1876765730
0.1874102012
0.1880155074
0.1880155074
0.1885988933
0.1913255163
0.1944625917
0.1979202041
0.1999631748
0.1999631748
0.2016556216
0.2024667122
0.2042214366
0.2063257455
0.2079357186
0.2079357186
0.2082743089
0.2074823402
0.2057361388
0.2037151306
0.2007249089
0.2007249089
0.1968890677
0.1943555278
0.1920073772
0.1902799686
0.1883627212
0.1883627212
0.1863485760
0.1840437118
0.1822299118
0.1794868812
0.1770496274
0.1770496274
0.1743346385
0.1728205304
0.1714955084
0.1706488583
0.1694464848
0.1694464848
0.1685207582
0.1671666263
0.1663793732
0.1655839095
0.1657082519
0.1657082519
0.1657377270
0.1659870674
0.1658711388
0.1660296483
0.1661373021
0.1661373021
0.1664176846
0.1653917806
0.0000000000
0.0000000000
0.0000000000
0.0000000000
0.0000000000
0.0016016627
0.0065567962
0.0116912334
0.0166027112
0.0166027112
0.0210019256
0.0265505114
0.0310780510
0.0375332990
0.0429418030
0.0429418030
0.0496840327
0.0552820948
0.0635968190
0.0703020503
0.0804327252
0.0804327252
0.0888304984
0.1007102682
0.1118722009
0.1251219370
0.1367829178
0.1367829178
0.1507971181
0.1628834103
0.1758254050
0.1777872153
0.1794337908
0.1794337908
0.1799304142
0.1802260980
0.1800799432
0.1811214575
0.1815756065
0.1815756065
0.1819853120
0.1826911294
0.1835761403
0.1838532333
0.1846395424
0.1846395424
0.1853804518
0.1848826628
0.1852990828
0.1848492525
0.1848043046
0.1848043046
0.1848228603
0.1854630691
0.1863437133
0.1871342854
0.1873170287
0.1873170287
0.1879425927
0.1882880150
0.1887358141
0.1888979733
0.1894986900
0.1894986900
0.1902063149
0.1914117498
0.1917325851
0.1912930154
0.3234648223
0.3234648223
0.3242486330
0.3249481859
0.3261296654
0.3272115310
0.3289004655
0.3289004655
0.3303584948
0.3317084118
0.3324997667
0.3336087926
0.3344696763
0.3344696763
0.3353471214
0.3359824255
0.3363853344
0.3361268967
0.3359890173
0.3359890173
0.3354893863
0.3357050202
0.3357484527
0.3359982000
0.3358688990
0.3358688990
0.3358105199
0.3354018189
0.3352903663
0.3238953685
0.3239585316
0.3239585316
0.3240735450
0.3242838434
0.3242802656
0.3243795155
0.3244494945
0.3244494945
0.3244514601
0.3241657345
0.3240636328
0.3238024304
0.3235666273
0.3235666273
0.3234273935
0.3233007246
0.3230406101
0.3228452793
0.3226317971
0.3226317971
0.3222552410
0.3216780253
0.3212564634
0.3206197977
0.3202413945
0.3202413945
0.3196786903
0.3190257183
0.3182571610
0.3175389927
0.3167770818
0.3167770818
0.3163054538
0.3157334146
0.3152066009
0.3144372186
0.3139844632
0.3139844632
0.3136547119
0.3130415168
0.3118380701
0.3106103005
0.3100841541
0.3100841541
0.3082842670
0.3077369845
0.3064775492
0.3058422374
0.3040105193
0.3040105193
0.3034876379
0.3026303003
0.3019911740
0.3009627601
0.3011679560
0.3011679560
0.3001589078
0.3001100186
0.2985658239
0.2985099079
0.2979816393
0.2979816393
0.2978636133
0.2966746133
0.2957789564
0.2954199142
0.2954275259
0.2954275259
0.2939736171
0.2941605212
0.2936805282
0.2935184640
0.2928653796
0.2928653796
0.2937298240
0.2935377470
0.2933130975
0.2926385680
0.2931378781
0.2931378781
0.2933663046
0.2923795213
0.2928393545
0.2923898577
0.2925320328
0.2925320328
0.2918428433
0.2911009320
0.2910778538
0.2911380412
0.2910702787
0.2910702787
0.2905500877
0.2902010933
0.2904464235
0.2907818169
0.2916690680
0.2916690680
0.2922004018
0.2923614755
0.2929365648
0.2935769804
0.2934153021
0.2934153021
0.2924439577
0.2922408383
0.2930460082
0.2930169587
0.2931349400
0.2931349400
0.2933898804
0.2931255840
0.2928950280
0.2926289987
0.2919088270
0.2919088270
0.2910227712
0.2908526261
0.2910548966
0.2912725104
0.2913360862
0.2913360862
0.2916225956
0.2918567909
0.2921724219
0.2919069997
0.2908244483
0.2908244483
0.2904608521
0.2910689994
0.2913864541
0.2910549374
0.2900068388
0.2900068388
0.2895008710
0.1269709047
0.1301733435
0.1344785993
0.1372667010
0.1372667010
0.1393080389
0.1424706040
0.1433310566
0.1417562471
0.1392453850
0.1392453850
0.1372715621
0.1358570424
0.1375487619
0.1397009285
0.1416791806
0.1416791806
0.1436678609
0.1435936046
0.1417340055
0.1427890194
0.1459838309
0.1459838309
0.1473553742
0.1471731445
0.1454243626
0.1408267275
0.1368909318
0.1368909318
0.1342074757
0.1321879533
0.1296730406
0.1276083939
0.1276428633
0.1276428633
0.1266036838
0.1314069132
0.1394340706
0.1477617469
0.1578123983
0.1578123983
0.1660812947
0.1731431872
0.1759426523
0.1753877569
0.1782879595
0.1782879595
0.1816486961
0.1835688659
0.1876626476
0.1910398788
0.1953855834
0.1953855834
0.1967107046
0.1982099156
0.2009476801
0.2055530109
0.2102471424
0.2102471424
0.2130732386
0.2165856618
0.2227004423
0.2170000816
0.2107201695
0.2107201695
0.2030624103
0.1939192904
0.1826004042
0.1723071571
0.1627743861
0.1627743861
0.1535718914
0.1426117658
0.1354800648
0.1279976574
0.1203430623
0.1203430623
0.1122583896
0.1046280968
0.0988989292
0.0915735499
0.0858999592
0.0858999592
0.0803572664
0.0753826696
0.0716138789
0.0680878428
0.0652556202
0.0652556202
0.0621855640
0.0595429635
0.0562197604
0.0516106663
0.0462701025
0.0462701025
0.0422476303
0.0385884059
0.0341586674
0.0299073908
0.0271112476
0.0271112476
0.0245547373
0.0219927335
0.0176982893
0.0107816626
0.0050444316
0.0050444316
0.0000000000
0.0000000000
0.0000000000
0.0000000000
0.0000000000
0.0000000000
0.0000000000
0.0000000000
0.0000000000
0.0000000000
0.0000000000
0.0000000000
0.0000000000
0.0326458977
0.0326503732
0.0326436313
0.0326834693
0.0326834693
0.0327531904
0.0328245669
0.0328267823
0.0328078546
0.0328135371
0.0328135371
0.0328417093
0.0328839982
0.0328720822
0.0328862824
0.0328670192
0.0328670192
0.0328686332
0.0329007666
0.0329927672
0.0330142474
0.0330539034
0.0330539034
0.0330861797
0.0330667282
0.0329531240
0.0329349799
0.0329516388
0.0329516388
0.0329818013
0.0330400068
0.0874043866
0.0859872079
0.0842702537
0.0842702537
0.0825599821
0.0803475939
0.0781559898
0.0757560407
0.0723545666
0.0723545666
0.0687109471
0.0647500918
0.0623473656
0.0606292008
0.0592955480
0.0592955480
0.0584112206
0.0583340704
0.0584090271
0.0592991898
0.0607280578
0.0607280578
0.0626493742
0.0649513903
0.0676256681
0.0703234526
0.0735702715
0.0735702715
0.0778143202
0.0826081668
0.0876427704
0.0931461764
0.0983904098
0.0983904098
0.1038850852
0.1080212100
0.1092084603
0.1096311736
0.1100147222
0.1100147222
0.1101351164
0.1103983293
0.1103737179
0.1105024561
0.1110099238
0.1110099238
0.1112203074
0.1114177594
0.1113497247
0.1118808316
0.1122395341
0.1122395341
0.1125710224
0.1124882796
0.1123857441
0.1118301465
0.1113445258
0.1113445258
0.1102624361
0.0828320892
0.0833487730
0.0837828233
0.0843610687
0.0843610687
0.0849654840
0.0856866939
0.0863371034
0.0871413718
0.0879365747
0.0879365747
0.0888811746
0.0896573468
0.0906786223
0.0916359125
0.0926756110
0.0926756110
0.0934124639
0.0942866682
0.0946219994
0.0951491418
0.0953646030
0.0953646030
0.0954959969
0.0957793517
0.0960820170
0.0962927211
0.0966273585
0.0966273585
0.0968464851
0.0971200287
0.0971417985
0.0975597348
0.0977778744
0.0977778744
0.0984095460
0.0988951218
0.0996309639
0.1001742789
0.1008994680
0.1008994680
0.1012686801
0.1016521283
0.1017628243
0.0994299802
0.0950942341
0.0950942341
0.0924609319
0.0886585625
0.0855629016
0.0809582712
0.0776723957
0.0776723957
0.0736178436
0.0704168453
0.0657674033
0.0628378337
0.0589104963
0.0589104963
0.0559198708
0.0506118616
0.0475696729
0.0432010302
0.0395343538
0.0395343538
0.0369407887
0.0325683633
0.0305038639
0.0266112498
0.0243299105
0.0243299105
0.0211368658
0.0183408173
0.0160838079
0.0142078922
0.0121635436
0.0121635436
0.0100625403
0.0078583231
0.0060285213
0.0043170798
0.0028659607
0.0028659607
0.0016110373
0.0000575905
0.0000001059
0.0000001059
0.0000001059
0.0000001059
0.0000001059
0.0000001059
0.0000001059
0.0000001059
0.0006124784
0.0006124784
0.0081469320
0.0173581655
0.0229240121
0.0276076065
0.0333577070
0.0333577070
0.0398387929
0.0458139689
0.0520652236
0.0573751866
0.0618910358
0.0618910358
0.0678299653
0.0743668667
0.0812786591
0.0890520208
0.0984235495
0.0984235495
0.1080036728
0.1194008560
0.1305773459
0.1431232595
0.1569108948
0.1569108948
0.1701021734
0.1837284291
0.1985931022
0.1991106231
0.1996502129
0.1996502129
0.1998165157
0.2001883562
0.2000732833
0.1998942924
0.1992025135
0.1992025135
0.1991292873
0.1986349504
0.1985810504
0.1983465802
0.1981459980
0.1981459980
0.1524789170
0.1526362219
0.1527706460
0.1529291939
0.1530227315
0.1530227315
0.1531563057
0.1532308090
0.1533785393
0.1534503339
0.1535347607
0.1535347607
0.1535558546
0.1536157596
0.1536249057
0.1537069905
0.1537054172
0.1537054172
0.1537174327
0.1535732372
0.1535644851
0.1536061963
0.1536309227
0.1536309227
0.1536460764
0.1537093278
0.1537001277
0.1536608364
0.0000007962
0.0000007962
0.0000007962
0.0000007962
0.0000007962
0.0000007962
0.0000007962
0.0000007962
0.0000352631
0.0000513079
0.0000858845
0.0001189255
0.0001636431
0.0001636431
0.0001910873
0.0002269854
0.0002407964
0.0002682185
0.0002989507
0.0002989507
0.0003489162
0.0004016684
0.0004140564
0.0004631967
0.0005236318
0.0005236318
0.0005768637
0.0006571470
0.0007240503
0.0008120507
0.0008833184
0.0008833184
0.0009804607
0.0010685740
0.0011708831
0.0012771455
0.0013569541
0.0013569541
0.0014620008
0.0015574889
0.0016465614
0.0017438027
0.0018293148
0.0018293148
0.0019294572
0.0020120237
0.0020917470
0.0021726790
0.0022503177
0.0022503177
0.0022689763
0.0022888842
0.0023112965
0.0023125516
0.0023233077
0.0023233077
0.0023295436
0.0023371232
0.0023413483
0.0023399433
0.0023587656
0.0023587656
0.0023682134
0.0023683542
0.0023712241
0.0023756300
0.0023882826
0.0023882826
0.0023945684
0.0024015926
0.0024097101
0.0024124192
0.0024184202
0.0024184202
0.0024276332
0.0024369603
0.0024441297
0.0024461587
0.0024614332
0.0024614332
0.0024660203
0.0024754114
0.1000901734
0.0999094260
0.0995159720
0.0995159720
0.0995599713
0.0994233309
0.0993830301
0.0990144793
0.0988659129
0.0988659129
0.0985745897
0.0983927388
0.0980562766
0.0978177727
0.0974845009
0.0974845009
0.0973357354
0.0970337563
0.0969940591
0.0966535190
0.0966510178
0.0966510178
0.0964342348
0.0964494209
0.0960356788
0.0960090603
0.0956391999
0.0956391999
0.0957767513
0.0956356645
0.0958239612
0.0957088186
0.0957738175
0.0957738175
0.0955000311
0.0954357365
0.0954803045
0.0959073426
0.0964144873
0.0964144873
0.0973128530
0.0989383632
0.0997974552
0.1014815642
0.1027742346
0.1027742346
0.1045177114
0.1055920784
0.1071488646
0.1088764736
0.1115626845
0.1115626845
0.1140259865
0.1172708298
0.1195690614
0.1218463801
0.1231291404
0.1231291404
0.1253283108
0.1268151623
0.1286353788
0.1299888265
0.1319833608
0.1319833608
0.1337754480
0.1358409977
0.1366436006
0.1379985804
0.1385464009
0.1385464009
0.1397906777
0.1404678237
0.1419113394
0.1427039554
0.1442307997
0.1442307997
0.1453356722
0.1473519243
0.1485516761
0.1498034735
0.1518439203
0.1518439203
0.1534033041
0.1554598263
0.1565558716
0.1578958054
0.1584327729
0.1584327729
0.1592676044
0.1591283196
0.1593828699
0.1587904539
0.1590569217
0.1590569217
0.1585574290
0.1584807069
0.1578006765
0.1575644840
0.1363731133
0.1363731133
0.1359845140
0.1350049647
0.1347485892
0.1340452557
0.1337101032
0.1337101032
0.1328397315
0.1324094070
0.1314781210
0.1322272838
0.1333857225
0.1333857225
0.1356772840
0.1372050617
0.1379461339
0.1385700750
0.1384360290
0.1384360290
0.1376141771
0.1372445242
0.1363775171
0.1357373283
0.1343589072
0.1343589072
0.1336242181
0.1321714165
0.1315097621
0.1300194807
0.1290891868
0.1290891868
0.1275894501
0.1265088383
0.1255651149
0.1244452184
0.1225221461
0.1225221461
0.1215625209
0.1202949595
0.1191167919
0.1186612127
0.1173988069
0.1173988069
0.1163709697
0.1146720330
0.1125337878
0.1091762153
0.1055292689
0.1055292689
0.1000327619
0.0972867119
0.0944908263
0.0939136521
0.0931292856
0.0931292856
0.0924582361
0.0916911572
0.0914662453
0.0909990805
0.0920285022
0.0920285022
0.0930465703
0.0965322759
0.0987821591
0.1014645549
0.1031172045
0.1031172045
0.1046059851
0.1047134093
0.1054146022
0.1054223723
0.1056428495
0.1056428495
0.1052724439
0.1052606981
0.1052626292
0.1053937711
0.1050532577
0.1050532577
0.1045275768
0.1037868227
0.1001582628
0.0953235129
0.0903170300
0.0903170300
0.0895275402
0.0891043726
0.0891724112
0.0901106958
0.0897523362
0.0897523362
0.0000073061
0.0000003312
0.0000996543
0.0002067807
0.0003241516
0.0003241516
0.0004333867
0.0005349312
0.0006918244
0.0008658024
0.0011249396
0.0011249396
0.0013898090
0.0017719497
0.0021085547
0.0024420941
