0.4951955438
0.4951955438
0.4850388585
0.4736146547
0.4603383866
0.4413655721
0.4317201763
0.4317201763
0.4249808159
0.4169315589
0.4087364060
0.3982741699
0.3880620177
0.3880620177
0.3808265186
0.3727798542
0.3648904776
0.3534059831
0.3428923628
0.3428923628
0.3356350235
0.3322782075
0.3279877167
0.3213275248
0.3133678611
0.3133678611
0.3042376731
0.2949601390
0.2854986163
0.2755128951
0.2707436876
0.2707436876
0.2647300454
0.2601274865
0.2621451103
0.2640059976
0.2661664604
0.2661664604
0.2744522557
0.2817947746
0.2890362296
0.3065427565
0.3243018119
0.3243018119
0.3422361447
0.3602072685
0.3751640791
0.3912485311
0.4037724033
0.4037724033
0.4102716401
0.4937900150
0.4927786285
0.4922033009
0.4896790076
0.4896790076
0.4856554023
0.4759890596
0.4494402701
0.4053413056
0.3548120651
0.3548120651
0.2971980555
0.2429178862
0.1946386224
0.1561991863
0.1597363323
0.1597363323
0.1737782692
0.1935792470
0.2238409210
0.2497542215
0.2768923228
0.2768923228
0.3035960747
0.3244319299
0.3519251735
0.3758033947
0.4025003751
0.4025003751
0.4293187697
0.4332222737
0.4440109692
0.4519779115
0.4467558197
0.4467558197
0.4474082932
0.4635624633
0.4874503841
0.5148938401
0.5269342337
0.5269342337
0.5445259249
0.5611106149
0.5701352110
0.5764410799
0.5848325773
0.5848325773
0.5977526754
0.6073920976
0.6128007948
0.6192135509
0.6180928826
0.6180928826
0.6258907728
0.6318154693
0.6265376933
0.6282919855
0.6314624657
0.6314624657
0.6199582659
0.6067674545
0.6362610304
0.6363951843
0.6355132379
0.6355132379
0.6345751363
0.6336610281
0.6326574481
0.6313995858
0.6301984507
0.6301984507
0.6289462796
0.6277269429
0.6262942873
0.6248342383
0.6232859480
0.6232859480
0.6218388905
0.6200614883
0.6182701882
0.6163248266
0.6146185980
0.6146185980
0.6127804606
0.6106249771
0.6086810174
0.6070652017
0.6058771474
0.6058771474
0.6047504275
0.6040298560
0.6035630739
0.6029786876
0.6025470387
0.6025470387
0.6022253185
0.6019778954
0.6017168449
0.6015482153
0.6012403864
0.6012403864
0.6011968701
0.6011981878
0.6013713658
0.6011611209
0.6011667908
0.6011667908
0.6013066482
0.6017471070
0.6021048064
0.6027415622
0.6036052972
0.6036052972
0.6050433094
0.6058285405
0.6067290819
0.6074852107
0.6082068189
0.6082068189
0.6086034123
0.6089991780
0.6095733102
0.6112398291
0.6119892351
0.6119892351
0.6129171356
0.6136047981
0.6148094799
0.6161098809
0.6179028607
0.6179028607
0.6194527565
0.6214997917
0.5011211741
0.5040305105
0.5057744361
0.5057744361
0.5098048915
0.5113143488
0.5146150214
0.5160406145
0.5192557373
0.5192557373
0.5206523995
0.5233195164
0.5248652624
0.5270512400
0.5284425113
0.5284425113
0.5305174005
0.5317873925
0.5340352538
0.5351513204
0.5371222499
0.5371222499
0.5377069062
0.5386802919
0.5391234154
0.5398491908
0.5404811218
0.5404811218
0.5409044189
0.5417763933
0.5424935236
0.5422474144
0.5423506874
0.5423506874
0.5425122023
0.5425010887
0.5422198341
0.5417011731
0.5418046442
0.5418046442
0.5423424876
0.5424272375
0.5428200674
0.5434053461
0.5440414035
0.5440414035
0.5446750558
0.5454491798
0.5459949548
0.5467020179
0.5469303157
0.5469303157
0.5473738233
0.5478459303
0.5486984062
0.5492137519
0.5491331051
0.5491331051
0.5493773419
0.5499009182
0.5498827715
0.5509820277
0.5516455883
0.5516455883
0.5530311964
0.5537272402
0.5546863283
0.5552297827
0.5558817384
0.5558817384
0.5563507686
0.5565621125
0.5566043740
0.5567731852
0.5568888724
0.5568888724
0.5572153450
0.5577375983
0.5582813077
0.5583456046
0.5586753094
0.5586753094
0.5592594122
0.5598426480
0.5595979400
0.5596467135
0.5602130132
0.5602130132
0.5606892746
0.5609674311
0.5614137077
0.5618231772
0.5622842973
0.5622842973
0.5625645680
0.5627822046
0.5631395253
0.4771048930
0.4761368586
0.4761368586
0.4753148995
0.4749174981
0.4747838758
0.4750922134
0.4748185882
0.4748185882
0.4744649126
0.4734845530
0.4726959282
0.4716644630
0.4702827187
0.4702827187
0.4689008891
0.4681181208
0.4675566404
0.4677473546
0.4680745793
0.4680745793
0.4686620636
0.4691097885
0.4697376954
0.4700194034
0.4698664157
0.4698664157
0.4686475670
0.4677333731
0.4676761971
0.4681409694
0.4683589709
0.4683589709
0.4690278125
0.4698432414
0.4706154559
0.4364364119
0.4418800640
0.4418800640
0.4460492974
0.4482605473
0.4480205975
0.4462568056
0.4454804711
0.4454804711
0.4448848136
0.4442685212
0.4440648034
0.4439734846
0.4432460347
0.4432460347
0.4435807359
0.4447276741
0.4456739167
0.4467053995
0.4475362789
0.4475362789
0.4490306818
0.4514370175
0.4543913972
0.4565571829
0.4574490243
0.4574490243
0.4579138491
0.4587713468
0.4595209628
0.4595083848
0.4579971814
0.4579971814
0.4562850985
0.4551937152
0.4551429303
0.4560686248
0.4553337945
0.4553337945
0.4531351456
0.4511348461
0.4497168416
0.4495942792
0.4495691304
0.4495691304
0.4481234446
0.4461239412
0.4444205006
0.4427746582
0.4436864356
0.4436864356
0.4455357780
0.4486057766
0.4524657268
0.4575035880
0.4637602701
0.4637602701
0.4685444233
0.4694590336
0.4657461257
0.4582070387
0.4540270786
0.4540270786
0.4534769898
0.4546504205
0.4563611745
0.4588241004
0.4636455296
0.4636455296
0.0019313709
0.0218611147
0.0419669781
0.0638199904
0.0863028564
0.0863028564
0.1068687911
0.1276826077
0.1501655888
0.1709928110
0.1929700170
0.1929700170
0.2140434548
0.2371310910
0.2568362779
0.2788131784
0.2997798798
0.2997798798
0.3220426336
0.3445928899
0.3647799686
0.3850297732
0.4068171439
0.4068171439
0.4275633502
0.4492928264
0.4702466894
0.4934429225
0.5129816979
0.5129816979
0.5130472132
0.5128703854
0.5128434666
0.5126222666
0.5126177250
0.5126177250
0.5124384732
0.5121729516
0.5119820466
0.5117090108
0.5115380905
0.5115380905
0.5114041304
0.5112316136
0.5110185518
0.5107516865
0.5105952428
0.5105952428
0.5104161080
0.5102002424
0.5100079542
0.5097479265
0.5096377242
0.5096377242
0.5094921619
0.5383450946
0.5383910177
0.5383974246
0.5383669952
0.5383669952
0.5382890810
0.5381635517
0.5380703724
0.5380645179
0.5380254953
0.5380254953
0.5380282719
0.5379313217
0.5378010379
0.5376498769
0.5375195325
0.5375195325
0.5373729890
0.5372589183
0.5372093499
0.5371650364
0.5370045076
0.5370045076
0.5368985312
0.5368286504
0.5367201539
0.5365118157
0.5363946357
0.5363946357
0.5363862631
0.5361114832
0.5359947586
0.5359154035
0.5358714379
0.5358714379
0.5356906152
0.5355312695
0.5354745261
0.5353342076
0.5351483173
0.5351483173
0.5350534310
0.5350161347
0.4940542860
0.4938602712
0.4936820621
0.4936820621
0.4932924285
0.4930440308
0.4928352635
0.4925854394
0.4922891025
0.4922891025
0.4920428422
0.4918514946
0.4913734145
0.4911700652
0.4909049155
0.4909049155
0.4906575627
0.4903867081
0.4901324167
0.4897957030
0.4895257078
0.4895257078
0.4891894233
0.4889129335
0.4886583513
0.4882432625
0.4879746066
0.4879746066
0.4877020395
0.4873435298
0.4870592727
0.4868117601
0.4865082792
0.4865082792
0.4861821505
0.4857903804
0.4855527741
0.4852551546
0.4557896816
0.4557896816
0.4558454319
0.4559282306
0.4561030524
0.4561662789
0.4567843332
0.4567843332
0.4567283772
0.4567766766
0.4565963972
0.4567298412
0.4565815535
0.4565815535
0.4565883653
0.4564054425
0.4560749209
0.4559720512
0.4560678301
0.4560678301
0.4560871719
0.4561022177
0.4560147637
0.4561952652
0.4560648064
0.4560648064
0.4559109513
0.4556379504
0.4552565861
0.4550872237
0.4548146795
0.4548146795
0.4545897590
0.6011465493
0.6007502298
0.5999881460
0.5990304172
0.5990304172
0.5982685733
0.5979766241
0.5977850497
0.5977461877
0.5979055215
0.5979055215
0.5988202208
0.5996595318
0.6003206578
0.6012647112
0.6021272475
0.6021272475
0.6029267705
0.6036620045
0.6044522214
0.6050741326
0.6058224394
0.6058224394
0.6063635443
0.6067229645
0.6069133857
0.6069668726
0.6069977946
0.6069977946
0.0019287628
0.0019239004
0.0019208507
0.0019208449
0.0019208268
0.0019208268
0.0019207964
0.0019207911
0.0019207911
0.0019207633
0.0019207633
0.0019207633
0.0019207570
0.0019207570
0.0019207570
0.0019207570
0.0019207570
0.0019207570
0.0019207570
0.0019207570
0.0019207570
0.0019207710
0.0019207691
0.0019207691
0.0019207691
0.0019207691
0.0019207691
0.0019207691
0.0019207691
0.0019207691
0.0019207691
0.0019143897
0.0019143776
0.0019143776
0.0019143776
0.0019143776
0.0019143776
0.0019143776
0.0019143776
0.0208173740
0.0415773944
0.0415773944
0.0629986799
0.0846633090
0.1067905825
0.1293783325
0.1507473781
0.1507473781
0.1720933590
0.1942821405
0.2174007881
0.2383558673
0.2605145213
0.2605145213
0.2826953906
0.3048566684
0.3262378651
0.3475611299
0.3699261095
0.3699261095
0.3922085708
0.3937517624
0.3952493897
0.3961034309
0.3960218109
0.3960218109
0.3954955426
0.3951709514
0.3951220386
0.3953290616
0.3954363323
0.3954363323
0.3955431949
0.3956225250
0.3954003769
0.3948071052
0.3943655198
0.3943655198
0.3943008928
0.3940367375
0.3940208109
0.3939394022
0.3939016076
0.3939016076
0.3938949863
0.3941059127
0.3941795163
0.3942388382
0.3942981865
0.3942981865
0.3944853121
0.3946225297
0.3945039716
0.3943679951
0.3943667096
0.3943667096
0.3943035631
0.3942972594
0.3941863664
0.3940874310
0.3939857241
0.3939857241
0.3939312173
0.3937668275
0.3937456325
0.3936646516
0.3936119173
0.3936119173
0.3935784367
0.3936387320
0.4963339051
0.4928986458
0.4887863683
0.4887863683
0.4850559319
0.4820896987
0.4760318026
0.4694794715
0.4631436618
0.4631436618
0.4588507602
0.4545850894
0.4515029094
0.4484690246
0.4448140056
0.4448140056
0.4420123412
0.4416816529
0.4423750521
0.4444461312
0.4484422201
0.4484422201
0.4531507413
0.4600434547
0.4700032003
0.4791579214
0.4871112670
0.4871112670
0.4962554920
0.5024904617
0.5078150460
0.5147477524
0.5195552123
0.5195552123
0.5300396977
0.3758242516
0.3762964872
0.3764907144
0.3768957811
0.3768957811
0.3760887576
0.3758728063
0.3749873123
0.3745051363
0.3736694528
0.3736694528
0.3730228768
0.3721897884
0.3717421508
0.3720594248
0.3721102736
0.3721102736
0.3719997356
0.3712172577
0.3709493589
0.3703145026
0.3699891579
0.3699891579
0.3690742034
0.3688735141
0.3678799341
0.3666651336
0.3639844971
0.3639844971
0.3620911267
0.3639019844
0.3682512756
0.3716757967
0.3750059060
0.3750059060
0.3766599560
0.4446477662
0.4449932763
0.4461739569
0.4473584582
0.4473584582
0.4462576610
0.4456584823
0.4445498139
0.4917521827
0.4954958843
0.4954958843
0.5015748994
0.4808207511
0.5031809763
0.4677804358
0.5034028001
0.5034028001
0.4854361288
0.4480920294
0.4735105196
0.4628411033
0.4516256463
0.4516256463
0.4573094706
0.5011269895
0.4597427957
0.4569988791
0.5132798017
0.5132798017
0.5141329061
0.5142669976
0.5139491184
0.5123624563
0.5081126762
0.5081126762
0.5073999166
0.5098061445
0.5088092850
0.5001448018
0.4926609707
0.4926609707
0.4956755303
0.5058245141
0.5148601183
0.5158465117
0.5125793240
0.5125793240
0.5190463169
0.5261083790
0.5335732930
0.5430046828
0.2749970426
0.2749970426
0.2743980788
0.2744366768
0.2753479760
0.2772612881
0.2790742372
0.2790742372
0.2801158016
0.2810642497
0.2826084828
0.2838480082
0.2842566127
0.2842566127
0.2846490809
0.2846596639
0.2846748839
0.2845028361
0.2844411766
0.2844411766
0.2847838861
0.2851951012
0.2854609295
0.2854730458
0.2847729636
0.2847729636
0.2843007517
0.2840174745
0.2843371094
0.2849786934
0.2849794167
0.2849794167
0.2855668696
0.2862524135
0.2870598051
0.2891857045
0.2941989410
0.2941989410
0.2979478384
0.2988025271
0.4942361615
0.4951703103
0.4944090425
0.4944090425
0.4937574665
0.4928189649
0.4918824373
0.4904607955
0.4899322476
0.4899322476
0.4893760925
0.4886238174
0.4872034148
0.4859222510
0.4854424893
0.4854424893
0.4847935863
0.4839907313
0.4838683514
0.4841958223
0.3499354181
0.3499354181
0.3502203994
0.3514240755
0.3549030802
0.3567888638
0.3570028683
0.3570028683
0.3567042061
0.3567499118
0.3562447504
0.3552029634
0.3537600308
0.3537600308
0.3533162480
0.3525883799
0.4505651210
0.4477901492
0.4442506605
0.4442506605
0.4461701657
0.4452195278
0.4462376398
0.4444166390
0.4443100065
0.4443100065
0.4575918796
0.4745969288
0.5160712107
0.5578472167
0.5530516777
0.5530516777
0.5135326079
0.5110186464
0.5004204544
0.4665727499
0.4374358559
0.4374358559
0.4257041932
0.4078273463
0.3961430752
0.3893352628
0.3822787803
0.3822787803
0.3738632809
0.3672259613
0.3649109902
0.3617456643
0.3610433257
0.3610433257
0.3620239176
0.3643678693
0.3636880831
0.3575057345
0.3516701484
0.3516701484
0.3520373286
0.3547826459
0.3534761439
0.3500501701
0.3318750839
0.3318750839
0.3228641771
0.3155732277
0.2968900516
0.2882537486
0.2885890451
0.2885890451
0.2882858746
0.2886309491
0.2889705115
0.2888036463
0.2882872618
0.2882872618
0.2881750579
0.2876833488
0.2873577775
0.2868705047
0.2864326821
0.2864326821
0.2862479441
0.2863115371
0.2861387880
0.2860437067
0.2855111396
0.2855111396
0.4405232518
0.4422227083
0.4400402909
0.4371981202
0.4345079574
0.4345079574
0.4330091731
0.4334882693
0.4362865892
0.4370491721
0.4402766354
0.4402766354
0.4464033850
0.4532005645
0.4648320435
0.4794776261
0.5006030412
0.5006030412
0.5193654108
0.5206601210
0.5223643676
0.6869172563
0.6876431005
0.6876431005
0.6883561508
0.6890042269
0.6896443020
0.6902402019
0.6903867274
0.6903867274
0.6906225248
0.6909189531
0.6913217205
0.6917176067
0.6920569180
0.6920569180
0.6924280552
0.6929155982
0.6937199386
0.6942323511
0.6950038738
0.6950038738
0.6959413950
0.6968879422
0.6977703683
0.6986530078
0.7001372883
0.7001372883
0.7011854686
0.7021935183
0.7027768917
0.7028663272
0.7028310678
0.7028310678
0.7030137021
0.7032364157
0.7034660221
0.7039004534
0.7044626633
0.7044626633
0.7050849884
0.7056096592
0.7061091087
0.7065844936
0.7070503191
0.7070503191
0.7074806018
0.7078066619
0.7079086117
0.4126683313
0.4135929398
0.4135929398
0.4137590624
0.4139815451
0.4138375053
0.4141320766
0.4138074700
0.4138074700
0.4136730414
0.4132408819
0.4129643139
0.4125940472
0.4122973912
0.4122973912
0.4120063718
0.4116681824
0.4115549956
0.4110990785
0.4102475690
0.4102475690
0.4094108130
0.2345492064
0.2340034787
0.2329625285
0.2330859641
0.2330859641
0.2330456335
0.2326617061
0.2317646841
0.2328577453
0.2344092513
0.2344092513
0.2358006407
0.2362057858
0.2362479475
0.2362664688
0.2362906675
0.2362906675
0.2359054986
0.2352919486
0.2343498058
0.2344596937
0.2349007824
0.2349007824
0.2349217524
0.4203772374
0.4205693454
0.4194291207
0.4202347185
0.4202347185
0.4182817405
0.4193403434
0.4188505561
0.4204883788
0.4207571388
0.4207571388
0.4223849879
0.4224620565
0.4231225155
0.4225258624
0.4221556348
0.4221556348
0.4205765174
0.4199700281
0.4182119980
0.4173940841
0.4156482950
0.4156482950
0.4158417910
0.4150585377
0.4159870701
0.4150605641
0.4146089171
0.4146089171
0.4134229529
0.4130729694
0.4105922708
0.4097912517
0.4067113067
0.4067113067
0.4057508711
0.4035493207
0.4041423606
0.4033354650
0.4042829441
0.4042829441
0.4043533451
0.4056442105
0.4056129222
0.3730983218
0.3740430187
0.3740430187
0.3750438796
0.3761329819
0.3765882493
0.3785675862
0.3802223896
0.3802223896
0.3819907924
0.3831285495
0.3842728639
0.3840374819
0.3837471403
0.3837471403
0.3829867619
0.3829149148
0.3827462282
0.3829739993
0.3824606371
0.3824606371
0.3818780388
0.3811986802
0.3809773542
0.3807596218
0.3811981082
0.3811981082
0.3818622896
0.3829468872
0.3835138886
0.3845609591
0.6020513993
0.6020513993
0.6026714114
0.6030700791
0.6034541373
0.6040152065
0.6048385698
0.6048385698
0.6055667010
0.6058407874
0.6060182114
0.6064092527
0.6071526705
0.6071526705
0.6076302720
0.6077410070
0.6073987532
0.6055101049
0.6029836317
0.6029836317
0.6007203200
0.5993310443
0.5985075613
0.5982686419
0.5980170093
0.5980170093
0.5980187156
0.5977343465
0.5977440442
0.5975518796
0.5976613002
0.5976613002
0.5984935720
0.5996379296
0.6014196450
0.6032020642
0.6047853672
0.6047853672
0.6063854727
0.6079234968
0.6091317710
0.6101900466
0.6118872985
0.6118872985
0.6143578670
0.6171399248
0.6196713386
0.6222775202
0.6241621417
0.6241621417
0.6256826728
0.6270640241
0.6289742532
0.6321699355
0.6346930042
0.6346930042
0.6383206355
0.6407341115
0.6432393254
0.6444723910
0.6433896623
0.6433896623
0.6418165364
0.6402493015
0.6380913642
0.3952039662
0.3948272360
0.3948272360
0.3945028730
0.3950358024
0.3947299762
0.3946941795
0.3946781002
0.3946781002
0.3947875561
0.3946819430
0.3946177719
0.3947520150
0.3943489666
0.3943489666
0.3940388808
0.3940185590
0.3937106821
0.3934272261
0.3929802657
0.3929802657
0.3926520641
0.3920867197
0.3918445798
0.3913096612
0.3910055972
0.3910055972
0.3904689911
0.3902711604
0.3900219248
0.3899056725
0.3893870155
0.3893870155
0.3892903872
0.6702889445
0.6716942449
0.6751225484
0.6792163026
0.6792163026
0.6836272796
0.6883576578
0.6933618021
0.6983367573
0.7035385280
0.7035385280
0.7074798919
0.7102617074
0.7125518406
0.7151559134
0.7180612616
0.7180612616
0.7217209060
0.7267040662
0.7333297984
0.7404952205
0.7471505380
0.7471505380
0.7524378594
0.7573795817
0.7622349989
0.7675153913
0.7731746544
0.7731746544
0.7795342230
0.7867059045
0.7946034140
0.8028504654
0.8091553017
0.8091553017
0.8063457159
0.7960141638
0.7783792424
0.7625060179
0.7482219303
0.7482219303
0.7353465871
0.7212776872
0.7045246823
0.6854100911
0.6669718581
0.6669718581
0.6417633906
0.6103738735
0.5777187459
0.5446619982
0.5142504077
0.5142504077
0.4895487630
0.4748072126
0.4103902307
0.4175545795
0.5013880668
0.5013880668
0.5792099621
0.6190675697
0.6513372585
0.3000662776
0.3862028367
0.3862028367
0.4406897457
0.4850930059
0.5231696951
0.5494949545
0.5688370827
0.5688370827
0.5753118288
0.5670991813
0.5623761106
0.5537729607
0.5392812198
0.5392812198
0.5208876331
0.5048658666
0.6101187268
0.6126951364
0.6127533891
0.6127533891
0.6106729300
0.6087587980
0.6048934675
0.5991468021
0.5960776085
0.5960776085
0.5937378105
0.5897072195
0.5847981649
0.5802112715
0.5769715688
0.5769715688
0.5732280406
0.5694216321
0.5646050390
0.5574170361
0.5529377609
0.5529377609
0.5479935610
0.5386810384
0.5260863649
0.5165801816
0.5122567719
0.5122567719
0.5024156371
0.5114311899
0.5296056266
0.5480640978
0.5660835040
0.5660835040
0.5818148799
0.5942781640
0.3379238274
0.3404345201
0.3338123375
0.3338123375
0.3329782475
0.3349982081
0.3304656686
0.3309293786
0.3351220017
0.3351220017
0.3414228670
0.3312126613
0.3199328529
0.3203219398
0.3165353473
0.3165353473
0.3110345372
0.3079101041
0.3105713221
0.3127977838
0.3094549527
0.3094549527
0.3050595101
0.3078482697
0.2948179592
0.3062735170
0.3155365753
0.3155365753
0.3217795800
0.3188786861
0.3133019093
0.3057156428
0.2939966534
0.2939966534
0.2888950568
0.2896295168
0.2945313058
0.2926105065
0.2915740883
0.2915740883
0.2893643274
0.2899578572
0.2892952471
0.2892533212
0.2886288086
0.2886288086
0.2892953596
0.2948114776
0.2983776645
0.2991459605
0.3020250680
0.3020250680
0.3034325814
0.3070748588
0.2987423235
0.2886093399
0.2761260661
0.2761260661
0.2637917305
0.2418350035
0.2285519367
0.2146203070
0.1961402772
0.1961402772
0.1967051796
0.1900043480
0.2366865557
0.2101724479
0.1553908145
0.1553908145
0.1634586451
0.1843148651
0.2338855096
0.3347642809
0.3547825628
0.3547825628
0.3569926514
0.3565915497
0.3574482610
0.3575120910
0.5673349343
0.5673349343
0.5760470439
0.5871865317
0.5974260843
0.6042116152
0.6059088734
0.6059088734
0.6062599672
0.6078627946
0.6098509926
0.6120749546
0.6142077622
0.6142077622
0.6175445592
0.6199806135
0.6223918198
0.6241783946
0.6262640912
0.6262640912
0.6274872674
0.6286827704
0.6299890883
0.6328336934
0.6346580555
0.6346580555
0.6361727528
0.6358212602
0.6334815566
0.6319464427
0.6308245349
0.6308245349
0.6304603262
0.6303536926
0.6297800156
0.6306474718
0.6303119801
0.6303119801
0.6308854043
0.6289361197
0.6268031304
0.6236722280
0.6198605072
0.6198605072
0.3030178383
0.2997887819
0.2984817845
0.2962903219
0.2960712713
0.2960712713
0.2935343619
0.2900367263
0.2887255468
0.2868964148
0.2839946716
0.2839946716
0.2842726520
0.2845192672
0.2862855378
0.2866222108
0.2858182203
0.2858182203
0.2849223445
0.2854354620
0.2866205707
0.2905281249
0.2892841356
0.2892841356
0.2886989922
0.2897722862
0.2918184627
0.2947695391
0.2929388086
0.2929388086
0.2934251550
0.2939673092
0.2940260198
0.2934814552
0.2930094005
0.2930094005
0.2910429949
0.2912627252
0.2924638293
0.2965810395
0.2977950098
0.2977950098
0.3011958633
0.3021870266
0.2997451061
0.2968785686
0.4599946101
0.4599946101
0.4600651963
0.4600107041
0.4599492151
0.4598063348
0.4600856277
0.4600856277
0.4606035704
0.4601949559
0.4600242107
0.4592583110
0.4580436836
0.4580436836
0.4576513495
0.4574350891
0.4572883326
0.4568984312
0.4569879726
0.4569879726
0.4577090002
0.4589079580
0.4606540975
0.4623179598
0.4630991200
0.4630991200
0.4631656094
0.4618205762
0.4612053423
0.4614482029
0.4618570828
0.4618570828
0.4617426541
0.4613147523
0.4613301275
0.4612661452
0.4612027558
0.4612027558
0.4612210584
0.4614089328
0.4614413828
0.4615210944
0.4617657713
0.4617657713
0.4619594960
0.4620458632
0.4619607321
0.4618233271
0.4617227734
0.4617227734
0.4617562603
0.4618704923
0.4618718851
0.4619275034
0.4619086578
0.4619086578
0.4618959933
0.4619043370
0.4619195571
0.4617911933
0.4616770685
0.4616770685
0.4618830876
0.4620179540
0.4621515332
0.4621783628
0.4622821499
0.4622821499
0.4623272332
0.4623379003
0.4622927706
0.4624018533
0.4623903807
0.4623903807
0.4623691003
0.4622995690
0.4623355932
0.4623905652
0.4623875044
0.4623875044
0.4623677907
0.4623852944
0.4623777896
0.4623373304
0.4622300987
0.4622300987
0.4622150558
0.4621362342
0.4621405518
0.4621759409
0.4622100242
0.4622100242
0.4622657517
0.4622694951
0.4622929969
0.4622670691
0.4622694439
0.4622694439
0.4622548220
0.4622597308
0.4622966428
0.4622201691
0.4622271568
0.4622271568
0.6069036968
0.6072980724
0.6245982154
0.6164942284
0.6127947963
0.6127947963
0.6078207907
0.6118325640
0.6192077727
0.6217344452
0.6233831770
0.6233831770
0.6179097901
0.6241818131
0.6130718930
0.6043794021
0.6003518740
0.6003518740
0.6061224526
0.5972766735
0.5988198693
0.6049855449
0.6133182889
0.6133182889
0.6074410793
0.6063727780
0.6037573993
0.6066221734
0.6050648287
0.6050648287
0.6097030370
0.6025749714
0.6076001181
0.6103698834
0.6069170314
0.6069170314
0.6253246749
0.6360257239
0.6374509746
0.2774479364
0.2608975742
0.2608975742
0.2537796763
0.2529223031
0.2591403188
0.2622221114
0.2655862442
0.2655862442
0.2749024334
0.2859335101
0.2974683817
0.3015191936
0.3048317063
0.3048317063
0.3110887591
0.3119948127
0.3190430387
0.3197758629
0.3169354466
0.3169354466
0.3211792014
0.3185118807
0.3121145005
0.3051211118
0.5545893117
0.5545893117
0.5549716992
0.5565954197
0.5627589467
0.5709142177
0.5809928266
0.5809928266
0.5820954840
0.5863278264
0.5926169807
0.5979897135
0.6005395405
0.6005395405
0.6050370668
0.6061542860
0.6058816848
0.6075904347
0.6102698222
0.6102698222
0.6119136127
0.6150282731
0.6180588479
0.6219231346
0.6237763044
0.6237763044
0.6230851178
0.6225059077
0.6216545786
0.6203821303
0.6211961958
0.6211961958
0.6211922208
0.6246757492
0.6205643364
0.6177150086
0.6205745422
0.6205745422
0.6170520182
0.6155035291
0.6203098774
0.6221603182
0.6224420094
0.6224420094
0.6242550450
0.6235882855
0.6203442995
0.3647267821
0.3673677166
0.3673677166
0.3674263653
0.3676932301
0.3928619805
0.4282826105
0.4656036513
0.4656036513
0.4795053045
0.4898464496
0.4813145422
0.5015993943
0.5125717563
0.5125717563
0.5056217533
0.4958992315
0.4793778635
0.4602455117
0.4589423977
0.4589423977
0.4498834860
0.4651438976
0.4841356146
0.4943242819
0.5018144087
0.5018144087
0.5009863245
0.4971378379
0.4864044139
0.4780505016
0.4793650550
0.4793650550
0.4927770599
0.5064898269
0.5195277019
0.5259522085
0.5239446611
0.5239446611
0.5200179891
0.5199129615
0.5236311001
0.5281537620
0.5300310139
0.5300310139
0.4408555030
0.4410225820
0.4411150979
0.4410975718
