0.2099735517
0.2099733909
0.2099824081
0.2376770837
0.2676261952
0.2265451334
0.2118009653
0.2116431389
0.2120036860
0.2111900569
0.2114816360
0.2115231575
0.2103550196
0.2125931691
0.2756265764
0.2218483923
0.2336275607
0.2283034661
0.3522703041
0.3798997800
0.5547851852
0.3337771766
0.3317330735
0.5484325596
0.4808513434
0.3720140957
0.4136241153
0.4763098718
0.4275952034
0.3845861678
0.3965509459
0.3376041943
0.3949660073
0.2919767306
0.3065201870
0.2863517751
0.0720973560
0.0712876695
0.0712342906
0.0693771481
0.0703101009
0.0700344949
0.0697105130
0.0690491288
0.0690927644
0.0687411597
0.0694662700
0.0689794132
0.0685662337
0.0689532862
0.0683155813
0.0681578183
0.0682871406
0.0680395254
0.0677694280
0.0681223548
0.0679549634
0.0674366949
0.0675156516
0.0666848973
0.0653161358
0.0651733285
0.0655342177
0.0652053255
0.0661131732
0.0660651977
0.0660128590
0.0660128590
0.0660536564
0.0647111545
0.0656195784
0.0654128808
0.0658703695
0.0659539271
0.0663485914
0.0664808651
0.0668100454
0.0668418428
0.0670655437
0.0676447557
0.0675472128
0.0680132873
0.0686866214
0.0689262231
0.0692457749
0.0707050615
0.0712262260
0.0722622820
0.0732652436
0.0731441330
0.0750612856
0.0757502640
0.0773725680
0.0790333766
0.0812485312
0.0806537596
0.0825059188
0.0844135484
0.0866530091
0.0882117870
0.0916888078
0.0919816804
0.0960478322
0.0947540869
0.0978358938
0.0960805985
0.0942814369
0.0942522605
0.0962867533
0.0938241738
0.0935433782
0.0942057339
0.0922128816
0.0924328715
0.0946754131
0.0933045345
0.0973320763
0.0945427606
0.0938764942
0.0937248099
0.0920298333
0.0926103038
0.0940849393
0.0911182572
0.0925059523
0.0929927054
0.0906202061
0.0917298729
0.0935961833
0.0916858269
0.0924048020
0.0929587151
0.0942538905
0.0942413374
0.0933918416
0.0944717652
0.0958750867
0.0963043112
0.0936061254
0.0945997863
0.0946055335
0.0939700055
0.0944855905
0.0938361476
0.0891859886
0.0876944549
0.0860811420
0.0886488131
0.0912963301
0.0932787398
0.0963922695
0.0967667538
0.0982216887
0.1004365835
0.1025363326
0.1043294001
0.1068829127
0.1089409206
0.1103159166
0.1116181154
0.1105072581
0.1108247772
0.1122427467
0.1136062884
0.1145254460
0.1142115489
0.1156467870
0.1158521883
0.1167289478
0.1170878291
0.1130333011
0.1133038759
0.1529310333
0.1818475688
0.1535737666
0.1142045255
0.1281396398
0.1542723925
0.1751631391
0.1831869305
0.1793878123
0.1685685719
0.1532926268
0.1318986986
0.1223036894
0.1140806918
0.1741979628
0.1752176686
0.1767388622
0.1778323583
0.1795078283
0.1808177848
0.1813570258
0.1830875051
0.1806767853
0.1807493978
0.1809447145
0.1811839005
0.1813847178
0.1817123130
0.1824782159
0.1824034027
0.1831035970
0.1835925663
0.1833726644
0.1838817811
0.1841338535
0.1824741277
0.1819027995
0.1820520342
0.1827791694
0.1828475153
0.1834380006
0.1867431153
0.1955496572
0.2049756328
0.2155921479
0.2272802447
0.2510614625
0.2859304666
0.2939626862
0.2972978361
0.2995655043
0.2981606629
0.2994799468
0.2994707828
0.2983297978
0.2978343041
0.2965168957
0.2951716821
0.2937621713
0.2901815611
0.2779474320
0.2668062496
0.2581334622
0.2507466782
0.2425753916
0.2345143034
0.2279702089
0.2207185460
0.2181656708
0.2181149522
0.2190393949
0.2193575075
0.2196696857
0.2204859655
0.2210870064
0.2238966117
0.2257021913
0.2285534263
0.2302119353
0.2305825968
0.2302109503
0.2303820076
0.2308161585
0.2304109550
0.2300280740
0.2313941278
0.2284991226
0.2285620356
0.2285003659
0.2282848800
0.2278610415
0.2278853097
0.2281540502
0.2285902530
0.2288204121
0.2289578848
0.2303106097
0.2303369810
0.2306592488
0.2315884125
0.2317123126
0.2324452463
0.2322341293
0.2334963468
0.2335971245
0.2328350190
0.2317125984
0.2321540638
0.2328931589
0.2324631246
0.2322172164
0.2322055211
0.2321030562
0.2331748737
0.2363540516
0.2397780760
0.2411401770
0.2411829799
0.2401847718
0.2403922152
0.2408490708
0.2407279380
0.2396104587
0.2379142546
0.2378519698
0.2394719141
0.2417155379
0.2389925764
0.2368069352
0.2381313359
0.2396628255
0.2403289914
0.2401916695
0.2401906342
0.2403415021
0.2410608009
0.2409025057
0.2416331024
0.2406313531
0.2364793239
0.2348187833
0.2347796694
0.2347482647
0.2347638461
0.2348668156
0.2349282912
0.2351689302
0.2352574117
0.2357734672
0.2362948129
0.2437860525
0.2712564554
0.3187120664
0.2698892693
0.2431342174
0.2432588633
0.2441913732
0.2434989843
0.2441768782
0.2441752540
0.2436494095
0.2465538236
0.3107782244
0.2576434211
0.2646096953
0.2654650098
0.3269669296
0.3605399247
0.5055962610
0.3157180092
0.3219480665
0.5433836749
0.4863258109
0.3698431713
0.4201708682
0.4416130224
0.3882416256
0.3624874876
0.3658185760
0.2876230620
0.3673198785
0.2744664489
0.2965138188
0.2749510590
0.2470184784
0.2460422768
0.2459773884
0.2438799332
0.2449828706
0.2446173438
0.2441691826
0.2433891350
0.2434448203
0.2427787008
0.2433923926
0.2430570827
0.2427785628
0.2462843914
0.2586660456
0.2678533821
0.2638623355
0.2593949679
0.2524590737
0.2457051210
0.2515600669
0.2564857456
0.2625038637
0.2671368314
0.2702320884
0.2417909584
0.2321206514
0.2318705449
0.2330054244
0.2356891868
0.2383580298
0.2363939371
0.2344573932
0.2341661353
0.2326531185
0.2327856459
0.2321669965
0.2323585765
0.2363736102
0.2414823226
0.2386596158
0.2362690852
0.2426583056
0.2362805887
0.2396335832
0.2435907379
0.2438888355
0.2432319615
0.2438800451
0.2438424488
0.2442000983
0.2442125302
0.2438877537
0.2449895423
0.2452183807
0.2455148880
0.2463637603
0.2467855797
0.2457183561
0.2457652680
0.2455375509
0.2451730437
0.2439911841
0.2433596589
0.2435534194
0.2440615752
0.2446814832
0.2446260970
0.2448723642
0.2444261101
0.2441022236
0.2445535285
0.2451939725
0.2457931221
0.2455638693
0.2453582597
0.2454162388
0.2462874045
0.2469930954
0.2480480192
0.2472447762
0.2467834225
0.2469173966
0.2470280109
0.2471877053
0.2470719530
0.2475405406
0.2472163101
0.2473797919
0.2478494881
0.2479670558
0.2482488801
0.2487112337
0.2483986989
0.2476993993
0.2478378894
0.2483047348
0.2482846757
0.2482039202
0.2482172225
0.2483166757
0.2490379646
0.2492554362
0.2497494942
0.2500264861
0.2501773181
0.2500636745
0.2504622968
0.2505972826
0.2507684070
0.2510042958
0.2511337595
0.2514002728
0.2517260549
0.2521651400
0.2525131825
0.2522542486
0.2521345584
0.2521748431
0.2530405886
0.2537530048
0.2526678357
0.2528833052
0.2529444495
0.2529582400
0.2534791586
0.2540340523
0.2546078363
0.2550989373
0.2551737201
0.2554274380
0.2556578667
0.2555069668
0.2557231894
0.2559826393
0.2559561495
0.2563100176
0.2555386220
0.2559187343
0.2556581767
0.2559847954
0.2558488184
0.2561231915
0.2569039839
0.2577359697
0.2580757355
0.2582236663
0.2580846426
0.2589249937
0.2602555702
0.2615888431
0.2630026859
0.2632553202
0.2630927003
0.2634247203
0.2634616258
0.2635256096
0.2631350248
0.2632972975
0.2632704232
0.2637271299
0.2641719712
0.2644405446
0.2643701410
0.2641572150
0.2641362344
0.2643480066
0.2656886369
0.2658256184
0.2658655417
0.2659439168
0.2658737621
0.2661846362
0.2664951845
0.2676688716
0.2688382000
0.2694429283
0.2695537286
0.2704668196
0.2714496008
0.2724314552
0.2738500412
0.2746722689
0.2747026389
0.2756829211
0.2765976341
0.2773604093
0.2775507433
0.2773400350
0.2772498693
0.2776919607
0.2782183723
0.2790560522
0.2789090709
0.2782244127
0.2776484877
0.2776013838
0.2782770551
0.2787540085
0.2794285762
0.2800464115
0.2800605154
0.2800847575
0.2803033752
0.2803348134
0.2803001948
0.2807814008
0.2813771488
0.2813635263
0.2818594649
0.2822528625
0.2826676577
0.2829662359
0.2829678550
0.2829842634
0.2838125606
0.2849009270
0.2851227866
0.2850913907
0.2850431781
0.2850049410
0.2850166910
0.2848307701
0.2841473391
0.2823744258
0.2799717054
0.2798702572
0.2787778049
0.2780193016
0.2778055269
0.2781289698
0.2787085041
0.2786991322
0.2791979421
0.2797059022
0.2802929448
0.2809810983
0.2810611407
0.2810195305
0.2814945075
0.2824282810
0.2831855205
0.2838757033
0.2836318287
0.2836392473
0.2838133037
0.2846712863
0.2854081870
0.2858829432
0.2863280249
0.2863157601
0.2871008829
0.2876149206
0.2881001487
0.2891389154
0.2904957122
0.2904534171
0.2918869273
0.2929647026
0.2941655983
0.2953563844
0.2965180708
0.2965685317
0.2981550606
0.2999625917
0.3006251617
0.3002335172
0.2996687600
0.2996011500
0.2990598531
0.2992339263
0.2998157146
0.2995953110
0.0994714215
0.0994781352
0.0997767465
0.1002769958
0.1010188215
0.1013595322
0.1025817887
0.1025930354
0.1036955345
0.1044743187
0.1047545078
0.1049758480
0.1050779993
0.1050817940
0.1051451553
0.1051053871
0.1049738462
0.1049013974
0.1052477455
0.1052599207
0.1054160990
0.1056412382
0.1057145992
0.1056096784
0.1057528122
0.1057647032
0.1061313090
0.1065151408
0.1069766373
0.1075218642
0.1080194329
0.1080135943
0.1084369365
0.1088110915
0.1088941806
0.1090375404
0.1088261023
0.1088461912
0.1088445360
0.1089743382
0.1091701873
0.1093433564
0.1098261857
0.1098265191
0.1098516359
0.1099327734
0.1102169490
0.1105668913
0.1108527500
0.1108763486
0.1112253793
0.1118254379
0.1127398900
0.1134602828
0.1142194687
0.1142232376
0.1146216416
0.1153564065
0.1159102129
0.1163489785
0.1167541416
0.1167449903
0.1172080370
0.1177608964
0.1185136551
0.1191093966
0.1191150566
0.1191292758
0.1194546977
0.1200397516
0.1207500760
0.1212095068
0.1218483290
0.1218711652
0.1225857259
0.1230513069
0.1236804588
0.1238228287
0.1236436377
0.1237982105
0.1238308203
0.1238923138
0.1241495091
0.1245990275
0.1249880687
0.1252185659
0.1252040481
0.1255235386
0.1259740855
0.1262522483
0.1266325227
0.1273042853
0.1273518190
0.1279631652
0.1285616198
0.1294127190
0.1305640638
0.1314013782
0.1313951710
0.1324907131
0.1332178452
0.1341812347
0.1354816929
0.1365621220
0.1365871417
0.1376986188
0.1390219165
0.1401640954
0.1412161825
0.1421615847
0.1421486521
0.1427133603
0.1435049971
0.1446502584
0.1455209397
0.1464663945
0.1464829924
0.1473442060
0.1482827401
0.1492913069
0.1503909480
0.1512890330
0.1512842718
0.1524972350
0.1534355332
0.1545228794
0.1555922782
0.1565613508
0.1565914603
0.1575690548
0.1586563302
0.1596256747
0.1606645445
0.1614194668
0.1614009869
0.1623988341
0.1634007783
0.1643047143
0.1652710022
0.1664617953
0.1664961804
0.1675274229
0.1685958918
0.1692393149
0.1703288400
0.1714598649
0.1713670797
0.1723343706
0.1732973351
0.1742723539
0.1753647711
0.1765673243
0.1766214298
0.1778861351
0.1791425372
0.1801361432
0.1807727625
0.1817164257
0.1817272679
0.1828651260
0.1840406798
0.1849844979
0.1861665077
0.1872007529
0.1872569410
0.1883098101
0.1895000875
0.1903728537
0.1913260588
0.1924926238
0.1924823979
0.1934732298
0.1943064973
0.1951428490
0.1962058663
0.1969504522
0.1969408277
0.1977473212
0.1984318843
0.1993016365
0.1999951804
0.2010623543
0.2010288957
0.2024621128
0.2040321297
0.2054418250
0.2068005501
0.2075452581
0.2073340788
0.2083889990
0.2098021217
0.2113799743
0.2128293901
0.2142885543
0.2143159788
0.2155144678
0.2168961042
0.2183745052
0.2198040416
0.2208481438
0.2207479009
0.2218677380
0.2228885262
0.2240016820
0.2249759696
0.2262876317
0.2262804939
0.2277467872
0.2289929596
0.2300815214
0.2308949086
0.2315344552
0.2312204767
0.2320306678
0.2328451628
0.2337097455
0.2346665406
0.2355933482
0.2355804435
0.2366472486
0.2377909122
0.2388375878
0.2394866007
0.2406501179
0.2406443611
0.2418085681
0.2429274503
0.2441707335
0.2453991309
0.2467074910
0.2467382887
0.2480797269
0.2493492927
0.2507061054
0.2518736698
0.2531087145
0.2530864287
0.2543367348
0.2555256582
0.2565922963
0.2577072567
0.2298925543
0.2330158494
0.2330633328
0.2371759989
0.2417400713
0.2457768805
0.2496659829
0.2544790101
0.2546308420
0.2602088006
0.2655883302
0.2708019606
0.2767024736
0.2819083234
0.2819389382
0.2893559441
0.2964646094
0.3044850237
0.3110206655
0.3195862471
0.3196008806
0.3277559802
0.3371379616
0.3471534826
0.3567986661
0.3653953343
0.3653680171
0.3660599779
0.3544606329
0.3333684345
0.2974567423
0.2763210069
0.2761500577
0.2685571203
0.2654377274
0.2649036673
0.2652179645
0.2649304600
0.2647789908
0.2654143209
0.2660601418
0.2664251654
0.2636948961
0.2622290922
0.2622181421
0.2650251128
0.2678473809
0.2717774610
0.2762055963
0.2810102096
0.2810609417
0.2860258902
0.2908565001
0.2956078628
0.2984292576
0.3041776892
0.3042566058
0.3090511060
0.3165347680
0.3206134331
0.3262586564
0.3347962470
0.3348486555
0.3445823024
0.3525158045
0.3575121655
0.3570152698
0.3456541328
0.3456299599
0.3250167127
0.2856095031
0.2663395243
0.2575464360
0.2560836424
0.2560056233
0.2556431649
0.2587623187
0.2632292001
0.2658680806
0.2681886196
0.2680170822
0.2689413182
0.2671307703
0.2703160655
0.2734387634
0.2769518396
0.2769442864
0.2819545529
0.2821162884
0.2807071273
0.2727725358
0.2621857393
0.2622287594
0.2546113994
0.2591196233
0.2620405388
0.2638139179
0.2687510742
0.2688346764
0.2772168297
0.2851590261
0.2923626171
0.3010338938
0.3085384260
0.3085357350
0.3116999307
0.3063088024
0.2956969635
0.2635217121
0.2262439208
0.2261691528
0.2129382779
0.2076209992
0.2071225516
0.2049725699
0.2080298292
0.2079864123
0.2093122279
0.2102797423
0.2144652193
0.2151945034
0.2051251455
0.2051550053
0.2005683950
0.1937739151
0.1889724046
0.1867884399
0.1854951072
0.1855291428
0.1841513846
0.1818623305
0.1795777792
0.1777832606
0.1761750822
0.1761813808
0.1747390659
0.1730372145
0.1727534413
0.1803542668
0.1898229406
0.1898527525
0.1993023114
0.2084374250
0.2172405728
0.2211628093
0.2216985871
0.2217039454
0.2181006061
0.2115594555
0.2064197863
0.2047915184
0.2036750068
0.2036719434
0.2027769928
0.2043806777
0.2083007425
0.2126200540
0.2178504030
0.2226992200
0.2227974991
0.2292771584
0.2332132013
0.2372226658
0.2420129253
0.2459461783
0.2459843463
0.2484962380
0.2514996382
0.2543516231
0.2572841423
0.2602622063
0.2602822416
0.2633786931
0.2657597533
0.2678321644
0.2705711749
0.2728734342
0.2728908790
0.2749654170
0.2774002485
0.2799697102
0.2824379156
0.2856912010
0.2856846869
0.2895526799
0.2928034690
0.2963972122
0.2983875586
0.2976200266
0.2976365599
0.2937658003
0.2882931677
0.2813871343
0.2743968605
0.2683676565
0.2683856540
0.2620691705
0.2560039786
0.2484055322
0.2384339972
0.2269729264
0.2269312441
0.2269312441
0.2205489020
0.2214370809
0.2325315457
0.2482174872
0.2660313662
0.2662242559
0.2843870263
0.2935688474
0.2993925554
0.3041175832
0.1528527487
0.1528724731
0.1524788428
0.1520659016
0.1532476043
0.1524866839
0.1525789378
0.1526556984
0.1538623643
0.1529561260
0.1532826179
0.1531170971
0.1535139778
0.1535241408
0.1545988435
0.1533767527
0.1531503525
0.1539617957
0.1530158079
0.1530198606
0.1529165135
0.1522767462
0.1515665917
0.1525521905
0.1517079379
0.1517212540
0.1519517492
0.1530678115
0.1527206670
0.1533294952
0.1556206476
0.1556218561
0.1547943683
0.1564940855
0.1560014060
0.1566793481
0.1540138077
0.1540197107
0.1528534843
0.1527376726
0.1511196975
0.1502238851
0.1497142168
0.1497342730
0.1490469411
0.1485000221
0.1469954026
0.1456519798
0.1456007465
0.1455943760
0.1447034406
0.1474574895
0.1447735691
0.1444160127
0.1428099154
0.1427504772
0.1436083401
0.1434007859
0.1429821006
0.1430559280
0.1426710185
0.1426794360
0.1435377177
0.1439905216
0.1427332658
0.1436674478
0.1440975879
0.1441217900
0.1434416950
0.1436804027
0.1433698100
0.1435610411
0.1447336596
0.1447270906
0.1437553590
0.1436859272
0.1436383448
0.1440104965
0.1443171940
0.1443597787
0.1442588501
0.1442130882
0.1443767144
0.1443845278
0.1445185607
0.1445141005
0.1442201611
0.1441986849
0.1444379805
0.3091699472
0.3006203237
0.3007072542
0.2906686791
0.2842528930
0.2784033594
0.2738437552
0.2751254071
0.2752333520
0.2737683914
0.2712490730
0.2727332187
0.2742697629
0.2724110627
0.2723954364
0.2632824275
0.2547435919
0.2511116961
0.2491502554
0.2501954338
0.2488410583
0.2488266718
0.2480066083
0.2501651539
0.2517424283
0.2566911836
0.2606763185
0.2607073726
0.2631155000
0.2696151691
0.2753212381
0.2774295013
0.2765191603
0.2765983406
0.2835389907
0.2893375738
0.2876343636
0.2814922984
0.2820885231
0.2820677968
0.2843103823
0.2802758484
0.2774927609
0.2778389669
0.2759760090
0.2759430324
0.2766441773
0.2820924777
0.2849654321
0.2863443694
0.2857937873
0.2857315973
0.2868736793
0.2843774183
0.2798618188
0.2827423982
0.2831804689
0.2832239448
0.2775455578
0.2688044245
0.2658241738
0.2589128087
0.2531111052
0.2531239626
0.2247715425
0.2082931059
0.2049495075
0.1902788326
0.1999632787
0.1999292130
0.2041317027
0.2210926380
0.2419204886
0.2434026316
0.2408561891
0.2406904180
0.2516897978
0.1832945446
0.1845643098
0.1872446481
0.1871748050
0.1871557235
0.1868610959
0.1881198580
0.1901853189
0.1924284836
0.1951857884
0.1952304903
0.1988450062
0.2028459792
0.2056121055
0.2072381918
0.2091059409
0.2090980532
0.2084334815
0.2075044509
0.2067228786
0.2068348725
0.2060211709
0.2060198681
0.2036988628
0.2020254041
0.2005499434
0.1994472013
0.1985779907
0.1985865399
0.1993907774
0.2003384887
0.2026451776
0.2053580841
0.2069563556
0.2070335134
0.2079951009
0.2080111626
0.2085362909
0.2087046871
0.2072500901
0.2072125954
0.2057930020
0.2045856596
0.2036193634
0.2015660897
0.1990734408
0.1990394795
0.1964222846
0.1942912319
0.1928929489
0.1905977003
0.1882116860
0.1882216483
0.1869094909
0.1856060211
0.1848867419
0.1837948484
0.1829907218
0.1829612720
0.1800550235
0.1777728347
0.1753842716
0.1728556749
0.1709998345
0.1709574827
0.1696546330
0.1703889141
0.1704652804
0.1691540269
0.1676585195
0.1677656436
0.1672552698
0.1657933806
0.1658169330
0.1656447947
0.1643376667
0.1643980772
0.1620552979
0.1575498208
0.1534071984
0.1505200405
0.1474543419
0.1473011474
0.1443898814
0.1423993745
0.1400932528
0.1378451849
0.1359624957
0.1359479731
0.1344381314
0.1340704019
0.1342786188
0.1364766384
0.1389027953
0.1391414489
0.1411972560
0.1429074944
0.1460960201
0.1489999972
0.1502345318
0.1521626365
0.1522138459
0.1550518749
0.1578095184
0.1555862233
0.1541466877
0.1533942855
0.1533667743
0.1521572579
0.1500535636
0.2532128669
0.2581540309
0.2734967205
0.2736458767
0.2762789448
0.2974596660
0.3150046782
0.3398736173
0.3341103057
0.3341335219
0.3411062081
0.3420893551
0.3338028879
0.3326843744
0.3672744935
0.3673519019
0.3487664557
0.3244651141
0.3123978507
0.2970494645
0.2990996786
0.2990871760
0.2781850283
0.2719893340
0.2692399444
0.2699150155
0.2687386173
0.2687533042
0.2677475367
0.2670820859
0.2670091210
0.2678456356
0.2685681717
0.2685663373
0.2714575864
0.2740732856
0.2741845787
0.2734052453
0.2724424691
0.2724252644
0.2721473673
0.2722232448
0.2720012486
0.2725762373
0.2704004568
0.2704034937
0.2683102101
0.2659384975
0.2589529681
0.2572188791
0.2625664711
0.2630560499
0.2716012448
0.2899526021
0.3060937120
0.3111362644
0.3068895460
0.3068134498
0.3246640464
0.3288596002
0.3445498420
0.3370201748
0.3146262850
0.3145846969
0.2998671846
0.2764679624
0.2710320741
0.2637854841
0.2602195339
0.2601439231
0.2545825485
0.2526600164
0.2509145673
0.2499868107
0.2466644598
0.2466693706
0.2475515199
0.2512467697
0.2552230662
0.2574537579
0.2571724372
0.2572513486
0.2590204838
0.2593850862
0.2593177248
0.2617497814
0.2683566752
0.2683825044
0.2720891347
0.2732228525
0.2744213471
0.2755336210
0.2769722805
0.2769917526
0.2739666717
0.2681911452
0.2610124258
0.2631938176
0.2737735505
0.2738386554
0.2761418222
0.2753640112
0.2712383843
0.2657611409
0.2674302458
0.2674367885
0.2725660930
0.2746502490
0.2732243560
0.2743606195
0.2893630318
0.2894477335
0.2942289446
0.2854782318
0.2861306491
0.2828341554
0.1207021188
0.1206878182
0.1449126364
0.1396079702
0.1257479549
0.1290388751
0.1302077225
0.1302537496
0.1279742146
0.1239332759
0.1130918724
0.1081781950
0.1075024601
0.1076420853
0.1038206715
0.1006989864
0.1045436665
0.1122728959
0.1182304349
0.1183077002
0.1246562707
0.1272802414
0.1276131175
0.1270759727
0.1185999339
0.1185225263
0.1257553804
0.1335960451
0.1490395615
0.1811842986
0.1466885442
0.1466849012
0.1668643095
0.1947728209
0.1876539250
0.1742541853
0.1372766869
0.1462699408
0.1462212200
0.1561160911
0.1696010064
0.1881925564
0.1812326448
0.1547641228
0.1546981753
0.1563021992
0.1479308928
0.1525845676
0.1601300727
0.1675292666
0.1674444994
0.1762669187
0.1883487834
0.1874153869
0.2070766057
0.2353903271
0.2354327010
0.2568733648
0.2242850723
0.2150837650
0.2179689540
0.2443284354
0.2443201589
0.2306092585
0.2427031349
0.2253900518
0.2418774136
0.2200133291
0.2199980710
0.2203691717
0.2408282536
0.2512022804
0.2146737312
0.2088206742
0.2086998662
0.2042398773
0.2044899445
0.2094788544
0.2195439268
0.2318084014
0.2317931685
0.2556582458
0.2759399310
0.2538602988
0.2564810398
0.2353079920
0.2352522488
0.2411430438
0.2327720990
0.2336625347
0.2304493932
0.2181358776
0.2181414929
0.2189499866
0.2256741924
0.2345879891
0.2416165606
0.2499743518
0.2500552265
0.2621224613
0.2668613036
0.2516215626
0.2491178371
0.2549261468
0.2549411879
0.2610738073
0.2756488162
0.2997663600
0.3043909697
0.2691497773
0.2691654188
0.2612048288
0.2737701500
0.2847698840
0.2678266268
0.2616531455
0.2616817498
0.2579633144
0.2565230144
0.2540543820
0.2572713808
0.1340664988
0.1341085268
0.1346923017
0.1345745944
0.1349216802
0.1343384038
0.1325692175
0.1326123610
0.1310440129
0.1308832266
0.1317413042
0.1310471269
0.1304211222
0.1303807123
0.1296492931
0.1292339838
0.1294631186
0.1300146557
0.1313911107
0.1313982542
0.1314433204
0.1312776552
0.1316134118
0.1325989593
0.1323924510
0.1323968445
0.1312742246
0.1309230735
0.1299082060
0.1293752157
0.1300136812
0.1300884065
0.1315159546
0.1322684157
0.1303281245
0.1299844079
0.1318469410
0.1318718600
0.1313673021
0.1306174410
0.1276218291
0.1275823012
0.1269898357
0.1269855042
0.1261928238
0.1267315642
0.1253189799
0.1250458948
0.1264405711
0.1264651919
0.1269578308
0.1266626827
0.1240369221
0.1234814405
0.1258926199
0.1259311503
0.1307264460
0.1330942558
0.1318931981
0.1302304259
0.1270439973
0.1270704129
0.1270598038
0.1289358518
0.1412180224
0.1494626016
0.1574116731
0.1574069992
0.1545685326
0.1505735897
0.1440019192
0.1430501749
0.1442739022
0.1463901433
0.1463838577
0.1476494724
0.1516363499
0.1518297721
0.1456564704
0.1419232293
0.1419593950
0.1393972051
0.1379549512
0.1379793667
0.1381003475
0.1378554913
0.1378103211
0.1360918254
0.1326750132
0.1327169697
0.1336911006
0.1343866419
0.1344128098
0.1345406757
0.1343417476
0.1347083409
0.1379234521
0.1397126839
0.1397210620
0.1418351926
0.1438815811
0.1426308202
0.1410957052
0.1416394344
0.1416827325
0.1425708296
0.1441638392
0.1449473969
0.1434645242
0.1428687523
0.1429684298
0.1431665209
0.1446214024
0.1451169025
0.1459324408
0.1463484523
0.1465174250
0.1458485054
0.1459951697
0.1470848539
0.1461135644
0.1466856699
0.1467306168
0.1469373434
0.1466825575
0.1460616310
0.1456903804
0.1456905168
0.1457811970
0.1442457883
0.1407161271
0.1401289718
0.1383643320
0.1376138270
0.1376372249
0.1372551897
0.1390136661
0.1392524942
0.1395543584
0.1391677235
0.1391601774
0.1143686405
0.1140346751
0.1146309339
0.1123441369
0.1126521812
0.1125797840
0.1136238510
0.1139677377
0.1141119187
0.1145762320
0.1151909011
0.1152158370
0.1129667098
0.1136296830
0.1140894769
0.1150681885
0.1158710249
0.1157749388
0.1170691609
0.1176129527
0.1157530806
0.1156971423
0.1163334116
0.1163527749
0.1166932848
0.1164175359
0.1169384781
0.1173259342
0.1160955528
0.1160272108
0.1153209524
0.1153854447
0.1157373908
0.1157611877
0.1159619359
0.1159510882
0.1169634118
0.1150114841
0.1142939556
0.1146681024
0.1154215187
0.1153909297
0.1162033666
0.1165446245
0.1173322082
0.1176712726
0.1163590164
0.1164084458
0.1171572885
0.1184120356
0.1193965708
0.1205775437
0.1215499369
0.1215413773
0.1215442151
0.1210563854
0.1209362834
0.1218395646
0.1218349579
0.1218232928
0.1192874023
0.1160074789
0.1121777831
