0.1514598049
0.1514598049
0.1514598049
0.1514598049
0.1514598049
0.1514598049
0.1514598049
0.1514598049
0.1514598049
0.1514598049
0.1514598049
0.1514598049
0.1514598049
0.1514598049
0.1514598049
0.1514598049
0.1514598049
0.1514598049
0.1514598049
0.1514598049
0.1514598049
0.1514598049
0.1514598049
0.1514598049
0.1514598049
0.1520071176
0.1524357705
0.1532663470
0.1538013808
0.1539184977
0.1544723746
0.1544654558
0.1544055924
0.1548607440
0.1553397271
0.1556093128
0.1560364085
0.1561693228
0.1562319780
0.1560633793
0.1558548455
0.1557347374
0.1556539346
0.1556051700
0.1556000171
0.1553160902
0.1551156029
0.1549347274
0.1542548041
0.1535854836
0.1532481192
0.1523324234
0.1519114428
0.1517587590
0.1515170373
0.1514927128
0.1515429056
0.1521212768
0.1526661562
0.1529237498
0.1533415675
0.1533937183
0.1533347595
0.1531320776
0.1532979477
0.1534208597
0.1536284513
0.1537530828
0.1536716768
0.1531445159
0.1526675680
0.1524451531
0.1521271845
0.1520051528
0.1519975623
0.1520781531
0.1523115642
0.1524358010
0.1527985870
0.1524278113
0.1521862524
0.1516086849
0.1513429002
0.1512487819
0.1511869328
0.1512962078
0.1513179890
0.1515669728
0.1516794367
0.1516957429
0.1514147910
0.1510554876
0.1509607193
0.1507059995
0.1507211753
0.1508072072
0.1511249468
0.1507349065
0.1504855210
0.1495768549
0.1487917106
0.1485992425
0.1481037318
0.1480144919
0.1479726830
0.1482020779
0.1485043784
0.1487127746
0.1491090236
0.1492943689
0.1493560744
0.1495874009
0.1497026026
0.1497172555
0.1498598249
0.1498393029
0.1498231010
0.1493324742
0.1489029646
0.1486525155
0.1478686681
0.1474120931
0.1472241922
0.1471670447
0.1473302753
0.1475204872
0.1482179584
0.1487650183
0.1489789915
0.1497241602
0.1502719608
0.1505649946
0.1511919462
0.1515151642
0.1515799910
0.1514614998
0.1513309208
0.1512613255
0.1506897321
0.1501665316
0.1498502355
0.1487172615
0.1483459173
0.1482225744
0.1479660848
0.1479238722
0.1479491870
0.1481393806
0.1482748350
0.1483993142
0.1485075392
0.1486286359
0.1485958165
0.1489048925
0.1491622002
0.1493248112
0.1495084347
0.1496563751
0.1496798839
0.1494449089
0.1493731839
0.1493489703
0.1493943600
0.1496143976
0.1497507107
0.1500835417
0.1502841882
0.1503903604
0.1507225639
0.1507775841
0.1508052217
0.1506963108
0.1506392209
0.1505990790
0.1503427521
0.1500291200
0.1497432691
0.1491765898
0.1489460410
0.1485371706
0.1491687253
0.1502786056
0.1552291592
0.1721304544
0.1803493277
0.1989341906
0.2232772699
0.2234107816
0.2188299831
0.2015636500
0.1961326892
0.1916308776
0.2016962450
0.2056481877
0.2129835152
0.2244201790
0.2278123694
0.2325758190
0.2278163458
0.2266101654
0.2243754265
0.2214468236
0.2206455960
0.2193538615
0.2178736110
0.2174057654
0.2163507000
0.2145353021
0.2139081866
0.2127402945
0.2107907248
0.2101196486
0.2086856563
0.2064896981
0.2057853215
0.2043015728
0.2018184790
0.2010390236
0.1993486029
0.1967097103
0.1958442217
0.1940356277
0.1911720356
0.1902697481
0.1886153871
0.1857954935
0.1848431454
0.1830657266
0.1805809760
0.1797717921
0.1779387163
0.1753055503
0.1743560746
0.1725889206
0.1697399231
0.1686594080
0.1667622189
0.1635324353
0.1624292100
0.1601414991
0.1564526787
0.1551182166
0.1524186126
0.1480798601
0.1465761579
0.1434546200
0.1400074681
0.1412097993
0.1467574342
0.1607171611
0.1662354813
0.1801413969
0.2026540751
0.2090217254
0.2178232883
0.2272599503
0.2307542436
0.2391196314
0.2529708782
0.2571287457
0.2635752030
0.2690923406
0.2696205499
0.2706641832
0.2758239385
0.2781135513
0.2824531622
0.2867391198
0.2887900779
0.2908402815
0.2948065991
0.2968047095
0.3023046590
0.3111806369
0.3151173251
0.3214622229
0.3310727900
0.3349397455
0.3436527429
0.3574801062
0.3620390371
0.3702544464
0.3838030157
0.3885460445
0.3976324241
0.4118116726
0.4170989832
0.4264826946
0.4387489113
0.4416943192
0.4462092938
0.4494909881
0.4500032210
0.4514481372
0.4555586154
0.4566988818
0.4572013609
0.4567319551
0.4577225084
0.4611038869
0.4682335714
0.4705084221
0.4746858223
0.4778231323
0.4790868499
0.4819898693
0.4835838142
0.4841222887
0.4847411256
0.4872110896
0.4892567290
0.4959908674
0.5049030989
0.5071109547
0.5105987701
0.5161536217
0.5181037269
0.5228085328
0.5283909628
0.5293569364
0.5294614642
0.5290537782
0.5286735195
0.5304622788
0.5350547586
0.5370396288
0.5415140002
0.5463027395
0.5475119613
0.5489825616
0.5514365705
0.5537837282
0.5576781628
0.5631139935
0.5675492803
0.5707441779
0.5741036297
0.5784234867
0.5839961928
0.5898510935
0.5935133690
0.5951069343
0.5978450101
0.6023431458
0.6086311672
0.6159535429
0.6216476999
0.6262432888
0.6288435268
0.6309495298
0.6310964330
0.6304451238
0.6306741720
0.6329158247
0.6352710941
0.6438754830
0.6491684429
0.6542450629
0.6575021206
0.6595162832
0.6600948563
0.6642267632
0.6696739350
0.6758620666
0.6828720412
0.6875674736
0.6921545273
0.6950974405
0.6987467709
0.7037237761
0.7058444872
0.7067654276
0.7067378394
0.7077312369
0.7104283275
0.7156010634
0.7237078502
0.7297270344
0.7349524713
0.7382670685
0.7404137825
0.7427547486
0.7461142524
0.7512293806
0.7553177480
0.7600865298
0.7628344934
0.7660499783
0.7688867970
0.7710251037
0.7737748974
0.7768380047
0.7814016334
0.7851452486
0.7900287824
0.7944931176
0.7978588710
0.8017372992
0.8044453465
0.8076198580
0.8100436314
0.8123236510
0.8149497984
0.8172707852
0.8204563796
0.8227005927
0.8246801905
0.8273634339
0.8294746381
0.8332420380
0.8360433966
0.8397253472
0.8417872896
0.8442546794
0.8469950206
0.8491840271
0.8520638378
0.8536720054
0.8553500105
0.8561117643
0.8572099727
0.8607171117
0.8670478178
0.8760611109
0.8842021542
0.8907229833
0.8949836677
0.8984996988
0.9018166604
0.9044561847
0.9085403326
0.9107639494
0.9132977795
0.9154552125
0.9185302357
0.9215612031
0.9235761161
0.9262206643
0.9285519097
0.9316729428
0.9346274518
0.9365018525
0.9393909185
0.9429853854
0.9507184713
0.9589426555
0.9680704508
0.9757854990
0.9799796287
0.9851324508
0.9888814599
0.9926803971
0.9937223386
1.0000000000
0.9763460410
0.8785437927
0.7179675678
0.5742378043
0.4680335592
0.3882955231
0.3282638452
0.2791206996
0.2385452285
0.2041554755
0.1727582027
0.1505589938
0.1280173819
0.1085094116
0.0942953059
0.0788575942
0.0680679823
0.0594055092
0.0530961041
0.0460616599
0.0426403898
0.0388460367
0.0360828532
0.0368090117
0.0390132752
0.0468455600
0.0663830974
0.0745321505
0.0881107934
0.0929216127
0.0927112378
0.0922883368
0.0918496324
0.0918471490
0.0923892434
0.0941908719
0.0951369736
0.0974783891
0.1010483342
0.1016643018
0.1020821405
0.1016879534
0.1013765522
0.1008711992
0.1001039285
0.0998609784
0.0993683007
0.0989364988
0.0988327049
0.0987006649
0.0984902711
0.0984753824
0.0984191312
0.0984253520
0.0984296897
0.0984671797
0.0985000020
0.0985212636
0.0985524141
0.0985834298
0.0985906194
0.0986178319
0.0987401434
0.0987683902
0.0988873830
0.0988997002
0.0989431338
0.0989702980
0.0991738243
0.0992679872
0.0994140370
0.0994708537
0.0994786741
0.0995553031
0.0998107772
0.0998511876
0.1000033280
0.1001085833
0.1001410872
0.1002443870
0.1005296741
0.1006120422
0.1006253126
0.1006491917
0.1006522018
0.1007006435
0.1008751414
0.1009341322
0.1010411179
0.1010403894
0.1010652583
0.1010750458
0.1012472059
0.1012624653
0.1016190083
0.1022041069
0.1023783055
0.1026789894
0.1030832362
0.1031424778
0.1032183345
0.1031863363
0.1031019631
0.1029398684
0.1025252277
0.1023593028
0.1019287175
0.1011936782
0.1009457159
0.1003568115
0.0992891858
0.0989342577
0.0980711305
0.0967838222
0.0962102374
0.0953145839
0.0936380736
0.0930619416
0.0918021869
0.0898302678
0.0891633707
0.0877139362
0.0854108486
0.0846515944
0.0830513878
0.0806164335
0.0797948902
0.0781508608
0.0755234235
0.0746476718
0.0725581046
0.0684652812
0.0668105539
0.0633427615
0.0579948344
0.0561391586
0.0522680181
0.0483070873
0.0474373362
0.0460447950
0.0611232152
0.0610538646
0.0614497560
0.0643797346
0.0661043596
0.0709607236
0.0821083964
0.0868036977
0.0979650275
0.1167970867
0.1233728095
0.1370641788
0.1549459378
0.1606476890
0.1711645149
0.1857276233
0.1900789068
0.1973452931
0.2048775938
0.2069022965
0.2093826758
0.2127051332
0.2137650383
0.2159152433
0.2189648772
0.2200128608
0.2220385674
0.2244890905
0.2252954049
0.2265431524
0.2287995997
0.2295574675
0.2312802243
0.2330230287
0.2335850668
0.2350236151
0.2368089082
0.2374633253
0.2384878572
0.2393431505
0.2397193338
0.2405036943
0.2410281352
0.2409749579
0.2413004157
0.2419022798
0.2420482380
0.2425326528
0.2429140721
0.2430413837
0.2432650906
0.2434658562
0.2433881494
0.2433797543
0.2432319379
0.2432880275
0.2432195136
0.2428946256
0.2427847723
0.2425753707
0.2419510520
0.2416806664
0.2409291690
0.2394914424
0.2390332590
0.2368701647
0.2323532013
0.2304268492
0.2261310043
0.2187276299
0.2155195979
0.2095570940
0.1954672473
0.1895277290
0.1750512033
0.1499771193
0.1421947044
0.1256215213
0.1046041705
0.0992719088
0.0885994463
0.0781131099
0.0761100571
0.0717034585
0.0678998543
0.0672343662
0.0652939757
0.0632006119
0.0626654873
0.0610882108
0.0589429500
0.0587342695
0.0577801820
0.0572505433
0.0572125980
0.0570082911
0.0566983283
0.0566439188
0.0563246255
0.0558988792
0.0557955094
0.0554922212
0.0549033133
0.0548291341
0.0544122586
0.0537880111
0.0536527074
0.0532871594
0.0526942169
0.0525227932
0.0520215207
0.0513415118
0.0511839636
0.0506769779
0.0499360992
0.0497051884
0.0492206569
0.0484752283
0.0483104164
0.0477863081
0.0470488273
0.0468160982
0.0463309840
0.0456269573
0.0454848917
0.0450192532
0.0444065593
0.0441281855
0.0437520051
0.0431097833
0.0429821579
0.0425869127
0.0421311605
0.0419225457
0.0415800973
0.0411536506
0.0410737051
0.0408246709
0.0404207068
0.0403295117
0.0400878222
0.0397974585
0.0397357540
0.0396162798
0.0393950901
0.0393064242
0.0391896918
0.0390806584
0.0390694678
0.0390614892
0.0389436173
0.0389359203
0.0389355422
0.0390033969
0.0390075387
0.0390184141
0.0390636002
0.0390729843
0.0390364301
0.0389992921
0.0389783273
0.0390075213
0.0390276638
0.0390295863
0.0390381063
0.0390626110
0.0390394821
0.0390391647
0.0390476686
0.0390596473
0.0390395584
0.0390521477
0.0390386245
0.0390522760
0.0390489089
0.0390547099
0.0390676539
0.0390825296
0.0390875890
0.0390901555
0.0391206127
0.0391356963
0.0392403301
0.0392531622
0.0392560424
0.0392810455
0.0392995352
0.0393062107
0.0392626011
0.0392309187
0.0392280079
0.0392154935
0.0392367309
0.0392376289
0.0392755114
0.0393615500
0.0393671271
0.0393720942
0.0391819999
0.0391974628
0.0392441464
0.0393082193
0.0393805309
0.0393951123
0.0393913143
0.0394184933
0.0394849702
0.0395300989
0.0395870582
0.0396082549
0.0396691754
0.0397173788
0.0397454201
0.0397508714
0.0397663925
0.0398050314
0.0398504195
0.0398763415
0.0399384361
0.0399639827
0.0400339683
0.0400256968
0.0400129367
0.0400114323
0.0400186793
0.0400584489
0.0400654425
0.0400748627
0.0400338702
0.0400282429
0.0400381999
0.0400524963
0.0400769938
0.0401454205
0.0401730280
0.0402025466
0.0402240722
0.0402559512
0.0403344300
0.0403438387
0.0403432120
0.0403887967
0.0404232433
0.0404871213
0.0405275849
0.0405304755
0.0405251897
0.0405360209
0.0405628035
0.0405570065
0.0405883627
0.0406591202
0.0406680632
0.0406776584
0.0406901396
0.0406944662
0.0406916790
0.0406953816
0.0407229803
0.0406919117
0.0406793149
0.0406474909
0.0406231343
0.0405921338
0.0405676079
0.0405046907
0.0405070947
0.0404598716
0.0404711315
0.0404839730
0.0405087934
0.0404428626
0.0404514705
0.0404492484
0.0404312910
0.0404474718
0.0404296904
0.0404131709
0.0403970265
0.0403829592
0.0403935475
0.0403614317
0.0403435784
0.0403377809
0.0403798867
0.0404051018
0.0405212612
0.0412284932
0.0429729417
0.0467889098
0.0542634349
0.0687491173
0.0974070185
0.1566464371
0.2826475141
0.4409851057
0.5289590517
0.5732809271
0.5936419303
0.5999758377
0.6023266577
0.6031303226
0.6031948403
0.6030070915
0.6028421147
0.6025956080
0.6023031680
0.6021024201
0.6018569499
0.6016067423
0.6013868822
0.6014117786
0.6015119744
0.6015511953
0.6016855254
0.6017095517
0.6016967354
0.6017619469
0.6018363918
0.6019773669
0.6021328860
0.6023167077
0.6024250313
0.6026046115
0.6027601225
0.6028393111
0.6028214146
0.6028813408
0.6031332252
0.6034474679
0.6035914510
0.6039079570
0.6041795980
0.6043577851
0.6044578892
0.6049025004
0.6053151362
0.6057855881
0.6063474588
0.6068264016
0.6072949692
0.6078127373
0.6082480083
0.6086045876
0.6088812073
0.6097534437
0.6102815628
0.6105797499
0.6115348581
0.6122388080
0.6126005101
0.6135311378
0.6141823377
0.6145091367
0.6155842822
0.6163175210
0.6166900181
0.6178854301
0.6183923755
0.6187733881
0.6196220022
0.6201726810
0.6204863945
0.6214096483
0.6220219633
0.6223945433
0.6233280248
0.6239137165
0.6242531547
0.6252512690
0.6258090780
0.6261077178
0.6272309854
0.6279744902
0.6283107635
0.6294796244
0.6302752447
0.6307634251
0.6318644080
0.6326946014
0.6331588215
0.6343765021
0.6350796956
0.6354306338
0.6364549821
0.6372004052
0.6375163523
0.6386141751
0.6393886517
0.6398574512
0.6414659633
0.6428876210
0.6437463674
0.6468773711
0.6497698842
0.6513087817
0.6564104784
0.6601761490
0.6620077032
0.6672605017
0.6706140724
0.6723544096
0.6778094716
0.6815872645
0.6834866644
0.6893322167
0.6933341682
0.6954773733
0.7017237628
0.7062468058
0.7084942495
0.7152359183
0.7195099594
0.7216518491
0.7276042703
0.7314242002
0.7331857266
0.7384266551
0.7417203311
0.7433159204
0.7476401907
0.7505446724
0.7519567738
0.7560017226
0.7582779174
0.7593822295
0.7623029858
0.7642146155
0.7651045561
0.7675864509
0.7688826928
0.7695363789
0.7711157468
0.7720972353
0.7725332988
0.7738610907
0.7747208861
0.7752873611
0.7771470867
0.7785627680
0.7792436822
0.7810413014
0.7819761540
0.7824618527
0.7837701983
0.7847332982
0.7851912764
0.7867141395
0.7876769656
0.7881822370
0.7896575090
0.7905577338
0.7909670709
0.7920876076
0.7928387717
0.7932351162
0.7944430064
0.7951958177
0.7955888579
0.7967729875
0.7975116754
0.7979309430
0.7989720718
0.7996405188
0.7999712651
0.8009990229
0.8016250677
0.8019691527
0.8030070771
0.8036716974
0.8039799414
0.8051065789
0.8058797188
0.8062963847
0.8074339720
0.8082238513
0.8086363528
0.8097972254
0.8106285587
0.8110622441
0.8123609375
0.8130389741
0.8133367189
0.8141765443
0.8147002174
0.8149918258
0.8158259084
0.8162887478
0.8164746346
0.8168569227
0.8169593485
0.8169987634
0.8169288615
0.8167718514
0.8166656383
0.8162151048
0.8160469131
0.8156955085
0.8149755223
0.8146798037
0.8139806696
0.8127157691
0.8122229014
0.8112536818
0.8096481591
0.8090950887
0.8078778861
0.8060988235
0.8054780676
0.8042115495
0.8023039278
0.8016910124
0.8003108012
0.7982328844
0.7975390853
0.7960893166
0.7935776255
0.7926396973
0.7906229375
0.7876518457
0.7866008344
0.7845580674
0.7824458052
0.7818425495
0.7805490629
0.7785494869
0.7778993211
0.7765647843
0.7745231282
0.7738272642
0.7724246648
0.7709770519
0.7706079686
0.7698815143
0.7687601943
0.7684197241
0.7676400253
0.7665391670
0.7661412463
0.7654268618
0.7642905854
0.7639312253
0.7633267637
0.7624830210
0.7622163547
0.7617655187
0.7610331853
0.7608109912
0.7603699314
0.7597518632
0.7595203733
0.7591048604
0.7583764529
0.7581315845
0.7576403993
0.7569779564
0.7567657156
0.7563836990
0.7558131159
0.7556524666
0.7552891773
0.7546594309
0.7544662334
0.7540300467
0.7532175756
0.7529683763
0.7524987096
0.7519706087
0.7518396072
0.7515442554
0.7510201297
0.7508974156
0.7505988067
0.7499849779
0.7497672784
0.7492797234
0.7487461320
0.7487154494
0.7488595849
0.7490820273
0.7492309165
0.7495510131
0.7500730757
0.7502645837
0.7504780280
0.7507456804
0.7509694907
0.7514727180
0.7521810489
0.7524452512
0.7531609140
0.7537788734
0.7539162429
0.7539101939
0.7533856780
0.7531047182
0.7524028779
0.7502473975
0.7494203922
0.7476154861
0.7447459042
0.7438015065
0.7419728640
0.7385729830
0.7370396485
0.7337594546
0.7294390385
0.7287715354
0.7284479186
0.7272486837
0.7264959995
0.7241619254
0.7199419883
0.7186013897
0.7160670595
0.7123045908
0.7107320444
0.7069670911
0.6989550940
0.6957549379
0.6887353553
0.6738934910
0.6685357095
0.6591328312
0.6434350771
0.6363745232
0.6223945852
0.5986837932
0.5903065782
0.5720679764
0.5431257931
0.5327943973
0.5113426092
0.4783006525
0.4672948671
0.4454064429
0.4130609838
0.4017496622
0.3791746623
0.3440378816
0.3323483524
0.3083363241
0.2719574200
0.2592710503
0.2358669445
0.2044218786
0.1943469744
0.1752226079
0.1476707013
0.1298810671
0.1130028432
0.0981511776
0.0845112239
0.0745967198
0.0649520303
0.0544706512
0.0467583471
0.0410384570
0.0361128968
0.0322365059
0.0288395492
0.0259002955
0.0235630056
0.0214791194
0.0200340135
0.0187514017
0.0178036012
0.0169448603
0.0162759000
0.0156542344
0.0152548685
0.0147878068
0.0145323929
0.0143002427
0.0140778060
0.0139345615
0.0138236637
0.0137762916
0.0137552043
0.0137449939
0.0137339681
0.0137409105
0.0137403733
0.0137454697
0.0137330586
0.0137376541
0.0137283910
0.0137294349
0.0137376414
0.0137941388
0.0141406067
0.0151139395
0.0170662097
0.0200750886
0.0235501048
0.0254697127
0.0263624148
0.0284909088
0.0306254764
0.0327210436
0.0348217938
0.0362962373
0.0377522483
0.0391110648
0.0403641006
0.0409592155
0.0419497526
0.0434022599
0.0448207852
0.0472198692
0.0494620402
0.0516668773
0.0529306076
0.0541279109
0.0538679425
0.0538958212
0.0538405262
0.0543073075
0.0546364431
0.0553543176
0.0552433005
0.0559402276
0.0569160967
0.0571818609
0.0577926847
0.0581730437
0.0581699498
0.0581808496
0.0581659436
0.0581586212
0.0582165429
0.0582655295
0.0582667435
0.0582647055
0.0582827927
0.0582767361
0.0582872934
0.0582779020
0.0582663970
0.0582402012
0.0582324994
0.0582185925
0.0582438228
0.0582349171
0.0582233174
0.0582046482
0.0581977696
0.0581832253
0.0582402264
0.0582788968
0.0582709758
0.0582685944
0.0582734102
0.0582638074
0.0582627359
0.0582704012
0.0582428910
0.0582264806
0.0582384235
0.0582517425
0.0582641104
0.0582477678
0.0582147663
0.0581962208
0.0582090166
0.0581951538
0.0582411046
0.0582791490
0.0583149877
0.0582968705
0.0582953183
0.0582735004
0.0582611238
0.0582570514
0.0582630235
0.0582535659
0.0582391714
0.0582478141
0.0582580208
0.0582257149
0.0582080957
0.0582351248
0.0583016924
0.0582841620
0.0582782682
0.0582483733
0.0582794099
0.0582858929
0.0583067297
0.0582815317
0.0582604268
0.0582406449
0.0582452140
0.0582529667
0.0582764479
0.0582627942
0.0582511177
0.0582078153
0.0581845442
0.0582193864
0.0582130669
0.0582288348
0.0582423915
0.0582465920
0.0582710314
0.0582507836
0.0582406954
0.0582075022
0.0582154473
0.0582496438
0.0582465698
0.0582326218
0.0582294241
0.0582076577
0.0581914904
0.0581959784
0.0582111935
0.0582088345
0.0582117534
0.0582620125
0.0582810762
0.0582746089
0.0582930142
0.0582556739
0.0582512990
0.0582155847
0.0582242970
0.0582280406
0.0582475132
0.0582565025
0.0582401377
0.0582179580
0.0582345580
0.0582736539
0.0584803842
0.0586390028
0.0587281079
0.0591027967
0.0593271587
0.0594546213
0.0600330026
0.0605201135
0.0608147958
0.0618334736
0.0625532297
0.0627938752
0.0631089775
0.0630356090
0.0629508597
0.0626551194
0.0625033389
0.0624638743
0.0623614021
0.0622893137
0.0622792709
0.0622453669
0.0622352186
0.0622230655
0.0622468128
0.0622227811
0.0622170437
0.0622073747
0.0622149931
0.0622192889
0.0622403183
0.0622254275
0.0622188805
0.0621743330
0.0622021081
0.0622040630
0.0622703512
0.0622625407
0.0622682080
0.0622571537
0.0622489361
0.0622370875
0.0622499096
0.0622428748
0.0622320466
0.0622265362
0.0622321931
0.0622307783
0.0622257766
0.0621983735
0.0621911889
0.0621672853
0.0621892236
0.0621938347
0.0622774947
0.0622781479
0.0622769391
0.0622588208
0.0623440727
0.0623462194
0.0622654896
0.0619960115
0.0616947507
0.0616061994
0.0612794107
0.0612406203
0.0607119841
0.0607493774
0.0613298850
0.0620096387
0.0477162453
0.0480372249
0.0597496907
0.0742517063
0.0830613864
0.1001154656
0.1024200881
0.1029301613
0.1032911726
0.1034287742
0.1034064274
0.1027103104
0.1020666524
0.1019362142
0.1006037278
0.1005253711
0.0986208879
0.0982619911
0.0983043570
0.0984054947
0.0986997477
0.0986706145
0.0987007663
0.0986638988
0.0986688675
0.0986776454
0.0985760303
0.0986357445
0.0986708664
0.0985980185
0.0986055741
0.0985251632
0.0984257042
0.0984937757
0.0983810687
0.0984869056
0.0984799776
0.0983701426
0.0984297657
0.0984654076
0.0983218735
0.0981892113
0.0982354236
0.0981755901
0.0981425592
0.0981865967
0.0980967077
0.0980852538
0.0980466499
0.0980056511
0.0979438901
0.0979545917
0.0979806344
0.0978824548
0.0978446734
0.0978495159
0.0979080918
0.0978455279
0.0978308546
0.0978488225
0.0978079112
0.0978997354
0.0978840697
0.0978550697
0.0979168381
0.0980093116
0.0980122720
0.0980525678
0.0980578042
0.0980344196
0.0980528821
0.0980765878
0.0980684649
0.0980537504
0.0980672053
0.0980723655
0.0980333179
0.0980683314
0.0980336149
0.0980048471
0.0979348572
0.0979439111
0.0979673133
0.0979115489
0.0979135699
0.0978940178
0.0978916061
0.0978601802
0.0978588654
0.0978019951
0.0978244707
0.0977965364
0.0980070523
0.0982855379
0.0992599881
0.1015579933
0.1025532701
0.1046953803
0.1072414369
0.1079808746
0.1095286900
0.1125529921
0.1134985873
0.1144981003
0.1143728868
0.1141033755
0.1133640948
0.1122619276
0.1119823742
0.1115117250
0.1110661294
0.1109520621
0.1108215638
0.1107563368
0.1107892794
0.1108091113
0.1108518698
0.1108541572
0.1108418382
0.1107999547
0.1107768327
0.1107719477
0.1108171739
0.1108068422
0.1108457268
0.1108627378
0.1108721134
0.1109018456
0.1109206713
0.1109245864
0.1109282318
0.1109275045
0.1109259238
0.1109409020
0.1109733295
0.1109813500
0.1109952327
0.1110007048
0.1110064506
0.1110145144
0.1110367337
0.1110402008
0.1110203200
0.1109878703
0.1109801526
0.1109390389
0.1108804268
0.1108670130
0.1108383444
0.1107910404
0.1107677671
0.1107311454
0.1106702957
0.1106504162
0.1106378090
0.1106298568
0.1106241954
0.1106395491
0.1106916297
0.1107300842
0.1107812689
0.1108471352
0.1108646957
0.1109065245
0.1109063299
0.1108987849
0.1109177698
0.1108744795
0.1108709042
0.1108670920
0.1108848574
0.1108853071
0.1108472438
0.1108241809
0.1108346252
0.1108346991
0.1108269149
0.1108242184
0.1108273913
0.1107935329
0.1107921260
0.1107697410
0.1107817945
0.1107948167
0.1108342652
0.1108855547
0.1109068707
0.1109389176
0.1109848436
0.1109857992
0.1109521237
0.1109997885
0.1110102449
0.1110118328
0.1109899104
0.1109806641
0.1109633437
0.1109255927
0.1109243171
0.1109172572
0.1110291109
0.1111495211
0.1114385087
0.1118052744
0.1119427127
0.1121671465
0.1124945704
0.1126075931
0.1128199343
0.1132088701
0.1133334572
0.1135265219
0.1138736060
0.1139826447
0.1141945396
0.1145811274
0.1147176394
0.1150317932
0.1155394134
0.1157169739
0.1160502516
0.1165745189
0.1167501722
0.1171169415
0.1176140387
0.1177683654
0.1180505403
0.1184544002
0.1185896345
0.1188536263
0.1192781033
0.1194205019
0.1197201771
0.1201252366
0.1202786197
0.1205831215
0.1210193142
0.1211672013
0.1214827401
0.1219029303
0.1220741639
0.1223553361
0.1226971911
0.1228146544
0.1230626294
0.1234029333
0.1235035887
0.1236845963
0.1239693607
0.1241646287
0.1246135324
0.1251600452
0.1253424403
0.1256392133
0.1260734691
0.1262293412
0.1265600653
0.1270494461
0.1272619446
0.1276752299
0.1283144809
0.1285321502
0.1289401463
0.1295333067
0.1297166791
0.1290248582
0.1221946373
0.1201354306
0.1175150054
0.1167515179
0.1167418058
0.1166901773
0.1165917332
0.1164744555
0.1161548139
0.1157404181
0.1156502947
0.1154360033
0.1150159144
0.1148966526
0.1146449548
0.1143033789
0.1141929277
0.1139895987
0.1136561561
0.1135222526
0.1132781917
0.1128564151
0.1127386401
0.1124485514
0.1120752688
0.1119436519
0.1116869867
0.1111905634
0.1110392997
0.1106769786
0.1101765912
0.1100881103
0.1098173670
0.1093850433
0.1092458381
0.1089773250
0.1085121433
0.1083586927
