0.1481719447
0.1481719447
0.1481719447
0.1481719447
0.1481719447
0.1481719447
0.1481719447
0.1481719447
0.1481719447
0.1481719447
0.1481719447
0.1481719447
0.1488309173
0.1491208587
0.1495400631
0.1495400631
0.1503873173
0.1510935702
0.1517007793
0.1525121113
0.1525121113
0.1535035695
0.1540574391
0.1542602671
0.1557358840
0.1557358840
0.1560598464
0.1584055857
0.1415535212
0.1797777083
0.1797777083
0.2025814100
0.1703829582
0.1733182406
0.1733182406
0.1646503425
0.1827783183
0.1820579407
0.1682021098
0.1838083575
0.1838083575
0.1680532149
0.1887417246
0.1749882412
0.1825776312
0.1825776312
0.1675935890
0.1676151686
0.1765107309
0.1765107309
0.1697911045
0.1735970686
0.1694952834
0.1096860735
0.1096860735
0.1428496345
0.1755989298
0.1762412120
0.1748699344
0.1748699344
0.1688907443
0.1593285199
0.1529374395
0.1462505400
0.1462505400
0.1423072359
0.1414625956
0.1418293267
0.1416401169
0.1416401169
0.1420926272
0.1423265371
0.1429723891
0.1427559363
0.1427559363
0.1425531059
0.1426489563
0.1431301293
0.1427961935
0.1427961935
0.1429593341
0.1431784824
0.1432853739
0.1434032647
0.1434032647
0.1435764539
0.1434733717
0.1439086033
0.1435232322
0.1435232322
0.1438037425
0.1431339636
0.1434409436
0.1432946023
0.1432946023
0.1239995541
0.1254247483
0.1278125483
0.1290204171
0.1290204171
0.1310316021
0.1321621748
0.1339798452
0.1358101436
0.1358101436
0.1386047820
0.1421547469
0.1452030880
0.1460766416
0.1460766416
0.1485978601
0.1499252032
0.1522221274
0.1531711739
0.1531711739
0.1544553156
0.1566197811
0.1581267148
0.1590350216
0.1590350216
0.1602328081
0.1610668731
0.1640615438
0.1652482377
0.1652482377
0.1656819095
0.1692968964
0.1685758783
0.1712635748
0.1712635748
0.1720251765
0.1726538844
0.1755298917
0.1806976590
0.1806976590
0.1820676933
0.1890402662
0.1896871784
0.1892218741
0.1892218741
0.1888389384
0.1892669973
0.1901577614
0.1886486319
0.1886486319
0.1872092175
0.1835899674
0.1832064308
0.1823724667
0.1823724667
0.1831879398
0.1696972037
0.1835171347
0.2165857498
0.2165857498
0.2245865959
0.2797869797
0.3306303524
0.3943201188
0.3943201188
0.4408129548
0.4593513874
0.4351531790
0.4014216388
0.4014216388
0.3610257038
0.3306953103
0.3017545267
0.2813667833
0.2813667833
0.2651898936
0.2497653942
0.2393797676
0.2263505975
0.2263505975
0.2787492335
0.2508846818
0.2406995799
0.2276613310
0.2276613310
0.2184805439
0.2109208318
0.2030451489
0.1966991266
0.1966991266
0.1974489519
0.1990037915
0.1975199141
0.1881068284
0.1881068284
0.1866731610
0.1870697670
0.3648510280
0.3503900040
0.3503900040
0.3402186173
0.3303943702
0.3261301824
0.3251866365
0.3251866365
0.3507160272
0.3621684530
0.3674134075
0.3620525590
0.3620525590
0.3433006789
0.3103110485
0.2795897234
0.2460648874
0.2460648874
0.2197444934
0.1923051487
0.1691738977
0.1415942648
0.1415942648
0.1181649517
0.0922544167
0.0659454692
0.0378110055
0.0378110055
0.0123134670
0.2994789005
0.2997064744
0.2985918326
0.2985918326
0.2960619088
0.2954246951
0.2971305224
0.2987526961
0.2987526961
0.2807438073
0.2572964740
0.2293251273
0.2015701821
0.2015701821
0.1733090612
0.1464279562
0.1183413870
0.0909233675
0.0909233675
0.0653457946
0.0388222398
0.0137235923
0.0008647988
0.0008647988
0.0032681535
0.0059138486
0.0107092183
0.0146408994
0.0146408994
0.0191878533
0.0238095258
0.0279995382
0.0325341556
0.0325341556
0.0362528196
0.0397751821
0.0424228233
0.0427361906
0.0427361906
0.0428222555
0.0430209900
0.0432076077
0.0432336016
0.0432336016
0.0433466416
0.0434892170
0.0432762162
0.0432811553
0.0432811553
0.0431800773
0.0431878782
0.0431989477
0.0432483948
0.0432483948
0.0432243765
0.0433448702
0.0433214718
0.0435088041
0.0435088041
0.0741763417
0.0742801706
0.0742626830
0.0742876793
0.0742876793
0.0742309143
0.0742814847
0.0742675463
0.0743040518
0.0743040518
0.0743366448
0.0743391863
0.0743602472
0.0742987606
0.0742987606
0.0743052581
0.0743077124
0.0743578042
0.0743589344
0.0743589344
0.0743578567
0.0743121344
0.0743182847
0.0743053119
0.0743053119
0.0742991258
0.0742362243
0.0742059494
0.3320068554
0.3320068554
0.3321317843
0.3324984621
0.3326272043
0.3326272043
0.3328011107
0.3328449138
0.3329770738
0.3329896871
0.3329896871
0.3330830966
0.3331251953
0.3330622274
0.3330528117
0.3330528117
0.3330781473
0.3331159161
0.3332065591
0.3332729180
0.3332729180
0.3333971811
0.3334368091
0.3335646055
0.3336186361
0.3336186361
0.3336071097
0.3334534678
0.3333990963
0.3333632011
0.3333632011
0.3333920480
0.3334209505
0.0000024914
0.0000003800
0.0000003800
0.0000001040
0.0000001040
0.0000001040
0.0071065889
0.0071065889
0.0162489007
0.0274445432
0.0376118326
0.0482599474
0.0482599474
0.0607351931
0.0749667184
0.0850288151
0.0962590010
0.0962590010
0.1096947603
0.1163101963
0.1243356334
0.1308906250
0.1308906250
0.1409738533
0.1564351039
0.1591716115
0.1752513915
0.1752513915
0.1833124586
0.1879930841
0.1973730610
0.2030109732
0.2030109732
0.2153811712
0.2270151347
0.2379871822
0.2457889404
0.2457889404
0.2629743171
0.2822141006
0.2899419997
0.3017297145
0.3017297145
0.3070381026
0.3136864099
0.3177342801
0.3205244099
0.3205244099
0.3148706959
0.3150943756
0.3157623106
0.3227760176
0.3227760176
0.3276366855
0.3250964139
0.3251930986
0.3297612316
0.3297612316
0.3262803420
0.3223567590
0.3265788129
0.3332860746
0.3332860746
0.3407732364
0.3359259041
0.3464713284
0.3421915744
0.3421915744
0.3441726461
0.3443568383
0.3438596789
0.3419775906
0.3419775906
0.3424254187
0.3430368459
0.3479107788
0.3445457774
0.3445457774
0.3538827753
0.2429021227
0.2446592779
0.2420470058
0.2420470058
0.2403049799
0.2389287514
0.2374448685
0.2330904182
0.2330904182
0.2286127025
0.2266511898
0.2273041177
0.2263432849
0.2263432849
0.2266023778
0.2253004230
0.2226663398
0.2197690787
0.2197690787
0.2197055326
0.2183570368
0.2174485692
0.2188188282
0.2188188282
0.2183420857
0.2167283522
0.2063302644
0.1955294737
0.1955294737
0.1826156415
0.1705890781
0.1582801911
0.1457938187
0.1457938187
0.1335809108
0.1230639729
0.1127668209
0.1025680750
0.1025680750
0.0910065235
0.0806991662
0.0689940352
0.0588530005
0.0588530005
0.0482218215
0.0374396603
0.0267848567
0.0166258922
0.0166258922
0.0062790775
0.0020982339
0.0020902129
0.0043304472
0.0043304472
0.0092552514
0.0142423885
0.0193995652
0.0253331895
0.0253331895
0.0319175174
0.0366250453
0.0428954116
0.0487715299
0.0487715299
0.0550152907
0.0608957376
0.0675272625
0.0741103223
0.0741103223
0.0798224539
0.0863095278
0.0927578322
0.0998645268
0.0998645268
0.1061906673
0.1109459441
0.1158810027
0.1197933751
0.1197933751
0.1200369354
0.1203010049
0.1207730300
0.1215300070
0.1215300070
0.1223700632
0.1227181939
0.1232539465
0.1244085789
0.1244085789
0.1246882257
0.1247566095
0.1259005293
0.1254185149
0.1254185149
0.1257713493
0.1262970661
0.1268828656
0.1275916551
0.1275916551
0.1281620942
0.1287127788
0.1293751086
0.1293806803
0.1293806803
0.1293570342
0.1291685947
0.2324691257
0.2330379228
0.2330379228
0.2338177522
0.2342257960
0.2344559369
0.2352139279
0.2352139279
0.2354406859
0.2356016701
0.2357393264
0.2363597710
0.2363597710
0.2363187140
0.2362863350
0.2363152648
0.2362695460
0.2362695460
0.2359100913
0.2359469148
0.2361990807
0.2361186536
0.2361186536
0.2357413188
0.2362151758
0.2360633696
0.2357741423
0.2357741423
0.2353221365
0.2361103277
0.2358971630
0.2353300933
0.2353300933
0.2348888702
0.2349825666
0.2343299254
0.2343299254
0.2339306527
0.2333976987
0.2332345351
0.2708518322
0.2708518322
0.2713749408
0.2718164798
0.2722016024
0.2725043247
0.2725043247
0.2726707296
0.2732032212
0.2735802862
0.2741928228
0.2741928228
0.2746104824
0.2746781711
0.2743906389
0.2743361227
0.2743361227
0.2745944313
0.2750575652
0.2755066378
0.2751648667
0.2751648667
0.2745455848
0.2656218724
0.2470445796
0.2257039842
0.2257039842
0.2068856985
0.1862890546
0.1677806449
0.1473402757
0.1473402757
0.1287377985
0.1085830320
0.0891511012
0.0691293060
0.0691293060
0.0506690457
0.0302065043
0.0111108429
0.0023169070
0.0023169070
0.0091734030
0.0233171213
0.0396858649
0.0541845189
0.0541845189
0.0710823915
0.0858349473
0.1024309620
0.1174791342
0.1174791342
0.1344557523
0.1500158727
0.1662961170
0.1814718495
0.1814718495
0.1982393036
0.2131831359
0.2213026677
0.2222644751
0.2222644751
0.2225209848
0.2228720119
0.2232855593
0.2237147127
0.2237147127
0.2239203770
0.2243890606
0.2249519893
0.2254381781
0.2254381781
0.2255909473
0.2259221286
0.2262511873
0.2263722873
0.2263722873
0.2265710357
0.2268687641
0.2270471745
0.2271910007
0.2271910007
0.2272497272
0.2274782376
0.2276474329
0.2273598532
0.2273598532
0.2272622414
0.2275431778
0.2276629105
0.2275433000
0.2275433000
0.2274493866
0.3597437557
0.3613051792
0.3632515328
0.3632515328
0.3642166699
0.3653889060
0.3666126306
0.3690018698
0.3690018698
0.3718699948
0.3742283620
0.3764897533
0.3791659027
0.3791659027
0.3803546341
0.3817612930
0.3835774766
0.3861939872
0.3861939872
0.3877300862
0.3894735476
0.3907936933
0.3920503736
0.3920503736
0.3925474045
0.3928925526
0.3937881078
0.3940805881
0.3940805881
0.3946415541
0.3952239491
0.3957176621
0.3954292495
0.3954292495
0.3953497006
0.3950609844
0.3952282255
0.3946040264
0.3946040264
0.3946984400
0.3948447403
0.2297508635
0.2299350419
0.2299350419
0.2301104422
0.2302045135
0.2301839745
0.2304719720
0.2304719720
0.2304586617
0.2303735311
0.2301987458
0.2301403086
0.2301403086
0.2299275660
0.2300662121
0.2302461363
0.2302809694
0.2302809694
0.2302911770
0.2302898455
0.2301420270
0.2301607427
0.2301607427
0.2299905034
0.2300041809
0.2300706827
0.2301176042
0.2301176042
0.2299327432
0.2300013674
0.2300448268
0.2301054128
0.2301054128
0.2300307714
0.2300986544
0.2301645670
0.2303555567
0.2303555567
0.2304287896
0.2305094400
0.2304731071
0.3887386555
0.3887386555
0.3888953694
0.3891806013
0.3893370676
0.3895225526
0.3895225526
0.3896579473
0.3901624017
0.3904751196
0.3908202979
0.3908202979
0.3909707562
0.3911414441
0.3912485555
0.3913996047
0.3913996047
0.3916335626
0.3919161962
0.3922258543
0.3921887361
0.3921887361
0.3922662501
0.3923395639
0.3924390070
0.3923980132
0.3923980132
0.3925237222
0.3926795845
0.3928313573
0.3927870867
0.3927870867
0.3927316805
0.3927188036
0.3927247233
0.2467474273
0.2467474273
0.2469272689
0.2469695710
0.2476270958
0.2477665008
0.2477665008
0.2483744869
0.2491043518
0.2494567506
0.2496538855
0.2496538855
0.2507061698
0.2524277970
0.2536372274
0.2546690721
0.2546690721
0.2556956979
0.2562297071
0.2567522970
0.2567522970
0.2570417543
0.2579324805
0.2585501667
0.2589779703
0.2594380453
0.2594380453
0.2602271520
0.2605306314
0.2606352888
0.2605338588
0.2605338588
0.2605932869
0.2606865744
0.2611068604
0.2611068604
0.2611084359
0.2617105768
0.2615893842
0.2620732412
0.2620732412
0.2625425096
0.2628043556
0.2269139926
0.2269039797
0.2269039797
0.2269974048
0.2271008483
0.2272354268
0.2273735198
0.2273735198
0.2275453866
0.2275986534
0.2276351421
0.2277694259
0.2277694259
0.2281983446
0.2281946251
0.2281042569
0.2281062751
0.2281062751
0.2281099417
0.2280677661
0.2280745940
0.2280137444
0.2280137444
0.2279418545
0.2277830629
0.2235999968
0.2114286876
0.2114286876
0.2004148947
0.1874152157
0.1770036651
0.1650551112
0.1650551112
0.1540148409
0.1415011145
0.1319802138
0.1191317640
0.1191317640
0.1084067786
0.0963592704
0.0864357021
0.0746625361
0.0746625361
0.0622875368
0.0511790810
0.0403528143
0.0281944964
0.0281944964
0.0178396796
0.0069236378
0.0019996474
0.0033272935
0.0033272935
0.0071676763
0.0111950074
0.0156971049
0.0200713670
0.0200713670
0.0239640503
0.0285594562
0.0326857040
0.0367007809
0.0367007809
0.0404962137
0.0440087589
0.0472599753
0.0509224728
0.0509224728
0.0547991444
0.0584263173
0.0626994338
0.0671739302
0.0671739302
0.0705436794
0.0740088778
0.0781411234
0.0799956844
0.0799956844
0.0804288556
0.0807459635
0.0811195882
0.0817569804
0.0817569804
0.0822374684
0.0823257963
0.0824753671
0.0830297419
0.0830297419
0.0831262335
0.0832841148
0.0833028495
0.0839591185
0.0839591185
0.0840040367
0.0844706822
0.0842757605
0.0852622956
0.0852622956
0.0859168616
0.0861400119
0.0861187394
0.0861980323
0.0861980323
0.0856029018
0.0856753445
0.0856873021
0.0865082086
0.0865082086
0.0862883989
0.0860557667
0.0861603193
0.3010418171
0.3010418171
0.3015179263
0.3020304494
0.3024066511
0.3027766768
0.3027766768
0.3029639383
0.3030225678
0.3028272745
0.3029782011
0.3029782011
0.3031747516
0.3034298625
0.3033295097
0.3030883334
0.3030883334
0.3027019154
0.3024227671
0.3019509969
0.3017495692
0.3017495692
0.3015394671
0.3012147894
0.3008985388
0.3004114083
0.3004114083
0.2999797548
0.2996548199
0.2996208973
0.2997282192
0.2997282192
0.2998235542
0.2998805538
0.3001264392
0.3004963366
0.3004963366
0.3011648747
0.3015947719
0.3024086963
0.3031219962
0.3031219962
0.3034978046
0.3036195719
0.2447459069
0.2451107566
0.2451107566
0.2454110347
0.2458583489
0.2460444523
0.2470492084
0.2470492084
0.2481975855
0.2485140407
0.2489529211
0.2498859927
0.2498859927
0.2501468092
0.2504279994
0.2507449507
0.2512891921
0.2512891921
0.2519576424
0.2528368878
0.2536229902
0.2556285808
0.2556285808
0.2563627279
0.2572226531
0.2581610124
0.2593079491
0.2593079491
0.2596459314
0.2611451918
0.2619335505
0.2627067029
0.2627067029
0.2635088442
0.2649822603
0.2667969206
0.2679863795
0.2679863795
0.2689321807
0.2703937930
0.2720415341
0.2738818757
0.2738818757
0.2751202006
0.2764379453
0.2774614247
0.2786505195
0.2786505195
0.2793121851
0.2803128259
0.2809800432
0.2466572597
0.2466572597
0.2477303075
0.2482452421
0.2487718557
0.2500965963
0.2500965963
0.2505603067
0.2508319630
0.2517998935
0.2533627609
0.2533627609
0.2544241188
0.2551589202
0.2549199809
0.2536954186
0.2536954186
0.2518984846
0.2503417510
0.2486535911
0.2469570449
0.2469570449
0.2462020301
0.2459212920
0.2456649872
0.2457578262
0.2457578262
0.2463760280
0.2464981557
0.2469802862
0.2409869464
0.2409869464
0.2428410969
0.2430499687
0.2433806311
0.2433806311
0.2438026894
0.2446722959
0.2452582720
0.2455002432
0.2455002432
0.2453016596
0.2455344223
0.2457554103
0.2463136807
0.2463136807
0.2468720293
0.2476669737
0.2483412435
0.2491671131
0.2491671131
0.2497575571
0.2500117693
0.2503263234
0.2511592024
0.2511592024
0.2516621217
0.2522718186
0.2525287147
0.2535922583
0.2535922583
0.2539970093
0.2544543780
0.2550156197
0.2559639451
0.2559639451
0.2565531607
0.2570700694
0.2582052102
0.2590779632
0.2590779632
0.2597787972
0.3053299544
0.3055476857
0.3057081047
0.3057081047
0.3056043535
0.3050799881
0.3041260385
0.3024644944
0.3024644944
0.3017282005
0.3028409466
0.3036728119
0.3029674756
0.3029674756
0.3016261873
0.3004964757
0.3003126905
0.3010933906
0.3010933906
0.3025159131
0.3031897687
0.3032095262
0.3027991885
0.3027991885
0.3023398530
0.3021351323
0.3027737981
0.3031035405
0.3031035405
0.3031745770
0.3030407175
0.3029388829
0.3027470024
0.3027470024
0.3028800349
0.3027986273
0.3028494445
0.3028835930
0.3028835930
0.3028883369
0.3028208246
0.3029670044
0.3029295020
0.3029295020
0.3028631773
0.3026910264
0.3023563558
0.3019859526
0.3019859526
0.3019277123
0.3018114535
0.3016863196
0.3016828934
0.3016828934
0.3019524370
0.3021013853
0.1633651198
0.1640986906
0.1640986906
0.1648043973
0.1658764740
0.1666512355
0.1676046696
0.1676046696
0.1684500836
0.1693008869
0.1699064809
0.1707714134
0.1707714134
0.1716137270
0.1725998125
0.1735974801
0.1745844110
0.1745844110
0.1754686098
0.1759451940
0.1767787351
0.1777482017
0.1777482017
0.1782590743
0.1791521874
0.1803729460
0.1817546781
0.1817546781
0.1825440899
0.1831375694
0.1841369161
0.1855792837
0.1855792837
0.1868118983
0.1886782982
0.1903392078
0.1918662601
0.1918662601
0.1929071754
0.1939459226
0.1945394384
0.1956174052
0.1956174052
0.1966223374
0.1975552727
0.1981083587
0.1984781030
0.1984781030
0.1984732957
0.1987056664
0.1984534389
0.1983823969
0.1983823969
0.1982969956
0.1052577982
0.1087266682
0.1138078049
0.1138078049
0.1165166773
0.1138809324
0.1104552729
0.1078691476
0.1078691476
0.1072311695
0.1082298320
0.1127152674
0.1148194622
0.1148194622
0.1135103947
0.1099914494
0.1086085079
0.1078501121
0.1078501121
0.1065174596
0.1061626828
0.1076591487
0.1094246207
0.1094246207
0.1139419168
0.1183573839
0.1186150028
0.1168658222
0.1168658222
0.1170188838
0.1185072388
0.1182283942
0.1190555245
0.1190555245
0.1226585562
0.1292480232
0.1355614044
0.1396896109
0.1396896109
0.1395759066
0.1356234918
0.1333252713
0.1297179623
0.1297179623
0.0019928751
0.0019880456
0.0019880184
0.0019880184
0.0019880184
0.0059463399
0.0072984411
0.0101332665
0.0142476384
0.0142476384
0.0173804900
0.0217238067
0.0247173568
0.0282218629
0.0282218629
0.0322947479
0.0351352565
0.0382104804
0.0416986611
0.0416986611
0.0453945366
0.0496928473
0.0528950518
0.0567895419
0.0567895419
0.0602920241
0.0648513224
0.0679835814
0.0719795202
0.0719795202
0.0751743841
0.0790596766
0.0819233976
0.0865577511
0.0865577511
0.0877534933
0.0884699920
0.0888545821
0.0895162004
0.0895162004
0.0895205276
0.0897277379
0.0898071946
0.0898071946
0.0901589822
0.0903940348
0.0903564504
0.0900617157
0.0900617157
0.0900043918
0.0900114979
0.0900749961
0.0899183408
0.0901131943
0.0901131943
0.0902063033
0.0902908435
0.0902477955
0.0902477955
0.0903861123
0.0905008994
0.0903401785
0.0907298202
0.0907298202
0.0907279529
0.0905488868
0.0905108920
0.0783526430
0.0783526430
0.0783299069
0.0783449411
0.0783196059
0.0782859924
0.0782859924
0.0782618965
0.0784200967
0.0785649686
0.0787687273
0.0787687273
0.0790022349
0.0791069398
0.0790287116
0.0790540717
0.0790540717
0.0790926191
0.0790888489
0.0789673297
0.0789011038
0.0789011038
0.0789426316
0.0789468730
0.0785830056
0.0784277393
0.0784277393
0.0784622510
0.0785298983
0.0783315752
0.0748434543
0.0748434543
0.0676928475
0.0605260045
0.0535664840
0.0462016486
0.0462016486
0.0393473720
0.0318139427
0.0248170422
0.0178003112
0.0178003112
0.0116062176
0.0050694732
0.0085097711
0.0215674506
0.0215674506
0.0359082317
0.0505368314
0.0662376343
0.0809494785
0.0809494785
0.0962026945
0.1102483724
0.1267897247
0.1420904049
0.1420904049
0.1557310908
0.1639209155
0.1646699506
0.1647958962
0.1647958962
0.1650856852
0.1655899832
0.1665048520
0.1667740080
0.1667740080
0.1660696704
0.1649502236
0.1642160342
0.1632714396
0.1632714396
0.1620003583
0.1612273540
0.1606255110
0.1603543202
0.1603543202
0.1607155751
0.1611589793
0.1622001154
0.1629269734
0.1629269734
0.1640997969
0.1652907981
0.1667960887
0.1683532343
0.1683532343
0.1701006425
0.1715542687
0.1724150273
0.1729301351
0.1729301351
0.0787938934
0.0798489851
0.0796562459
0.0800228575
0.0800228575
0.0806070055
0.0816358506
0.0826057990
0.0828120058
0.0828120058
0.0830868104
0.0836562432
0.0843205263
0.0847785783
0.0847785783
0.0851787480
0.0857923505
0.0866749427
0.0872852669
0.0872852669
0.0870912353
0.0865792081
0.0863687877
0.0865196783
0.0865196783
0.0866971066
0.0869548180
0.0871819669
0.0874631808
0.0874631808
0.0878425199
0.0877489924
0.0878525372
0.0883181710
0.0883181710
0.0949345615
0.0921743605
0.0895994596
0.0877055582
0.0877055582
0.0863712323
0.0847123243
0.0834309776
0.0826713414
0.0826713414
0.0822786516
0.0821933768
0.0823708279
0.0825693054
0.0825693054
0.0830324322
0.0842313407
0.0851591519
0.0866864997
0.0866864997
0.0879648830
0.0890626457
0.0901845499
0.1778308955
0.1778308955
0.1774033518
0.1772875005
0.1772786417
0.1774880797
0.1774880797
0.1774375424
0.1777091298
0.1776701185
0.1779122202
0.1779122202
0.1770685919
0.1768012758
0.1756564969
0.1757841380
0.1757841380
0.1773181471
0.1802465394
0.1818157701
0.1820997962
0.1820997962
0.1824786685
0.1827177632
0.1827992002
0.1018570564
0.1018570564
0.1015348285
0.1004591360
0.0988229950
0.0984625932
0.0984625932
0.1000827391
0.1001032508
0.0985861606
0.0971438982
0.0971438982
0.0960447311
0.0955101165
0.0958054283
0.0984730601
0.0984730601
0.0997550002
0.0984693602
0.0989768249
0.0999557094
0.0999557094
0.1015588902
0.1015545996
0.1008807498
0.0979082444
0.0979082444
0.0939157751
0.0890619325
0.0852311229
0.0835709257
0.0835709257
0.0819819843
0.0817293969
0.0828940383
0.0844282009
0.0844282009
0.0857696390
0.0875133024
0.0881337620
0.1806386943
0.1806386943
0.1804860836
0.1802173522
0.1805766947
0.1806044506
0.1806044506
0.1809361046
0.1810940637
0.1815881332
0.1815859299
0.1815859299
0.1820875229
0.1826571218
0.1828960788
0.1830080987
0.1830080987
0.1829809045
0.1825366013
0.1823157174
0.1823998264
0.1823998264
0.1825108812
0.1829824901
0.1826573713
0.1830325531
0.1830325531
0.1835453924
0.1842792286
0.1848002168
0.1856222251
0.1856222251
0.1859995571
0.1862755863
0.1855383508
0.1858753704
0.1858753704
0.1859749665
0.1290877474
0.1282420030
0.1282420030
0.1273648339
0.1272709310
0.1287936836
0.1299104732
0.1299104732
0.1305230662
0.1289514097
0.1244670260
0.1191197339
0.1191197339
0.1169534413
0.1172957978
0.1186689489
0.1207396676
0.1207396676
0.1244889541
0.1273976280
0.1272750352
0.1247771079
0.1247771079
0.1240867124
0.1315497601
0.1382190380
0.1437313643
0.1437313643
0.1475902162
0.1799959738
0.1800698476
0.1803759588
0.1803759588
0.1814304216
0.1823740606
0.1832779185
0.1858452004
0.1858452004
0.1878462096
0.1898299070
0.1910113956
0.1932183865
0.1932183865
0.1928566703
0.1915316609
0.1900930211
0.1899932156
0.1899932156
0.1889037326
0.1884522456
0.1877432423
0.1885493870
0.1885493870
0.1893627174
0.1895660340
0.1898955277
0.1907394024
0.1907394024
0.1905508474
0.1906633591
0.1906840615
0.1905774376
0.1905774376
0.1893404087
0.1887580102
0.1878977547
0.1818488382
0.1818488382
0.1785512065
0.1752014247
0.1724308080
0.1710093310
0.1710093310
0.1695184871
0.1690231821
0.1680314570
0.1677623848
0.1677623848
0.1676356603
0.1677456060
0.1672432314
0.1667229292
0.1667229292
0.1712125985
0.1710525566
0.1754231717
0.1763112082
0.1763112082
0.1791790093
0.1806513361
0.1821347561
0.1838504959
0.1838504959
0.1846866989
0.1840010313
0.1830424497
0.1361611444
0.1361611444
0.1362672329
0.1363612718
0.1365874650
0.1367934537
0.1367934537
0.1370531892
0.1371101801
0.1374501541
0.1376179133
0.1376179133
0.1379152483
0.1379848755
0.1385342622
0.1390337170
0.1390337170
0.1397055384
0.1402173300
0.1409107357
0.1416837559
0.1416837559
0.0943026569
0.0951842270
0.0950922570
0.0948393642
0.0948393642
0.0943357320
0.0939760176
0.0936470393
0.0936009992
0.0936009992
0.0929569844
0.0921172508
0.0914940230
0.0909086629
0.0909086629
0.0902688912
0.0897345374
0.0891547346
0.0886240405
0.0886240405
0.0876461852
0.0864970173
0.0856766451
0.0854512077
0.0854512077
0.0852722582
0.0852047268
0.1947799310
0.1954518762
0.1954518762
0.1963399262
0.1981800982
0.1994593299
0.2011902030
0.2011902030
0.2024199422
0.2038846956
0.2043512813
0.2045526670
0.2045526670
0.2046712537
0.2046574048
0.2045729352
0.2047906188
0.2047906188
0.2047223054
0.2045125469
0.2034145315
0.2032058825
0.2032058825
0.2022845983
0.2012972577
0.1995629057
0.1986400324
0.1986400324
0.1976828529
0.1975410616
0.1963524120
0.1961871619
0.1961871619
0.1960625133
0.1952602552
0.1943416853
0.1942879605
0.1942879605
0.1941953513
0.1944257136
0.1961685665
0.1977008034
0.1977008034
0.1986758509
0.1983547939
0.1981631429
0.1981308147
0.1981308147
0.1980620587
0.1976939958
0.1974844362
0.1963534190
0.1963534190
0.1941211148
0.1915558099
0.1908402542
0.1911030410
0.1911030410
0.1926361852
0.1929704602
0.1923051055
0.1913055614
0.1913055614
0.1912519289
0.1912303560
0.1913988489
0.1903010338
0.1903010338
0.1896724702
0.1891639862
0.1887553339
0.1888073375
0.1888073375
0.1901154575
0.1920058742
0.1941878186
0.1948913189
0.1948913189
0.1956052296
0.1966372791
0.1970641708
0.1963198660
0.1963198660
0.1957591168
0.1951617395
