0.1087973368
0.1087973368
0.1087973368
0.1087973368
0.1087973368
0.1087973368
0.1092276273
0.1094576963
0.1095009613
0.1095009613
0.1093587312
0.1092143698
0.1091329870
0.1090583785
0.1090583785
0.1088791239
0.1087157875
0.1086076005
0.1082876140
0.1082876140
0.1081038234
0.1080706956
0.1080902145
0.1079294672
0.1079294672
0.0883339469
0.0885480059
0.0885617446
0.0885799455
0.0885799455
0.0887664841
0.0888466981
0.0888902458
0.0889140367
0.0889140367
0.0890555366
0.0891469079
0.0892588422
0.0893498078
0.0893498078
0.0893253135
0.0894189312
0.0894585559
0.0895919354
0.0895919354
0.0895783762
0.0895296012
0.0894873810
0.0894575517
0.0894575517
0.0893599228
0.0893481876
0.0892527756
0.0892281018
0.0892281018
0.0890839765
0.0891777461
0.0892794779
0.0893736600
0.0893736600
0.1522890522
0.1522258135
0.1522312264
0.1521860734
0.1521860734
0.1523135023
0.1524906252
0.1526894886
0.1527003379
0.1527003379
0.1524559108
0.1524725116
0.1521496092
0.1518082087
0.1518082087
0.1515375292
0.1516224316
0.1515530920
0.1514890733
0.1514890733
0.1513855765
0.1513872141
0.1511117738
0.1552752795
0.1552752795
0.1559181762
0.1571453363
0.1588896093
0.1610852404
0.1610852404
0.1641026488
0.1667778521
0.1686638899
0.1700748496
0.1700748496
0.1709857324
0.1738452836
0.1771064046
0.1803726524
0.1803726524
0.1777261618
0.1740827139
0.1275644895
0.1274690992
0.1274690992
0.1278458017
0.1287639691
0.1300289849
0.1302316641
0.1302316641
0.1306012632
0.1307172052
0.1294468570
0.1279179547
0.1279179547
0.1562521600
0.1556566770
0.1547356310
0.1537615404
0.1537615404
0.1539209543
0.1543901778
0.1543293289
0.1541252354
0.1541252354
0.1535590595
0.1529111700
0.1521397818
0.1522134701
0.1522134701
0.1530831659
0.1512059264
0.0840653167
0.0842581530
0.0842581530
0.0841262695
0.0837781300
0.0824495236
0.0797824807
0.0797824807
0.0788270263
0.0785958162
0.0800951345
0.0827313847
0.0827313847
0.0868172129
0.0880800740
0.0896256905
0.0900330742
0.0900330742
0.0805959010
0.0801807940
0.0797556270
0.0791852568
0.0791852568
0.0786031744
0.0782291288
0.0773727055
0.0765101582
0.0765101582
0.0759123809
0.0760510689
0.0770998622
0.0770998622
0.0778327950
0.0779808260
0.1943119788
0.1962878695
0.2004834172
0.2004834172
0.2090278015
0.2157904033
0.2163047195
0.2140781508
0.2140781508
0.2134592961
0.2108003581
0.2059636857
0.2059636857
0.2014599336
0.0000124183
0.0000013221
0.0041973805
0.0041973805
0.0138718674
0.0228871315
0.0327778377
0.0417604677
0.0417604677
0.0525349950
0.0620151718
0.0726875825
0.0825242397
0.0825242397
0.0929405607
0.1029279116
0.1130553336
0.1230106777
0.1230106777
0.1335393177
0.1434131930
0.1535440716
0.1623901200
0.1623901200
0.1663793516
0.1666630647
0.1665277799
0.1667062781
0.1667062781
0.1667298166
0.1669599183
0.1670601091
0.1673096565
0.1673096565
0.1672900089
0.1670397267
0.1489318148
0.1489504429
0.1489504429
0.1490534470
0.1488739403
0.1486354539
0.1483449159
0.1483449159
0.1482664127
0.1480624391
0.1477523387
0.1474562632
0.1474562632
0.1474020781
0.1472689590
0.1471464787
0.1469950128
0.1469950128
0.1469152934
0.1468353245
0.1469710648
0.1472172661
0.1472172661
0.1474854494
0.1478144858
0.1480589937
0.1483825918
0.1483825918
0.1485629613
0.1487447739
0.1488770734
0.1491506108
0.1491506108
0.1492155470
0.1492651842
0.2631546043
0.2638333465
0.2638333465
0.2669927776
0.2683548163
0.2698675822
0.2707510847
0.2707510847
0.2717411432
0.2713179468
0.2698668004
0.2679653083
0.2679653083
0.2677465358
0.2684823897
0.2671708320
0.2675928228
0.2675928228
0.2685781448
0.2703474034
0.2728985331
0.2779652913
0.2779652913
0.2847056695
0.2918851353
0.2962486713
0.2981516550
0.2981516550
0.3002637321
0.3019908796
0.3044051684
0.3068715943
0.3068715943
0.3094943606
0.3125227809
0.3150669419
0.3170667494
0.3170667494
0.3193716800
0.3215179214
0.3231818669
0.3243015297
0.3243015297
0.3248357746
0.3255984113
0.3267580345
0.3279633244
0.3279633244
0.3290129372
0.3300553825
0.3310270625
0.3318079004
0.3318079004
0.3327863487
0.3334275148
0.3342411325
0.3346808036
0.3346808036
0.3351099063
0.3354798143
0.3359950029
0.3364268291
0.3364268291
0.3368882679
0.3370549763
0.3374000845
0.3376070828
0.3376070828
0.1993436630
0.1975065343
0.1953410502
0.1951750999
0.1951750999
0.1956107872
0.1961674910
0.1966805480
0.1972633620
0.1972633620
0.1975203529
0.1980378071
0.1983931815
0.1987254897
0.1987254897
0.1989343389
0.1991858981
0.1996547253
0.2002090113
0.2002090113
0.2004727768
0.2005758406
0.2004424836
0.2002936000
0.2002936000
0.2000733229
0.1999641165
0.1996464183
0.1997347283
0.1997347283
0.1997272716
0.1996598942
0.1999695078
0.1999584848
0.1999584848
0.2001372244
0.2006011849
0.2009365420
0.2013572548
0.2013572548
0.2018045261
0.2019969656
0.2019902261
0.1802367185
0.1802367185
0.1800732835
0.1794858913
0.1783616154
0.1773094673
0.1773094673
0.1765155225
0.1765946672
0.1768968560
0.1766741094
0.1766741094
0.1765716028
0.1766064741
0.1767821081
0.1769177745
0.1769177745
0.1767021249
0.1772323084
0.1775388224
0.1784694333
0.1784694333
0.1781715031
0.1776969056
0.1777256500
0.1778070037
0.1778070037
0.1783915707
0.1789718204
0.1795263351
0.1797034937
0.1797034937
0.1797876229
0.1794203535
0.1791223570
0.1791223570
0.1787582112
0.1784520291
0.1780139971
0.1778472584
0.1774402390
0.1774402390
0.1768837277
0.1761898209
0.1757330538
0.1756516382
0.1756516382
0.1756005644
0.1757660169
0.1764896123
0.1764896123
0.1763698853
0.1761363434
0.1759954737
0.1763243013
0.1763243013
0.1758900999
0.1749806177
0.1735959124
0.1728537990
0.1728537990
0.1733513239
0.1740747079
0.1744859978
0.1465122528
0.1465122528
0.1468829991
0.1473561099
0.1478577656
0.1481092454
0.1481092454
0.1477837852
0.1476063952
0.1472192488
0.1470836928
0.1470836928
0.1462658243
0.1458012967
0.1453136119
0.1447466038
0.1447466038
0.1442651289
0.1435893368
0.1432143943
0.1426213276
0.1426213276
0.1420889431
0.1414112763
0.1409161365
0.1404856426
0.1404856426
0.1402936079
0.1400787300
0.1401843999
0.1404763938
0.1404763938
0.1405521408
0.1405677671
0.1405832818
0.1405460762
0.1405460762
0.1404646005
0.1745859217
0.1747320888
0.1747062369
0.1747062369
0.1744638307
0.1743386476
0.1743114577
0.1742387403
0.1742387403
0.1740917502
0.1739920676
0.1739908528
0.1739522022
0.1739522022
0.1738704671
0.1737283355
0.1736588952
0.1736313799
0.1736313799
0.1735799974
0.1735615657
0.1733863615
0.1731976569
0.1731976569
0.1728201431
0.1720647322
0.1711508026
0.1700271766
0.1700271766
0.1692019867
0.1688558998
0.1686182035
0.1685532961
0.1685532961
0.1683881389
0.1683913761
0.1684495866
0.1685105372
0.1685105372
0.1685177608
0.1684651278
0.1684246285
0.1684328600
0.1684328600
0.1684659188
0.1688082304
0.1691134961
0.1694504323
0.1694504323
0.1695207564
0.1219587984
0.1223073169
0.1226277266
0.1226277266
0.1228396107
0.1231418105
0.1237239356
0.1239728229
0.1239728229
0.1242299354
0.1242815587
0.1240434259
0.1239472660
0.1239472660
0.1238040013
0.1239759356
0.1240987523
0.1243101560
0.1243101560
0.1242953091
0.1249280877
0.1255046861
0.1255528403
0.1255528403
0.3646656765
0.3626249833
0.3600190327
0.3562186611
0.3562186611
0.3525602040
0.3483364846
0.3441833049
0.3403649759
0.3403649759
0.3359468182
0.3316980264
0.3273863260
0.3234320681
0.3234320681
0.3201156212
0.3181577710
0.3150182537
0.3117110812
0.3117110812
0.3080651860
0.3043929099
0.3003982212
0.2974871793
0.2974871793
0.2942273676
0.2910323363
0.2865910867
0.2845218814
0.2845218814
0.2829849595
0.2808902875
0.2778606911
0.1530462070
0.1530462070
0.1536476865
0.1540485283
0.1547999554
0.1548726181
0.1548726181
0.1556363013
0.1558627135
0.1564831314
0.1563515145
0.1563515145
0.1567679205
0.1562822009
0.1560341355
0.1326794796
0.1326794796
0.1336368725
0.1483394697
0.1663516837
0.1747649214
0.1747649214
0.1649361308
0.1499277932
0.1402052400
0.1486864250
0.1486864250
0.1598276197
0.1630382198
0.1534738015
0.1428123198
0.1428123198
0.1421439081
0.1476607905
0.1473750303
0.1581989599
0.1581989599
0.1753047680
0.1913184138
0.1955495287
0.1883342239
0.1883342239
0.1820956974
0.1784555932
0.1810018273
0.1882604091
0.1882604091
0.1999011069
0.3133990260
0.3147782046
0.3161198108
0.3161198108
0.3169104974
0.3172404944
0.3175873095
0.3184179255
0.3184179255
0.3194295417
0.3199411215
0.3207261941
0.3218779450
0.3218779450
0.3228387795
0.3221917435
0.3217169306
0.3210270361
0.3210270361
0.3204411518
0.3198867333
0.3195689856
0.3190290949
0.3190290949
0.3188843118
0.3187529633
0.3189100123
0.3189100123
0.3185772473
0.3183055308
0.3183172850
0.3180537609
0.2244880155
0.2244880155
0.2248133531
0.2279160001
0.2268850861
0.2267130126
0.2267130126
0.2282830011
0.2289881861
0.2299867528
0.2299867528
0.2305432554
0.2312984025
0.2337408554
0.2364157411
0.2364157411
0.2417009166
0.2481020396
0.2535130952
0.2542675691
0.2542675691
0.2550099049
0.2566687423
0.2596924250
0.2627233380
0.2627233380
0.2662671514
0.2694909383
0.2716516195
0.2727764154
0.2727764154
0.2741607822
0.2756216318
0.3117174097
0.3095094436
0.3095094436
0.3087044072
0.3093235093
0.3110129509
0.3131140867
0.3131140867
0.3151818880
0.3174205050
0.3189146213
0.3200499988
0.3200499988
0.3203246943
0.3201804511
0.3197956661
0.3202527516
0.3202527516
0.3211066670
0.3206900256
0.3165717163
0.3149278162
0.3149278162
0.3161174843
0.3133747085
0.3090910835
0.3021043955
0.3021043955
0.2913294099
0.2760868022
0.2734660296
0.2726936532
0.2726936532
0.2722467360
0.2707873806
0.2705718627
0.2832819695
0.2832819695
0.2954064563
0.3160182708
0.3316922033
0.3261296381
0.3261296381
0.3244876413
0.1532323293
0.1532755467
0.1536119810
0.1536119810
0.1536396547
0.1538341718
0.1538592097
0.1538969950
0.1538969950
0.1538895511
0.1538739016
0.1538514458
0.1538739161
0.1538739161
0.1538661650
0.1538365110
0.1538641959
0.1538874889
0.1538874889
0.1539186818
0.1538031619
0.1537687756
0.1537396295
0.1537396295
0.1538142495
0.1538546857
0.1538621807
0.1536982831
0.1536982831
0.1536995972
0.1536302557
0.1535584426
0.1535760074
0.1535760074
0.1536264794
0.1536439083
0.1536696698
0.1536591167
0.1536591167
0.1536861300
0.3387862615
0.3372159405
0.3347643425
0.3347643425
0.3313529344
0.3265028497
0.3157533611
0.3002889676
0.3002889676
0.2855853461
0.2721580330
0.2612095034
0.2523868324
0.2523868324
0.2496869124
0.2480754593
0.2462020079
0.2438134145
0.2438134145
0.2388641609
0.2347037886
0.2316723046
0.2293965483
0.2293965483
0.3256017868
0.3254114940
0.3254714604
0.3261014107
0.3261014107
0.3260320371
0.3262250828
0.3270310648
0.3267576589
0.3267576589
0.3251799979
0.3241365189
0.3242218474
0.3254155351
0.3254155351
0.3252958242
0.3247856910
0.3246142838
0.3237080693
0.3237080693
0.2213230513
0.2220223792
0.2191960556
0.2158518721
0.2158518721
0.2085627347
0.2018717807
0.1949954316
0.1901650607
0.1901650607
0.1870178422
0.1843305955
0.1829730211
0.1820882931
0.1820882931
0.1823745088
0.1831852542
0.1831933074
0.1829846394
0.1829846394
0.1816231963
0.1807459020
0.1798483750
0.1797813555
0.1797813555
0.1803414495
0.1824304507
0.3231793438
0.3235345471
0.3235345471
0.3237190567
0.3237568129
0.3237959698
0.3241290755
0.3241290755
0.3242562119
0.3245375444
0.3246601031
0.3246858545
0.3246858545
0.3241836517
0.3235205156
0.3235182265
0.3241482763
0.3241482763
0.3243752139
0.3243113842
0.3243337288
0.3243738141
0.3243738141
0.3244177446
0.3244420855
0.3244376826
0.3244514381
0.3244514381
0.3244258583
0.3243836335
0.3244243743
0.3244762996
0.3244762996
0.3245903752
0.1632198570
0.1631618073
0.1631167663
0.1631167663
0.1631801250
0.1633139554
0.1634897618
0.1637116362
0.1637116362
0.1638855859
0.1640748691
0.1643686365
0.1650079175
0.1650079175
0.1654473887
0.1659200467
0.1663436527
0.1666300035
0.1666300035
0.1669043442
0.1670610555
0.1673006111
0.1675423529
0.1675423529
0.1676041743
0.1675599530
0.1674685277
0.1673286239
0.1673286239
0.1671472841
0.1670342391
0.1667869571
0.1665066101
0.1665066101
0.1662428079
0.1662048720
0.1660346772
0.1660346772
0.1660063994
0.1657907172
0.1657552028
0.1656985369
0.1656985369
0.1658206150
0.1657418675
0.1656697285
0.1655315798
0.1655869595
0.1655869595
0.1655662488
0.1656273331
0.1655835260
0.1655835260
0.1657391506
0.1658243633
0.1659775437
0.1660368645
0.1660368645
0.1663332963
0.1668251104
0.1676464524
0.1683838755
0.1683838755
0.1692118926
0.1681687473
0.1596938740
0.1165191500
0.1165191500
0.1201416453
0.1230617527
0.1267708528
0.1823356148
0.1823356148
0.1666960627
0.1671468118
0.1679722087
0.1649131400
0.1649131400
0.1652129001
0.1638372266
0.1606065506
0.1626610003
0.1626610003
0.1639489636
0.1595067495
0.1556392782
0.1511966480
0.1511966480
0.1475199484
0.1392221234
0.1298379530
0.1181397891
0.1181397891
0.1103637631
0.1063476001
0.1065129290
0.1112083800
0.1112083800
0.1177971936
0.1246793328
0.1287258176
0.1330180557
0.1330180557
0.1359281974
0.1347631925
0.1375914490
0.1414781033
0.1414781033
0.2939076864
0.2940824607
0.2938431517
0.2935043774
0.2935043774
0.2918150543
0.2904468721
0.2884083991
0.2864016936
0.2864016936
0.2845656430
0.2829254342
0.2831091616
0.2839934914
0.2839934914
0.2845533255
0.2851182850
0.2854809422
0.2858046475
0.2858046475
0.2861674899
0.2861724079
0.2850692941
0.2027783532
0.2027783532
0.2048909240
0.1996768804
0.1969362810
0.2004947582
0.2004947582
0.1944521554
0.1807020009
0.1764347829
0.1824615496
0.1824615496
0.1962495514
0.2063635226
0.1727963328
0.2020114302
0.2020114302
0.2183717754
0.2184537062
0.2158601319
0.2135956074
0.2135956074
0.1560476686
0.1497652700
0.1468779923
0.1443968857
0.1443968857
0.1437740169
0.1426077801
0.1426766049
0.1432717311
0.1432717311
0.1451528035
0.1439333357
0.1416336773
0.1406586786
0.1406586786
0.1385404859
0.1524475648
0.1500449582
0.1487515524
0.1487515524
0.1472729607
0.1463163659
0.1462516538
0.1484282035
0.1484282035
0.1501828039
0.1511553833
0.1511180457
0.1491077165
0.1491077165
0.1477507416
0.1496762360
0.1544876029
0.1605655577
0.1605655577
0.1634741036
0.1657555025
0.1702969194
0.1745389478
0.1745389478
0.1774203299
0.1798052379
0.1813363757
0.1823096328
0.1823096328
0.1809443548
0.1775726206
0.1732245783
0.2558685200
0.2558685200
0.2555668819
0.2554789735
0.2556685298
0.2560775981
0.2560775981
0.2563769849
0.2560572057
0.2558356985
0.2553414534
0.2553414534
0.2549206563
0.2542589386
0.2537945811
0.2537676092
0.2537676092
0.2539473565
0.2544604231
0.2545972186
0.2549257608
0.2549257608
0.2548024159
0.2547091357
0.2544423272
0.2017290877
0.2017290877
0.2065054778
0.2043622360
0.2034768750
0.2035779308
0.2035779308
0.2042620880
0.2331599098
0.2114184153
0.2073257501
0.2073257501
0.2063774002
0.2730366722
0.2740499297
0.2762381372
0.2762381372
0.2762294787
0.2768510619
0.2773058187
0.2783894381
0.2783894381
0.2800628524
0.2831883652
0.2846777269
0.2857371350
0.2857371350
0.2857408178
0.2854518480
0.2845270027
0.2819089768
0.2819089768
0.2786496115
0.3385865558
0.3389375951
0.3391103880
0.3391103880
0.3393736654
0.3394963136
0.3395474940
0.3396190584
0.3396190584
0.3398755509
0.3398366006
0.3398470006
0.3398470006
0.3398783723
0.3396656031
0.3396947582
0.3396961468
0.3396961468
0.3397313154
0.3396988042
0.3397137351
0.3396764982
0.3396755402
0.3396755402
0.1100196978
0.1073012017
0.1054328588
0.1054328588
0.1045510778
0.1039789307
0.1045437354
0.1063160925
0.1063160925
0.1086620932
0.1116340772
0.1140856412
0.1171969058
0.1171969058
0.1210437374
0.1225838476
0.1227310538
0.1218004760
0.1218004760
0.1226524891
0.1236225772
0.1245459077
0.1267134566
0.1267134566
0.1918187493
0.1929517791
0.1938693618
0.1950005990
0.1950005990
0.1954036247
0.1954529357
0.1948683956
0.1948562329
0.1948562329
0.1941624492
0.1943793285
0.1935536040
0.1964215113
0.1964215113
0.1988034817
0.2010433838
0.2026325595
0.2040906419
0.2040906419
0.2058739483
0.2070553659
0.2089872616
0.2114895660
0.2114895660
0.2162992946
0.2202559885
0.2237410733
0.2274296988
0.2274296988
0.2303700645
0.2327602518
0.2337699434
0.2362450976
0.2362450976
0.2392297524
0.2420281757
0.2443293578
0.2469664583
0.2469664583
0.2493369313
0.2515619702
0.2540132758
0.2552013619
0.2552013619
0.2569033400
0.2588695720
0.2059779702
0.2132825888
0.2132825888
0.2224029719
0.2313419620
0.2396513939
0.2467971220
0.2467971220
0.2511980392
0.2541039016
0.2618195513
0.2636579524
0.2636579524
0.2604487383
0.2583235568
0.2585205441
0.2616851772
0.2616851772
0.2658454280
0.2694822621
0.2751350028
0.2802752478
0.2802752478
0.2867146251
0.2912641404
0.2960212402
0.3011559330
0.3011559330
0.3058346375
0.3097487467
0.3130388511
0.3150146781
0.3150146781
0.3147200052
0.3138832223
0.3137253297
0.3147409581
0.3147409581
0.3152738684
0.3167009541
0.3187800769
0.3213725548
0.3213725548
0.3236243128
0.3253393145
0.3436285933
0.3263245279
0.3263245279
0.3251840386
0.2887562997
0.2895694899
0.2902478153
0.2902478153
0.2937692109
0.2952034165
0.2959294352
0.2991989271
0.2991989271
0.3030271852
0.3052365749
0.3073286668
0.3104021322
0.3104021322
0.3126233233
0.3152386890
0.3170662688
0.3183206746
0.3183206746
0.3187186387
0.3220429493
0.3236299430
0.3276542002
0.3276542002
0.3269413292
0.3214952562
0.3138687435
0.2976789966
0.2976789966
0.2835055147
0.2730403438
0.2753756667
0.2826246762
0.2826246762
0.2851303337
0.2788166051
0.2770107584
0.2754170863
0.2754170863
0.2750616648
0.2773155808
0.2818942024
0.2885546019
0.2885546019
0.3008293360
0.3052189186
0.3115223279
0.3166663718
0.3166663718
0.3207195972
0.3228615376
0.3251668971
0.3309717416
0.3309717416
0.3270571620
0.3272063106
0.3277929702
0.3280992210
0.3280992210
0.3282153846
0.3275488508
0.3331502243
0.2418032960
0.2418032960
0.2416881578
0.2414534011
0.2409255586
0.2401675109
0.2401675109
0.2394991381
0.2386500312
0.2379244380
0.2368837151
0.2368837151
0.2357619312
0.2344049546
0.2323990090
0.2315310707
0.2315310707
0.2302711505
0.2285951574
0.2273358609
0.2268954376
0.2268954376
0.2261515015
0.2247460519
0.2168945775
0.2170120960
0.2170120960
0.2171261226
0.2165932778
0.2161994585
0.2163943153
0.2163943153
0.2168102080
0.2172409171
0.2179275278
0.2181899286
0.2181899286
0.2188211717
0.2193028383
0.2193978017
0.2193150368
0.2193150368
0.2734897849
0.2742464974
0.2724612583
0.2615173674
0.2615173674
0.2528834791
0.2453143670
0.2419996668
0.2390240409
0.2390240409
0.2353448610
0.2288273433
0.2313905153
0.2313905153
0.2427088168
0.2472146653
0.2526160411
0.2578014184
0.2578014184
0.2661400715
0.2739361877
0.2815381422
0.2890129529
0.1252470627
0.1252470627
0.1236102294
0.1226175194
0.1224418023
0.1224418023
0.1209527023
0.1184659251
0.1164284406
0.1163510352
0.1163510352
0.1164005271
0.1168418735
0.1153275135
0.1135297295
0.1135297295
0.1125834086
0.1095101703
0.1076616351
0.1063102973
0.1063102973
0.1104062870
0.1140133445
0.1165907074
0.1176011487
0.1176011487
0.1200634974
0.1182312885
0.1150490448
0.1162388015
0.1162388015
0.1259270683
0.1386455666
0.1458717964
0.1370018566
0.1370018566
0.1269319433
0.1196529951
0.1183505363
0.1154457892
0.1154457892
0.1136927485
0.1118797881
0.1094708183
0.1071750997
0.1071750997
0.1558400878
0.1562803510
0.1564275550
0.1556867460
0.1556867460
0.1554665189
0.1556692191
0.1551629471
0.1548803676
0.1548803676
0.1546170782
0.1545997390
0.1542834511
0.1534230320
0.1534230320
0.1530234331
0.0713279140
0.0713171652
0.0712714949
0.0712714949
0.1462067189
0.0769405021
0.0763535341
0.0757364417
0.0757364417
0.0752497789
0.0746135131
0.0740450254
0.0735698951
0.0735698951
0.0731012771
0.0725466161
0.0722446438
0.0721786215
0.0721786215
0.0721617807
0.0721032090
0.0721216303
0.0721126977
0.0721126977
0.0721467001
0.0721780417
0.0722647296
0.0722708682
0.0722708682
0.0722808844
0.0723056450
0.0723518541
0.0723588949
0.0723588949
0.0723999569
0.0724687915
0.0724588491
0.0725020238
0.0725020238
0.0725913683
0.0726038921
0.0727179073
0.0727997375
0.0727997375
0.0728101719
0.0728196756
0.0728288292
0.0728164492
0.0728164492
0.0728215598
0.0728219783
0.0730678384
0.0732013312
0.0732013312
0.0736193890
0.0742680122
0.0736835752
0.0713671655
0.0713671655
0.0711779404
0.0711675503
0.0712700275
0.0714059970
0.0714059970
0.0715451608
0.0714840342
0.0713656894
0.0712731431
0.0712731431
0.0532591563
0.0546948591
0.0553833589
0.0555461954
0.0555461954
0.0567306500
0.0574530192
0.0580309287
0.0585724481
0.0585724481
0.0588262426
0.0589422210
0.0590869517
0.0590868393
0.0590868393
0.0590902064
0.0590999685
0.0591389335
0.0592242545
0.0592242545
0.0593658632
0.0593817868
0.0594453870
0.0594621135
0.0594621135
0.0594870669
0.0594968945
0.0595250400
0.0595366308
0.0595366308
0.0595445713
0.0595524236
0.0856629589
0.0857007907
0.0857007907
0.0857663324
0.0858032789
0.0858812355
0.0859719166
0.0859719166
0.0860625844
0.0860932317
0.0862706605
0.0863035307
0.0863035307
0.0863703524
0.0863839811
0.0863549175
0.0863411546
0.0863411546
0.2131085628
0.2133201407
0.2135351171
0.2127615700
0.2127615700
0.2120412672
0.2121564059
0.2132218761
0.2138828134
0.2138828134
0.2134736394
0.2129888275
0.2127307540
0.2124926746
0.2124926746
0.2121106774
0.2118782663
0.2123876507
0.2135420563
0.2135420563
0.2139720504
0.2141379894
0.2136248993
0.2144643301
0.2144643301
0.2148558593
0.2150191548
0.2150807245
0.2157450635
0.2157450635
0.2173587757
0.2189916991
0.2205547271
0.2210960812
0.2210960812
0.2214661355
0.2224022920
0.2240831462
0.2244073000
0.2244073000
0.2250591691
0.2259009742
0.2270372266
0.2270330635
0.2270330635
0.2316664742
0.2314167908
0.2316453899
0.2317949504
0.2317949504
0.2321070396
0.2327312025
0.2335159057
0.2343597577
0.2343597577
0.2348284776
0.2357091976
0.2368227896
0.2368227896
0.2367058280
0.2360004361
0.2362341194
0.2368759013
0.2368759013
0.2380244398
0.2390643202
0.2388068440
0.2385239096
0.2387692221
0.2387692221
0.2390926607
0.2219311003
0.2219173446
0.2225352602
0.2225352602
0.2216011243
0.2206451191
0.2195419112
0.2185862404
0.2185862404
0.2182879664
0.2212379075
0.2244328766
0.2274744305
0.2274744305
0.2288841593
0.2316705151
0.2331768105
0.2331768105
0.2357520130
0.2374291067
0.2392323200
0.2414196744
0.2414196744
0.0442942588
0.0443435711
0.0443636685
0.0321029173
0.0321029173
0.0322829130
0.0326277305
0.0330303238
0.0323324156
0.0323324156
0.0325849737
0.0330094557
0.0332148927
0.0335945660
0.0335945660
0.0284922492
0.0284197829
0.0284127770
0.0284545901
0.0284545901
0.0284151872
0.0282722810
0.0282474016
0.0282316039
0.0282316039
0.0282725981
0.0281603819
0.0279838622
0.3426960371
0.3426960371
0.3427793411
0.3414353765
0.3372569051
0.3313949297
0.3313949297
0.3274537152
0.3215160286
0.3178505289
0.3146393481
0.3146393481
0.3115663958
0.3106921974
0.3118430959
0.3115928068
0.3115928068
0.3128478530
0.3141523828
0.3138759136
0.3132049995
0.3132049995
0.3110343312
0.3094449051
0.3066775234
0.3046737875
0.3046737875
0.3042216636
0.3057885734
0.3098763645
0.3151276132
0.3151276132
0.3185027786
0.3180084168
0.3166402976
0.1487409459
0.1487409459
0.1517125542
0.1545614328
0.1572481155
0.1581362346
0.1581362346
0.1589695855
0.1586625205
0.1585818010
0.1585673173
0.1585673173
0.1587905299
0.1587000258
0.1580461183
0.1574692870
0.1574692870
0.1573618794
0.1573913681
0.1582950209
0.1592659450
0.1592659450
0.0907674038
0.0914392951
0.0929171824
0.0937748253
0.0937748253
0.0949691384
0.0959312761
0.0967893306
0.0978877999
0.0978877999
0.0990452794
0.1004256193
0.1016154324
0.1021599606
0.1021599606
0.1007710346
0.0986819862
0.1023464431
0.1010605612
0.1010605612
0.1005461409
0.1006075728
0.1015401416
0.1026340562
0.1026340562
0.1037138681
0.4119785499
0.4122236247
0.4123953329
0.4123953329
0.4123114840
0.4116137596
0.4107881278
0.4108220038
0.4108220038
0.4110653799
0.4127807374
0.4136190804
