0.4245257127
0.4246553262
0.4246553262
0.4249103681
0.4249374070
0.4245437356
0.4246985746
0.4245523849
0.4245523849
0.4246825501
0.4244834979
0.4247781424
0.4247164450
0.4249482979
0.4249482979
0.4247259814
0.4252030748
0.4251006339
0.4254436016
0.4253145115
0.4253145115
0.4253615374
0.4257365581
0.4252400264
0.4251060807
0.4252143251
0.4252143251
0.4254730338
0.4273511976
0.4269660684
0.4249155566
0.4249418532
0.4249418532
0.4235541773
0.4231340589
0.4236271306
0.4329941539
0.4336739831
0.4336739831
0.4343884917
0.4349459325
0.4322939413
0.4322666599
0.4335353075
0.4335353075
0.4325242704
0.4327199626
0.4306929360
0.4288534196
0.4315823425
0.4315823425
0.4328650462
0.4323816122
0.4322908330
0.4318828789
0.4310293831
0.4310293831
0.4331032055
0.4313594797
0.4304523591
0.4320747522
0.4312427652
0.4312427652
0.4306659387
0.4294976339
0.4288600467
0.4296958959
0.4283800885
0.4283800885
0.4286437217
0.4287058663
0.4265928377
0.4257155072
0.4262811344
0.4262811344
0.4222247500
0.4224486998
0.4231009994
0.4208967471
0.4211362923
0.4211362923
0.4260537331
0.4261047467
0.4265075388
0.4263930492
0.4324192575
0.4324192575
0.4305656327
0.4286966661
0.4284661202
0.4275055553
0.4290894703
0.4290894703
0.4292436286
0.4285419455
0.4286127548
0.4278901208
0.4272818106
0.4272818106
0.4281456895
0.4303309021
0.4315019040
0.4316472429
0.4303045204
0.4303045204
0.4296017971
0.4283532342
0.4271456469
0.4279733729
0.4274141522
0.4274141522
0.4279152289
0.4281522017
0.4257651290
0.4281195623
0.4287307358
0.4287307358
0.4271507039
0.4285101672
0.4275989944
0.4286948083
0.4260452619
0.4260452619
0.4231541662
0.4224257171
0.4238287063
0.4245213353
0.4229368470
0.4229368470
0.4274052417
0.4280110807
0.4286758775
0.4260601947
0.4315683788
0.4315683788
0.4327566069
0.4341503070
0.4315859265
0.4321037541
0.4274220702
0.4274220702
0.4312013877
0.4320582006
0.4303714673
0.4317990544
0.4284626103
0.4284626103
0.4281959512
0.4277012731
0.4273304400
0.4265595008
0.4278817305
0.4278817305
0.4280246921
0.4295303285
0.4285647168
0.4311996188
0.4311807943
0.4311807943
0.4306882739
0.4297378669
0.4306437374
0.4308619489
0.4293071232
0.4293071232
0.4292316662
0.4303016164
0.4275209269
0.4272950993
0.4249321918
0.4249321918
0.4232813660
0.4266939922
0.4273116632
0.4273047884
0.4231509694
0.4231509694
0.4204365228
0.4247567140
0.4274622659
0.4263569226
0.4239407244
0.4239407244
0.4253390341
0.4252930837
0.4255427676
0.4225141743
0.4230248919
0.4230248919
0.4226710842
0.4183889988
0.4205806251
0.4192948767
0.4187265821
0.4187265821
0.4180933959
0.4205539598
0.4235744332
0.4280872464
0.4273942372
0.4273942372
0.4261428575
0.4316782416
0.4285252895
0.4287000958
0.4275319269
0.4275319269
0.4256045357
0.4252897547
0.4268545015
0.4262127506
0.4252438209
0.4252438209
0.4244745475
0.4236018201
0.4234131550
0.4223114395
0.4253130059
0.4253130059
0.4220579360
0.4258933665
0.4203385974
0.4245946020
0.4221102117
0.4221102117
0.4208320629
0.4208739574
0.4203491431
0.4168434035
0.4162531848
0.4162531848
0.4194357930
0.4229912964
0.4175133033
0.4203381750
0.4181379676
0.4181379676
0.4170893456
0.4144665438
0.4140750688
0.4117819165
0.4163187392
0.4163187392
0.4131483550
0.4139102375
0.4130111481
0.4091276131
0.4090868847
0.4090868847
0.4090650799
0.4068736375
0.4092527220
0.4121033517
0.4103070890
0.4103070890
0.4070533851
0.4074809263
0.4107186788
0.4104421723
0.4077490366
0.4077490366
0.4069709306
0.4055327395
0.4081363592
0.4058443482
0.4040388654
0.4040388654
0.4049880441
0.4065063123
0.4060656529
0.4034485278
0.3997124978
0.3997124978
0.4024353984
0.4058030115
0.4058355852
0.4021581235
0.4047641549
0.4047641549
0.4044448390
0.4029590930
0.4047982083
0.4033878209
0.4064674332
0.4064674332
0.4102331381
0.4112931198
0.4083781803
0.4024239264
0.4017519225
0.4017519225
0.4022924825
0.4073557351
0.4053624142
0.4022967242
0.4036619380
0.4036619380
0.4018578400
0.3988703558
0.3992471699
0.3994203605
0.4014467862
0.4014467862
0.4014744406
0.4032180883
0.4020516082
0.4040307522
0.4050976985
0.4050976985
0.4069880549
0.4090667016
0.4115013541
0.4111104831
0.4133256254
0.4133256254
0.4146153718
0.4122149018
0.4109349786
0.4117843281
0.4103711872
0.4103711872
0.4055649027
0.4078765246
0.4130139670
0.4136411887
0.4095140032
0.4095140032
0.4094457751
0.4180155697
0.4122984531
0.4145939789
0.4145479488
0.4145479488
0.4112198374
0.4159413047
0.4172567345
0.4123828292
0.4136695801
0.4136695801
0.4123518200
0.4120288464
0.4099076251
0.4133925118
0.4136415445
0.4136415445
0.4115896860
0.4107410407
0.4099967181
0.4094707083
0.4132147090
0.4132147090
0.4161373961
0.4138658600
0.4101563114
0.4103698478
0.4101069033
0.4101069033
0.4097548613
0.4102070245
0.4135869784
0.4117819441
0.4061557073
0.4061557073
0.4073849387
0.4080833017
0.4080952149
0.4070517031
0.4068002175
0.4068002175
0.4039965405
0.4032084402
0.4053582366
0.4017612227
0.4018686302
0.4018686302
0.3991756005
0.4012649689
0.4048954092
0.4064590815
0.4104842014
0.4104842014
0.4090844735
0.4066633167
0.4103942466
0.4103202829
0.4076007471
0.4076007471
0.4086556684
0.4142162126
0.4154050077
0.4106445484
0.4124595242
0.4124595242
0.4103035818
0.4097056551
0.4093883004
0.4074970136
0.4036585760
0.4036585760
0.4008016161
0.4061991110
0.4058524322
0.4060375622
0.4067140998
0.4067140998
0.4075362592
0.4101642607
0.4092237367
0.4115970283
0.4129578187
0.4129578187
0.4090036272
0.4090354868
0.4116586994
0.4067327979
0.4065012729
0.4065012729
0.4081262416
0.4063476948
0.4043334969
0.4014553384
0.4029815893
0.4029815893
0.4016541006
0.3978491945
0.3957051237
0.3945042841
0.3948287922
0.3948287922
0.4013999854
0.3993589438
0.4000175977
0.4064576168
0.4078541427
0.4078541427
0.4065345124
0.4049405271
0.4081082236
0.4112633840
0.4080589001
0.4080589001
0.4105133696
0.4100849344
0.4094303258
0.4090490601
0.4074850596
0.4074850596
0.4067893059
0.4035470241
0.4016874319
0.4030498904
0.4022953541
0.4022953541
0.4041738415
0.4103596113
0.4114482293
0.4126534069
0.4166725432
0.4166725432
0.4138177139
0.4111754028
0.4134740323
0.4129572296
0.4126888374
0.4126888374
0.4139518104
0.4150982549
0.4153184434
0.4172048266
0.4202850167
0.4202850167
0.4171693779
0.4175234078
0.4209184074
0.4197788359
0.4232951892
0.4232951892
0.4249218937
0.4242716408
0.4223551647
0.4222731823
0.4244679133
0.4244679133
0.4226001026
0.4207436604
0.4249525916
0.4239223223
0.4267558473
0.4267558473
0.4260462649
0.4250232684
0.4252506926
0.4267881880
0.4264053652
0.4264053652
0.4259095990
0.4256675160
0.4272043564
0.4254605204
0.4295278532
0.4295278532
0.4262354854
0.4193518456
0.4207769872
0.4228010948
0.4195016734
0.4195016734
0.4195262653
0.4204900243
0.4199721561
0.4190000660
0.4224367174
0.4224367174
0.4287622361
0.4245615178
0.4241565421
0.4217176088
0.4201933884
0.4201933884
0.4239566667
0.4246674666
0.4282080174
0.4293387744
0.4279391242
0.4279391242
0.4264474531
0.4280833327
0.4289865552
0.4274168514
0.4218405415
0.4218405415
0.4158468773
0.4121871138
0.4125824034
0.4155623034
0.4172821596
0.4172821596
0.4236202206
0.4266841506
0.4240487991
0.4250596045
0.4219084241
0.4219084241
0.4174640235
0.4185714371
0.4172434865
0.4192708042
0.4094435511
0.4094435511
0.4121585481
0.4092348436
0.4042830297
0.4047646714
0.4058420162
0.4058420162
0.4004021958
0.3976384294
0.3984399320
0.3968543424
0.3972070375
0.3972070375
0.3933997151
0.3901827038
0.3953592929
0.3997616423
0.3962746230
0.3962746230
0.3939835453
0.3950742664
0.3882769572
0.3893919620
0.3868154461
0.3868154461
0.3842244875
0.3797621520
0.3762596836
0.3760499726
0.3767737795
0.3767737795
0.3732727935
0.3688135568
0.3662406168
0.3614056350
0.3616268454
0.3616268454
0.3601627945
0.3603944420
0.3593165690
0.3575897440
0.3549945304
0.3549945304
0.3574600583
0.3586099800
0.3538802856
0.3529954010
0.3519199644
0.3519199644
0.3513833697
0.3519312316
0.3495533941
0.3472527669
0.3462168640
0.3462168640
0.3457939318
0.3456790453
0.3430621620
0.3406449890
0.3383483929
0.3383483929
0.3348521514
0.3338617548
0.3344466415
0.3285084416
0.3322559287
0.3322559287
0.3321641788
0.3327688766
0.3335428689
0.3348793631
0.3372708328
0.3372708328
0.3337427286
0.3347950661
0.3352352022
0.3342316575
0.3353925776
0.3353925776
0.3359251699
0.3364927842
0.3343500365
0.3345556584
0.3287737406
0.3287737406
0.3290669812
0.3296194190
0.3242112447
0.3232367196
0.3265571278
0.3265571278
0.3243006964
0.3244556866
0.3270227135
0.3257039451
0.3252308719
0.3252308719
0.3297480385
0.3216622575
0.3231672854
0.3204485819
0.3189186909
0.3189186909
0.3217855187
0.3211522240
0.3197123164
0.3201157737
0.3205549505
0.3205549505
0.3212713036
0.3214168551
0.3204866744
0.3191797932
0.3174604911
0.3174604911
0.3159169409
0.3148671410
0.3137258676
0.3151159991
0.3161794613
0.3161794613
0.3168486187
0.3144081549
0.3148225828
0.3138951991
0.3141094551
0.3141094551
0.3139603176
0.3129959308
0.3109406970
0.3103837688
0.3105190394
0.3105190394
0.3071956330
0.3066930075
0.3066707523
0.3138312337
0.3088464943
0.3088464943
0.3079173243
0.3079226341
0.3085650370
0.3077168478
0.3089660196
0.3089660196
0.3066510673
0.3052849056
0.3032083332
0.3004195283
0.2994420551
0.2994420551
0.3033867556
0.3018233795
0.3090868828
0.3111581606
0.3108097289
0.3108097289
0.3072099859
0.3060438230
0.3056069219
0.3035359893
0.3056313615
0.3056313615
0.3107963450
0.3116344326
0.3098836951
0.3047290025
0.3031734251
0.3031734251
0.3067955742
0.3036340449
0.3048945374
0.3081145024
0.3100425144
0.3100425144
0.3114447627
0.3107258166
0.3115129622
0.3127616253
0.3140237684
0.3140237684
0.3159749628
0.3166718974
0.3183737949
0.3192436881
0.3202182206
0.3202182206
0.3215436932
0.3213828133
0.3210402075
0.3207570841
0.3203729771
0.3203729771
0.3224517974
0.3219344714
0.3223186286
0.3230519454
0.3270021168
0.3270021168
0.3252681948
0.3223012132
0.3211174919
0.3215437306
0.3201232796
0.3201232796
0.3207575659
0.3217460850
0.3216279005
0.3195847370
0.3189204026
0.3189204026
0.3175254898
0.3183262223
0.3167809339
0.3136840459
0.3142149487
0.3142149487
0.3118473313
0.3098092185
0.3069449745
0.3072421913
0.3060390564
0.3060390564
0.3037827821
0.3064939504
0.3079910900
0.3079015059
0.3099143365
0.3099143365
0.3074582958
0.3044237340
0.3039753835
0.3018969513
0.3024838252
0.3024838252
0.3034303726
0.3026810640
0.3038390348
0.3013284067
0.3007665150
0.3007665150
0.3007721246
0.2990825310
0.2984254301
0.2974673716
0.2947879734
0.2947879734
0.2944725501
0.2961520623
0.2995403058
0.2996108503
0.3063493939
0.3063493939
0.3126309021
0.3132650452
0.3173320444
0.3224776774
0.3221953840
0.3221953840
0.3250295670
0.3319129771
0.3329434598
0.3337256164
0.3375094442
0.3375094442
0.3390092917
0.3396295823
0.3456510243
0.3486680527
0.3544406980
0.3544406980
0.3548019533
0.3549245858
0.3564780997
0.3577758789
0.3578569985
0.3578569985
0.3629369421
0.3666077470
0.3703036278
0.3685647521
0.3692539664
0.3692539664
0.3736740570
0.3731150983
0.3728100412
0.3768346126
0.3781127524
0.3781127524
0.3791185334
0.3824703217
0.3846128654
0.3888832571
0.3905016512
0.3905016512
0.3930139913
0.3931368908
0.3951332243
0.3977578818
0.3965514992
0.3965514992
0.3978929951
0.3993168069
0.3991719651
0.3992797953
0.4017551571
0.4017551571
0.4013719396
0.4012109734
0.4059531284
0.4022823411
0.4020831332
0.4020831332
0.4071637193
0.4092548733
0.4080150924
0.4105257752
0.4090115429
0.4090115429
0.4091586460
0.4147013750
0.4151929788
0.4128957026
0.4143717212
0.4143717212
0.4160198898
0.4160472669
0.4172601148
0.4170318402
0.4155033208
0.4155033208
0.4162199696
0.4173678518
0.4173892300
0.4200565270
0.4185461226
0.4185461226
0.4192069276
0.4200244929
0.4191279671
0.4171353453
0.4193157285
0.4193157285
0.4184066003
0.4188363072
0.4230561728
0.4194557168
0.4202547955
0.4202547955
0.4175643969
0.4173763382
0.4137888991
0.4121047271
0.4154517020
0.4154517020
0.4127569021
0.4191960140
0.4170306588
0.4175604106
0.4174646626
0.4174646626
0.4193458142
0.4179796172
0.4140159116
0.4111874968
0.4117577805
0.4117577805
0.4092094808
0.4097194515
0.4152231182
0.4182852939
0.4103579898
0.4103579898
0.4174792169
0.4226706694
0.4241154153
0.4232648350
0.4240899436
0.4240899436
0.4220564968
0.4197292710
0.4221696842
0.4232436374
0.4201100463
0.4201100463
0.4212103660
0.4209157696
0.4180973658
0.4175209755
0.4210348188
0.4210348188
0.4170773972
0.4167039527
0.4195617314
0.4142252204
0.4148647873
0.4148647873
0.4145998124
0.4130353677
0.4141561984
0.4077234402
0.4107156273
0.4107156273
0.4088329652
0.4116319543
0.4128740195
0.4137332287
0.4141230854
0.4141230854
0.4136598152
0.4145357744
0.4132571923
0.4126869857
0.4160010817
0.4160010817
0.4136685593
0.4155521179
0.4138749649
0.4132463469
0.4140473259
0.4140473259
0.4122042337
0.4130527380
0.4132606851
0.4112876088
0.4111160514
0.4111160514
0.4195141316
0.4203570086
0.4214527673
0.4218516267
0.4217467852
0.4217467852
0.4218371758
0.4222150016
0.4227226125
0.4235961911
0.4244348601
0.4244348601
0.4230939828
0.4237762827
0.4235192531
0.4224595106
0.4212105402
0.4212105402
0.4207973422
0.4235822838
0.4200806924
0.4178140826
0.4151942603
0.4151942603
0.4119638363
0.4104082709
0.4084726666
0.4085781973
0.4074878791
0.4074878791
0.4068612664
0.4067031551
0.4065664422
0.4053211992
0.4045721043
0.4045721043
0.4053464699
0.4045299545
0.4041199240
0.4043861164
0.4029985149
0.4029985149
0.4026670946
0.4036572945
0.4057863750
0.4062310962
0.4069831227
0.4069831227
0.4074944521
0.4070364941
0.4057379938
0.4060266421
0.4044155995
0.4044155995
0.4043011224
0.4031377030
0.4026159496
0.4015434180
0.3998299012
0.3998299012
0.4064333689
0.4147719982
0.4170578097
0.4153514336
0.4128038720
0.4128038720
0.4130123321
0.4125939756
0.4133021923
0.4128284281
0.4122849110
0.4122849110
0.4118009499
0.4114881149
0.4109260121
0.4110431655
0.4106688592
0.4106688592
0.4127384711
0.4128678492
0.4158405461
0.4125639259
0.4132355881
0.4132355881
0.4112994509
0.4107458731
0.4112195768
0.4094059204
0.4086982674
0.4086982674
0.4088479671
0.4108506820
0.4130676147
0.4121023512
0.4133778304
0.4133778304
0.4121819134
0.4125485790
0.4112810539
0.4119362347
0.4079888202
0.4079888202
0.4094955015
0.4080685994
0.4119617864
0.4117204544
0.4146514641
0.4146514641
0.4110041977
0.4116106129
0.4073985398
0.4103000995
0.4114618035
0.4114618035
0.4123709592
0.4152426440
0.4166002504
0.4138739282
0.4141730895
0.4141730895
0.4141600973
0.4143763617
0.4122978437
0.4146603084
0.4140891231
0.4140891231
0.4155775268
0.4130873303
0.4096096274
0.4134147764
0.4178973183
0.4178973183
0.4176719679
0.4146568530
0.4083714365
0.4101396276
0.4087422581
0.4087422581
0.4100935972
0.4096881314
0.4117249154
0.4123702130
0.4143517779
0.4143517779
0.4155787629
0.4164995116
0.4135302717
0.4149950140
0.4169896714
0.4169896714
0.4174899743
0.4155637208
0.4161097286
0.4145322588
0.4156217690
0.4156217690
0.4168423332
0.4152129869
0.4201327966
0.4114921002
0.4180337472
0.4180337472
0.4163182499
0.4148693486
0.4147358771
0.4128096494
0.4132226771
0.4132226771
0.4121037352
0.4151668642
0.4146758195
0.4117598304
0.4146094420
0.4146094420
0.4148252682
0.4120517117
0.4114765032
0.4164980388
0.4126204232
0.4126204232
0.4092560775
0.4178806710
0.4117398359
0.4129775726
0.4136042372
0.4136042372
0.4130209169
0.4132534821
0.4167828084
0.4139549277
0.4111557008
0.4111557008
0.4119172996
0.4108654196
0.4106738539
0.4145283740
0.4118060638
0.4118060638
0.4109566378
0.4085121262
0.4116588640
0.4152562580
0.4166057498
0.4166057498
0.4165690892
0.4193112842
0.4118546362
0.4095970589
0.4126838160
0.4126838160
0.4123228775
0.4094172134
0.4094253972
0.4076565521
0.4023982414
0.4023982414
0.4017415763
0.4041807477
0.3982803288
0.4037749512
0.4035886759
0.4035886759
0.4025450417
0.4046707598
0.4059934938
0.4084629248
0.4050726349
0.4050726349
0.4075202991
0.4064353542
0.4048000685
0.4037343743
0.4084563401
0.4084563401
0.4058992675
0.4072291775
0.4075014303
0.4081487378
0.4132035425
0.4132035425
0.4145050877
0.4157975643
0.4135867495
0.4141149159
0.4161714443
0.4161714443
0.4136628767
0.4157028093
0.4117829738
0.4095346742
0.4103987231
0.4103987231
0.4105976873
0.4099375166
0.4118887378
0.4123363337
0.4132698925
0.4132698925
0.4142557272
0.4156877830
0.4158557138
0.4137383121
0.4153230072
0.4153230072
0.4188722114
0.4153623285
0.4144731441
0.4167732625
0.4195638787
0.4195638787
0.4206689457
0.4248350125
0.4237729820
0.4233488817
0.4237283466
0.4237283466
0.4223526394
0.4228322624
0.4232285349
0.4211007651
0.4186372947
0.4186372947
0.4203414116
0.4199552055
0.4182393681
0.4136699392
0.4129618012
0.4129618012
0.4182339433
0.4180303369
0.4139847697
0.4156124341
0.4183609829
0.4183609829
0.4182999087
0.4165497187
0.4168011495
0.4182169097
0.4171485636
0.4171485636
0.4178536291
0.4161847052
0.4154781685
0.4140152939
0.4129085311
0.4129085311
0.4153066141
0.4086914534
0.4072966982
0.4057345153
0.4040003247
0.4040003247
0.4033684639
0.4072429112
0.4062919509
0.4070026092
0.4111163588
0.4111163588
0.4141134632
0.4132192559
0.4141646935
0.4123393410
0.4095491159
0.4095491159
0.4084885619
0.4068019106
0.4051202983
0.4073344967
0.4064741078
0.4064741078
0.4063995159
0.4055315957
0.4032928706
0.3998857428
0.3990084524
0.3990084524
0.4008581882
0.4027323717
0.4016571552
0.4013230670
0.4010333730
0.4010333730
0.4014874298
0.4032558918
0.4061849768
0.4029108349
0.4034274990
0.4034274990
0.4039645850
0.4054065612
0.4065583574
0.4075289608
0.4074781268
0.4074781268
0.4055458016
0.4045931410
0.4011434146
0.4016158427
0.4026587361
0.4026587361
0.4005891041
0.4028499118
0.4021049777
0.4018186790
0.4032659041
0.4032659041
0.4036595719
0.4059531956
0.4085529198
0.4045070146
0.4039696192
0.4039696192
0.4034252239
0.4032574589
0.4014893068
0.3988106567
0.3977352263
0.3977352263
0.3960512464
0.4002919073
0.3994302222
0.3969570617
0.3963686852
0.3963686852
0.3997904688
0.3992826893
0.4080950248
0.3996224383
0.3882515761
0.3882515761
0.3853066726
0.3929571738
0.3935376688
0.3972934772
0.4026299022
0.4026299022
0.4027040910
0.4022001698
0.4021599111
0.4011285323
0.4046189496
0.4046189496
0.4108074202
0.4074882732
0.4033380730
0.3975214245
0.3911794020
0.3911794020
0.3932621351
0.3972386404
0.3940746638
0.3961875596
0.3908547571
0.3908547571
0.3893747204
0.3879819471
0.3884230318
0.3882817834
0.3888956968
0.3888956968
0.3861596832
0.3857192732
0.3833431988
0.3844816880
0.3827374635
0.3827374635
0.3818825413
0.3778495864
0.3738074502
0.3718461577
0.3754568667
0.3754568667
0.3774094136
0.3771656325
0.3721307792
0.3703028772
0.3673141321
0.3673141321
0.3671031615
0.3684721024
0.3696907924
0.3675167404
0.3664739989
0.3664739989
0.3679770677
0.3652134279
0.3621167373
0.3615112570
0.3586799222
0.3586799222
0.3617869927
0.3639195929
0.3614097386
0.3601243977
0.3599104237
0.3599104237
0.3610924672
0.3635837839
0.3679301431
0.3594269575
0.3549903102
0.3549903102
0.3569540008
0.3550602871
0.3587447020
0.3600018994
0.3613198565
0.3613198565
0.3594862797
0.3679594844
0.3708855572
0.3741760161
0.3741619051
0.3741619051
0.3704088131
0.3654766281
0.3666388321
0.3623065923
0.3636792520
0.3636792520
0.3663303582
0.3617168278
0.3652648484
0.3686607007
0.3682415588
0.3682415588
0.3647130145
0.3661607167
0.3619901333
0.3584410734
0.3600389679
0.3600389679
0.3650546159
0.3604632122
0.3561456205
0.3566475020
0.3560615575
0.3560615575
0.3583617462
0.3565799838
0.3580642425
0.3541777055
0.3526751692
0.3526751692
0.3480083976
0.3502506723
0.3485562441
0.3482612970
0.3496985047
0.3496985047
0.3484388514
0.3474066844
0.3477735305
0.3466006352
0.3444050984
0.3444050984
0.3791629514
0.3801179529
0.3806315058
0.3805758446
0.3830263858
0.3830263858
0.3841385320
0.3851267123
0.3864968985
0.3864270251
0.3871537150
0.3871537150
0.3890850240
0.3895795840
0.3903826441
0.3913615090
0.3910420131
0.3910420131
0.3902141926
0.3912343317
0.3911095792
0.3910943536
0.3917968929
0.3917968929
0.3923052884
0.3957127953
0.3963240119
0.3983341255
0.3988386190
0.3988386190
0.4014254455
0.4020737279
0.4016453924
0.4002292760
0.3999186052
0.3999186052
0.3995752665
0.4011268217
0.3998628033
0.3988578887
0.3944273846
0.3944273846
0.3921948510
0.3887908315
0.3878144924
0.3860032587
0.3846893602
0.3846893602
0.3842858900
0.3844103111
0.3844025110
0.3845946646
0.3856026016
0.3856026016
0.3865944351
0.3873948690
0.3881321662
0.3882718243
0.3876546429
0.3876546429
0.3879035955
0.3882803754
0.3883870662
0.3879711133
0.3874875934
0.3874875934
0.3843463660
0.3863299364
0.3935268093
0.3990536279
0.3986961473
0.3986961473
0.3963304714
0.3966192382
0.3961940101
0.3956600247
0.3947325170
0.3947325170
0.3417028195
0.3415166536
0.3403636340
0.3404382646
0.3416539163
0.3416539163
0.3423269188
0.3428930020
0.3445180082
0.3457614144
0.3442650034
0.3442650034
0.3432851519
0.3451472530
0.3416904544
0.3427196973
0.3428880122
0.3428880122
0.3431543114
0.3437353246
0.3410957097
0.3395819795
0.3402632698
0.3402632698
0.3429336351
0.3398851085
0.3370668363
0.3410325603
0.3389759926
0.3389759926
0.3402547078
0.3400372203
0.3369219116
0.3371461484
0.3413476708
0.3413476708
0.3429430971
0.3437160286
0.3481494086
0.3501621820
0.3469872060
0.3469872060
0.3520996880
0.3560724373
0.3545707394
0.3577406557
0.3554091417
0.3554091417
0.3614969028
0.3607249544
0.3587144691
0.3562837649
0.3541158595
0.3541158595
0.3538959877
0.3520506259
0.3522839240
0.3521865169
0.3489881070
0.3489881070
0.3519918544
0.3523145351
0.3489734261
0.3485492105
0.3485368108
0.3485368108
0.3512141299
0.3484311437
0.3494459952
0.3503908714
0.3526099934
0.3526099934
0.3510173727
0.3476810739
0.3465711142
0.3463962805
0.3450233989
0.3450233989
0.3470327498
0.3522061920
0.3493056494
0.3500134806
0.3458187012
0.3458187012
0.3401409118
0.3398229422
0.3397237624
0.3397815301
0.3394047912
0.3394047912
0.3429542360
0.3453582836
0.3418719162
0.3435002600
0.3338105968
0.3338105968
0.3366240055
0.3406809897
0.3454854136
0.3433910580
0.3437957902
0.3437957902
0.3400697170
0.3378868602
0.3354956538
0.3328678658
0.3299192754
0.3299192754
0.3366125401
0.3407914273
0.3430604938
0.3430925921
0.3393118483
0.3393118483
0.3369177251
0.3407573349
0.3390800130
0.3436736183
0.3418733769
0.3418733769
0.3409948190
0.3379581642
0.3385797191
0.3378945296
0.3391217305
0.3391217305
0.3433939767
0.3420106110
0.3374719940
0.3361801841
0.3346178867
0.3346178867
0.3325576074
0.3341732254
0.3351197386
0.3344796366
0.3331001809
0.3331001809
0.3376681754
0.3387473559
0.3317459368
0.3336486167
0.3371074839
0.3371074839
0.3431662772
0.3407157469
0.3346353370
0.3478496489
0.3484473568
0.3484473568
0.3432631008
0.3421271607
0.3379779546
0.3302439076
0.3278005924
0.3278005924
0.3242472892
0.3225162702
0.3186262399
0.3222402030
0.3250909172
0.3250909172
0.3211030417
0.3189068482
0.3178530220
0.3184494813
0.3172006318
0.3172006318
0.3189865768
0.3215468216
0.3178690586
0.3162953834
0.3166692753
0.3166692753
0.3135308747
0.3208928158
0.3271017598
0.3247297634
0.3250829182
0.3250829182
0.3260627666
0.3180089313
0.3147488268
0.3158652689
0.3147883949
0.3147883949
0.3106162972
0.3111998615
0.3123295240
0.3133949208
0.3095296477
0.3095296477
0.3082779832
0.3089774116
0.3095987563
0.3103991781
0.3079692481
0.3079692481
0.3094550732
0.3101082864
0.3136373869
0.3128683070
0.3112393234
0.3112393234
0.3125853861
0.3102245151
0.3047224154
0.3090164192
0.3107803519
0.3107803519
0.3079485663
0.3081371332
0.3073463916
0.3047310310
0.3029367611
0.3029367611
0.3045941771
0.3055590095
0.3076803800
0.3071530341
0.3052766610
0.3052766610
0.3109954164
0.3119684449
0.3086633161
0.3060193836
0.3071706350
0.3071706350
0.3073413696
0.3059575975
0.3043396839
0.3043396839
0.3073299256
0.3073299256
