0.0026200442
0.0039183159
0.0026199345
0.0119869690
0.0258688884
0.0389296526
0.0523289004
0.0661300354
0.0790664082
0.0927468591
0.1061402350
0.1205490680
0.1325529073
0.1466573707
0.1600007323
0.1738855600
0.1864941798
0.2010213509
0.2132953367
0.2279713258
0.2412330788
0.2552075774
0.2685744533
0.2826928650
0.2945096533
0.3097495784
0.3221374190
0.3357940720
0.3472590663
0.3630774489
0.3759107765
0.3899323644
0.4015721768
0.4022243407
0.4033772951
0.4038120663
0.4044753564
0.4046015009
0.4047515416
0.4048026786
0.4047604797
0.4048341775
0.4048798461
0.4049315691
0.4048990571
0.4049215093
0.4049729608
0.4050208825
0.4052435516
0.4053276175
0.4053067265
0.4053943951
0.4054259296
0.4054663471
0.4054608067
0.4055161323
0.4049652468
0.4050109878
0.4048417550
0.4048001948
0.4046675908
0.4046896526
0.4047595784
0.4048336424
0.4042894442
0.4043453222
0.4044225375
0.4044225375
0.4044738319
0.4045036329
0.4045411741
0.4044722289
0.4045514193
0.2968060162
0.2969749062
0.2971991449
0.2973932991
0.2975354525
0.2977673231
0.2979945970
0.2982269435
0.2990305377
0.2992617339
0.2993077426
0.2995354827
0.2989817024
0.2992127191
0.2993590826
0.2988516683
0.2985165030
0.2986844919
0.2985734069
0.2987794652
0.2989149559
0.2990346392
0.2992766914
0.2993967258
0.2984192192
0.2987455751
0.2990422297
0.2992868813
0.2995123830
0.2996768655
0.2997223509
0.3000466884
0.3004049566
0.3006186835
0.3008750398
0.3011085491
0.3005597700
0.3008330525
0.3004362485
0.3005785015
0.3004437369
0.3005466817
0.3004104099
0.3003942137
0.2984986370
0.2986675461
0.2990432860
0.2992182211
0.3002588418
0.3005307256
0.3006530365
0.4402140620
0.4390687924
0.4381486957
0.4377419570
0.4370345946
0.4367876523
0.4371685137
0.4375027344
0.4367872653
0.4378346188
0.4378766028
0.4383030252
0.4381259351
0.4384499788
0.4377631079
0.4377948626
0.4389788683
0.4391101611
0.4403826779
0.4407701751
0.4406152577
0.4423017720
0.4427231709
0.4451178194
0.4462020782
0.4460851225
0.4477759998
0.4498818685
0.4500894387
0.4532875661
0.4533872585
0.4547773387
0.4574572804
0.4599457301
0.4608184636
0.4608604933
0.4632588878
0.4646213960
0.4662757790
0.4661753339
0.4661882763
0.4672936512
0.4670575612
0.4667484903
0.4660889883
0.4661034385
0.3747389503
0.3749318925
0.3752250451
0.3754180987
0.3756022921
0.3756108683
0.3757491254
0.3759102923
0.3759196836
0.3759691928
0.3758912998
0.3756269172
0.3755568811
0.3750662327
0.3748496998
0.3742442957
0.3740279446
0.3736094803
0.3732481442
0.3724038435
0.3719404543
0.3715363342
0.3710776942
0.3699434848
0.3698649159
0.3691491547
0.3687436363
0.3683136577
0.3680784819
0.3679400123
0.3679415734
0.3672216388
0.3670532954
0.3668603703
0.3663642643
0.3657916322
0.3654839900
0.3653544646
0.3651414813
0.3641851685
0.3641720660
0.3639490319
0.3638261775
0.3637256319
0.3637201455
0.3633825993
0.3634523199
0.3632317827
0.3632033101
0.3629972951
0.3629528604
0.3627495352
0.3626892268
0.3625686824
0.3621208310
0.3606931195
0.3608356421
0.3609307786
0.3609875560
0.3610070020
0.3609183337
0.3608083290
0.3606656543
0.3600075930
0.3598196789
0.3596380577
0.3596361148
0.3591723505
0.3590333538
0.3590691572
0.3591608689
0.3585498162
0.3586503345
0.3587063005
0.3587337742
0.3585018873
0.3585798589
0.3585116372
0.3583061251
0.3575801742
0.3577095556
0.3577941696
0.3578897447
0.3579007405
0.3580173173
0.3579085066
0.3577634452
0.3569392196
0.3570518491
0.3571534348
0.1860229823
0.1862804394
0.1865070763
0.1870259755
0.1877694318
0.1886391848
0.1888394344
0.1892919961
0.1893622303
0.1896964707
0.1898520571
0.1900052373
0.1902389738
0.1901520115
0.1902890212
0.1904683864
0.1904368043
0.1903381993
0.1905178752
0.1907763025
0.1909078706
0.1911148991
0.1913053098
0.1915231463
0.1917491844
0.1919398294
0.1916302056
0.1913565473
0.1915710028
0.1915229212
0.1917951488
0.1922368830
0.1926053864
0.1930354588
0.1932380982
0.1933683684
0.1936505553
0.1941974820
0.1944461839
0.1947247314
0.1948397881
0.1948934880
0.1951146107
0.1953573549
0.1955622149
0.1952368053
0.1950752646
0.1952733427
0.1955951731
0.1959010998
0.1961537269
0.1964625646
0.1966049239
0.1968937919
0.1970068450
0.1971174441
0.1972554338
0.1966030372
0.1968215157
0.1970239583
0.1972735793
0.1977940312
0.1980983796
0.1983460631
0.1985547524
0.1988013704
0.1989685831
0.1993793761
0.1996754819
0.1997309718
0.1999830813
0.2002638083
0.2005918538
0.2007829577
0.2010859737
0.2010411968
0.2013167353
0.2014806098
0.2017249488
0.2021363466
0.2025271914
0.2028641685
0.2032050175
0.2033774216
0.2184710117
0.2186491266
0.2189311199
0.2193422214
0.2196928784
0.2210590422
0.2212787697
0.2217839156
0.2218863400
0.2230616047
0.2231349548
0.2233010669
0.2230551519
0.2228230966
0.2227329917
0.2228368263
0.2229976989
0.2231044253
0.2233224631
0.2239084173
0.2238576937
0.2243364910
0.2244369750
0.2246618341
0.2243529443
0.2238382943
0.2237735833
0.2239856594
0.2241275321
0.2242662794
0.2244835121
0.2246616727
0.2246446366
0.2251756964
0.2247272312
0.2247035018
0.2244846170
0.2243205354
0.2242737616
0.2242186155
0.2241129540
0.2243064720
0.2243737136
0.2243731780
0.2244520347
0.2248123365
0.2245787948
0.2240196777
0.2240283749
0.2236937670
0.2237350047
0.2239743432
0.2239699920
0.2243649170
0.2244897246
0.2246380537
0.2248433800
0.2253662414
0.2252888701
0.2248167169
0.5945397282
0.5937142682
0.5925041600
0.5901515615
0.5887191556
0.5872107265
0.5856268123
0.5838750069
0.5820040406
0.5794717980
0.5773361643
0.5751515517
0.5721204983
0.5694936049
0.5666136131
0.5628872290
0.5597041805
0.5564719762
0.5524225604
0.5483878469
0.5438897672
0.5391815427
0.5349961998
0.5304473949
0.5257631989
0.5214445883
0.5167663077
0.5118379288
0.5072826392
0.5025040240
0.4972793968
0.4923526748
0.4881025067
0.4840620694
0.4803858877
0.4770070234
0.4740575055
0.4716338858
0.4693572474
0.4678590898
0.4667509228
0.4628694473
0.4585597734
0.4529702170
0.4483024973
0.4456111512
0.4440477852
0.4449655453
0.4479587635
0.4600502887
0.4709243107
0.4775192359
0.4766519095
0.4793297674
0.4782528685
0.4744183010
0.4708031752
0.4670789176
0.4633799026
0.4599988812
0.1436747568
0.1435365654
0.1435509192
0.1435763078
0.1436182994
0.1436480725
0.1436792462
0.1436961183
0.1437442811
0.1437427123
0.1437599306
0.1437634499
0.1437711110
0.1438071858
0.1438897511
0.1439415069
0.1438995297
0.1439096866
0.1439107570
0.1439239933
0.1443411732
0.1449076223
0.1455404716
0.1464852028
0.1472990084
0.1473780803
0.1481612665
0.1488083374
0.1493517123
0.1500012236
0.1508339419
0.1516601654
0.1522932815
0.2119431194
0.2125120619
0.2128319343
0.2130080782
0.2133248401
0.2132725617
0.2119422794
0.2118627961
0.2112276621
0.2107601677
0.2105890826
0.2097427632
0.2089537722
0.2087943785
0.5768743719
0.5765392525
0.5769910911
0.2058436035
0.2059443779
0.5748212311
0.5705870638
0.5699559269
0.2023556512
0.2027761287
0.7388052877
0.7397330092
0.3197769496
0.3201752344
0.3205832894
0.3210680100
0.3219003409
0.3224971399
0.3222944765
0.3227512228
0.3231170780
0.3232461446
0.3238057443
0.3242132609
0.3237907121
0.3244735683
0.3245623574
0.3246676199
0.3247621558
0.3252150597
0.3242127434
0.3250267435
0.3253452850
0.3257391048
0.3253373839
0.3256332696
0.3251171724
0.3260947644
0.3261421650
0.3263771541
0.3266301268
0.3266705609
0.3269917963
0.3275790157
0.3273611535
0.3279193519
0.0940253190
0.0941459177
0.0942836525
0.0944209864
0.0944938537
0.0946532079
0.0948456171
0.0950125802
0.0952344786
0.1654159463
0.1655991469
0.1650384341
0.0954389399
0.0956106013
0.1660592032
0.1665668853
0.1667021162
0.0886420328
0.0824984809
0.6548735017
0.6562970316
0.3878106607
0.3842251559
0.3847932685
0.3856450673
0.3863152277
0.3869791730
0.3877150852
0.3882914170
0.3887736055
0.3893303213
0.3898494760
0.3905625792
0.3910265310
0.3915417378
0.3922964664
0.3915904810
0.3921819491
0.3929530717
0.3931794916
0.3933575049
0.3933700126
0.3928321550
0.3934318467
0.3936742316
0.3938288800
0.3934492975
0.3937846172
0.3937497160
0.3941727068
0.3943835941
0.3949664918
0.3931741385
0.3933027013
0.3939675280
0.3943930120
0.3942310387
0.3946026070
0.3944406990
0.3942760185
0.3946236370
0.3949988421
0.3952045063
0.3955554410
0.3956763683
0.3958818348
0.3960077547
0.3954694291
0.3949643665
0.3950516424
0.3950134366
0.3947898852
0.3947481221
0.3945782870
0.3946174092
0.3948305721
0.3942408899
0.3940538369
0.3943148294
0.3944867076
0.3937318790
0.3931976569
0.3932715098
0.3933509061
0.3922971360
0.3920072165
0.3922328888
0.3921742134
0.3922606238
0.3923506837
0.3922971953
0.3919376140
0.3919819968
0.3920380719
0.3920445352
0.3922556099
0.3918338539
0.3913111244
0.3915036650
0.3914145039
0.3903816069
0.3904950374
0.3903022658
0.3901235599
0.3900376041
0.3899412973
0.3899454395
0.3899575242
0.3896729740
0.3892411868
0.3890850813
0.1581734438
0.1585646121
0.1588423386
0.1591129122
0.1591267200
0.1590989910
0.1588859877
0.1588972236
0.1587786885
0.1587058945
0.1586570484
0.1585936387
0.1585562461
0.1586209755
0.1588447312
0.1590334021
0.1591086605
0.1590702664
0.1590343799
0.1590089877
0.1589728293
0.1588144513
0.1588101564
0.1586215256
0.1586166842
0.1587591541
0.1588221327
0.1588956278
0.1588950412
0.1587860727
0.1587656906
0.1587652529
0.1587325130
0.1587245599
0.1586019394
0.1585106190
0.1584590455
0.1583172006
0.1580393599
0.1578847239
0.1578856543
0.1577995632
0.1576041777
0.1574163744
0.1573368057
0.1573639304
0.1574502457
0.1577139329
0.1579283409
0.1580210307
0.1582115393
0.1584787807
0.1586881831
0.1589760238
0.1591688031
0.1593063066
0.1594305072
0.1593688662
0.1593985365
0.1594100652
0.1592922831
0.1591747150
0.1591676079
0.1592138201
0.1593025896
0.1593707299
0.1594329740
0.1593415043
0.1593306650
0.1592717971
0.1593301093
0.1594449704
0.1594665938
0.1593875405
0.1595657890
0.1596000399
0.1595754875
0.1595670902
0.1595089455
0.1594525535
0.1594026694
0.1592654245
0.1591708564
0.1591443100
0.1592168676
0.1591894778
0.1591991317
0.1592657468
0.1593389493
0.1594700830
0.1594256485
0.1593874139
0.1592467369
0.1260571407
0.1262885827
0.1268194101
0.1272979306
0.1278957542
0.1282290724
0.1283455624
0.1285610475
0.1282722215
0.1285870877
0.1287668365
0.1284721737
0.1270647785
0.1274924057
0.1275631492
0.1270884447
0.1260879240
0.1256733478
0.1248516146
0.1250320106
0.1247210235
0.1248060742
0.1236224245
0.1225246096
0.1223471568
0.1223867632
0.1218786325
0.1222145026
0.1223397083
0.2299489329
0.2268851043
0.2286558084
0.1175202246
0.1174554372
0.2255790522
0.2253562400
0.1178453720
0.1185355267
0.1197264210
0.7762321539
0.7735231596
0.3982014649
0.3989418096
0.3998308249
0.4003216856
0.4008625274
0.4009173748
0.4008103615
0.3996940832
0.3984986257
0.3973006000
0.3955008066
0.3864029579
0.3874709834
0.3876784147
0.3881279634
0.3876484648
0.3859612863
0.3855354642
0.3837096374
0.3818067955
0.3816176464
0.3798169148
0.3780044131
0.3783907843
0.3737337466
0.3735318293
0.3739478449
0.3722788032
0.3707730123
0.3705342299
0.3686744638
0.3664306249
0.3662839062
0.3661109376
0.3644573086
0.3636557185
0.3630917048
0.3608891052
0.3604542198
0.3592864299
0.3570498901
0.3571852287
0.3562904668
0.3548942070
0.3552440411
0.3541041612
0.3532453945
0.3524348252
0.3514541327
0.3509321412
0.3508098734
0.3487225098
0.3480317119
0.3480397787
0.3467461431
0.3464779584
0.3474131382
0.3466322493
0.0563644296
0.0563808472
0.0562885835
0.0562545260
0.0562375918
0.0563025677
0.0561781884
0.0561244929
0.0560629509
0.0560935983
0.0558533103
0.0555769268
0.0553941386
0.1122048665
0.1111807864
0.0527924925
0.0529587151
0.0529442903
0.1098876807
0.1091219605
0.0512898743
0.0515012123
0.0515091761
0.5720576268
0.5715586046
0.3255196610
0.3255252117
0.3257278668
0.3255189722
0.3250673818
0.3248093686
0.3239617793
0.3236908602
0.3231722001
0.3222368564
0.3215266437
0.3215575521
0.3202384249
0.3201137524
0.3194780680
0.3181935912
0.3172389989
0.3171619734
0.3163888429
0.3162518129
0.3154002655
0.3148051339
0.3143009917
0.3133241403
0.3121441041
0.3116838610
0.3110897794
0.3094202161
0.3085708360
0.3079083262
0.3067353487
0.3063160670
0.3055681470
0.3049782297
0.3043151178
0.3032635120
0.3020086459
0.3014215093
0.3005800265
0.2994726772
0.2988474856
0.1606700581
0.1606992473
0.1606604827
0.1605409720
0.1604626964
0.1603796914
0.1602974539
0.1602798529
0.1603004164
0.1604679793
0.1604976316
0.1606148058
0.1606872652
0.1608851782
0.1609352558
0.1610747951
0.1611244894
0.1609666061
0.1608210174
0.1606981432
0.1605309147
0.1603061012
0.1600775606
0.1598867916
0.1595358931
0.1594219762
0.1592703141
0.1592320170
0.1591987472
0.1591417681
0.1589603499
0.1589618409
0.1590682177
0.1591960013
0.1591791385
0.1593780312
0.1594227248
0.1594081694
0.1593637450
0.1594467092
0.1594723371
0.1594837499
0.1595937168
0.1598237704
0.1599228675
0.1601313434
0.1602069107
0.1603771671
0.1604790127
0.1605359033
0.1605009787
0.1606329442
0.1606777232
0.1607164849
0.1606794011
0.1605149174
0.1603819218
0.1602936641
0.1602425007
0.1602184609
0.1603010767
0.1601995791
0.1602770349
0.1604819913
0.1605534061
0.1606454318
0.1608069987
0.1608936821
0.1612119701
0.1615309742
0.1619065817
0.1625011466
0.1633843634
0.1638762577
0.1640986928
0.1636006957
0.1629232716
0.1620737883
0.1611132664
0.1598041782
0.1587869547
0.1576291078
0.1564368948
0.1558650654
0.1558705634
0.1565722279
0.1584896560
0.1592466673
0.1595979421
0.1600129250
0.1603450222
0.1603087935
0.1600127304
0.1591028305
0.1587853532
0.1583405499
0.1580599473
0.1577830379
0.1575482724
0.1572164027
0.1572110685
0.1570812587
0.1569748912
0.1569919574
0.1570164863
0.1568920106
0.1569567513
0.1568605441
0.1568484036
0.1567934526
0.1567516093
0.1566058271
0.1567376704
0.1566487406
0.1565066498
0.1562838826
0.1561818697
0.1559558238
0.1557227113
0.1558185554
0.1563056309
0.1569858318
0.1573430618
0.1574829212
0.1576084290
0.1576372519
0.1576049849
0.1577750400
0.1574777964
0.1574787981
0.1576943823
0.1577328586
0.1581524709
0.1585672889
0.1591393250
0.1597298964
0.1601980836
0.1604136262
0.1605310274
0.1603371856
0.1600487517
0.1599348673
0.1595316927
0.1585685092
0.1576134242
0.1571281498
0.1571281498
0.1566007827
0.1567314849
0.1558588469
0.1557955638
0.1550672896
0.1544846080
0.1547139704
0.1552436074
0.1552358433
0.1560053032
0.1564150385
0.1568418293
0.1571601933
0.1572316597
0.1572738668
0.1575008973
0.1574680728
0.1574100367
0.1576384545
0.1577240128
0.1577666904
0.1579227118
0.1581253404
0.1583471114
0.1584941176
0.1585969784
0.1584701582
0.1584773330
0.1585061199
0.1582927684
0.1579491063
0.1577051056
0.1576438249
0.1574198977
0.1573592924
0.1571709527
0.1569708924
0.1566152770
0.1565913943
0.1565566998
0.1565299902
0.1564429250
0.1564991130
0.1564423728
0.1564461674
0.1564484835
0.1562619947
0.1557333770
0.1550262795
0.1952714876
0.1955503481
0.1959049979
0.1962011363
0.1968061825
0.1967948467
0.1967974254
0.1971707694
0.1976189087
0.1975349474
0.1983680147
0.1982481657
0.1983905452
0.1986228170
0.1980410622
0.1979840231
0.1980852306
0.1977924011
0.1977933467
0.1980542306
0.1978906396
0.1987025315
0.1990951946
0.1987803841
0.1990017573
0.1995046668
0.1992614764
0.1996003635
0.1989899946
0.1985938127
0.1986013355
0.1989322874
0.1984834493
0.1992998734
0.1995532849
0.1993154383
0.1993761886
0.1998409368
0.1999245590
0.1993666725
0.1984916916
0.1986966458
0.1988655210
0.1987812455
0.1990424500
0.1994726558
0.1990046876
0.1993177455
0.1999645028
0.1995103790
0.1993525996
0.1995702436
0.1993069613
0.2002552136
0.2006037551
0.2003455219
0.2009895296
0.2012520957
0.2013167044
0.2010542044
0.2008290385
0.2004072387
0.2005769914
0.2008075975
0.2007464003
0.2013731711
0.2016748572
0.2012167097
0.2017815116
0.2010269714
0.2013829976
0.2006682825
0.2003374388
0.2002934854
0.2005140020
0.2001631662
0.2008047497
0.2011523085
0.2014306838
0.2013122040
0.2025513950
0.2022400722
0.2023437776
0.2018388434
0.3232736999
0.3228284220
0.3232887979
0.3234349970
0.3241301142
0.3247040440
0.3242540747
0.3259538733
0.3268335052
0.3266622078
0.3269599060
0.3275271319
0.3266783228
0.3265672275
0.3273001808
0.3284617023
0.3281037952
0.3282437670
0.3284569494
0.3304108115
0.3287742252
0.3312743339
0.3323489910
0.3312808733
0.3311347916
0.3319529851
0.3313036495
0.3326989736
0.3328652765
0.3325145389
0.3327456564
0.3331536833
0.3328462947
0.3347421522
0.3392204785
0.3450106268
0.3493767624
0.3507646501
0.3504530920
0.3512459156
0.3514267526
0.3513830564
0.3514138496
0.3526066142
0.3528165482
0.3529764817
0.3553376770
0.3530940499
0.3528541578
0.3551840603
0.3552513122
0.3553977346
0.3548867635
0.3551264718
0.3550949786
0.3547095836
0.3550879020
0.3551044372
0.3544088884
0.3544494558
0.3537764640
0.3531953626
0.3533958564
0.3534761573
0.3532488778
0.3533850518
0.3538312417
0.3535626145
0.3541432814
0.3542901169
0.3543540531
0.3543649184
0.3540726744
0.3539770104
0.3542535274
0.3540442027
0.3554364396
0.3546559472
0.3545241317
0.3555304549
0.3558336443
0.3554379277
0.3556775119
0.3553849413
0.3547627223
0.3544263666
0.3543215752
0.3545636138
0.3542383970
0.3546344158
0.3544065492
0.3543677388
0.3552851604
0.3544261032
0.3552708908
0.3552426702
0.3552972741
0.3574851550
0.1885069707
0.1898930405
0.1915627330
0.1934134953
0.1950376080
0.1961727510
0.1975109438
0.1990208978
0.2004691258
0.2025395404
0.2043533360
0.2062187784
0.2084085872
0.2094982330
0.2104694542
0.2092419947
0.2107274921
0.2102878829
0.2095039392
0.2068078865
0.2048184482
0.2032655093
0.2026678162
0.2022130278
0.2020755951
0.2020726134
0.2013452041
0.2012752794
0.2008030762
0.2013046357
0.2020719004
0.2016699569
0.2006894063
0.2005931293
0.1999844284
0.1998329083
0.1993682722
0.1986307657
0.1978810293
0.1975052273
0.1966831993
0.1961968745
0.1954508918
0.1949817897
0.1946467196
0.1942925990
0.1931034830
0.1925897889
0.1919480651
0.1915757441
0.1910891480
0.1907748382
0.1902378278
0.1899101078
0.1895134900
0.1888135854
0.1881192446
0.1875723050
0.1863007742
0.1851782185
0.1848699254
0.1842452747
0.1834878325
0.1828099468
0.1823885374
0.1817542931
0.1806693340
0.1800770531
0.1791963457
0.1782570645
0.1774308469
0.1770177739
0.1761323898
0.1756606581
0.1748557554
0.1742793886
0.1736687859
0.1731601085
0.1722091957
0.1715667011
0.1708800822
0.1700303115
0.1690911696
0.1686979842
0.1678677701
0.1672795099
0.1667937082
0.1662290780
0.1656400798
0.1652514280
0.1644458669
0.1642308055
0.1637150359
0.1634321718
0.1629286520
0.1624898131
0.1624000743
0.1621921529
0.1614282590
0.1610522608
0.1608377794
0.1605606859
0.1602940200
0.1600348239
0.1594805359
0.1589585288
0.1577427124
0.1574486506
0.1573835469
0.1572218054
0.1568830497
0.1565785786
0.1562854662
0.1558720807
0.1554198694
0.1502077213
0.1446300521
0.1397268230
0.1337443262
0.1278244444
0.1226440567
0.1175505489
0.1112890377
0.1068227815
0.1016004943
0.0956030715
0.0903288684
0.0854408461
0.0800905175
0.0750032007
0.0697160180
0.0640338091
0.0592554870
0.0541378536
0.0480101247
0.0434345207
0.0382349582
0.0331819126
0.0281339745
0.0235578412
0.0183169387
0.0138896243
0.0094408979
0.0055550634
0.0030530884
0.0029471608
0.0026233609
0.0026233387
0.0026233148
0.0326782200
0.0634427470
0.0991877709
0.1329678994
0.1651689124
0.1998890676
0.2336994160
0.2678979743
0.3022877644
0.3353738194
0.3694299250
0.4021219917
0.4027684643
0.4034995296
0.4040637735
0.4045084305
0.4048387930
0.4045411173
0.4050593897
0.4051202266
0.4056513897
0.4061418007
0.4063815681
0.4060853622
0.4066292825
0.4064365196
0.4067570143
0.4064913183
0.4053551006
0.4044938799
0.4050995077
0.4052137428
0.4058069366
0.4064364789
0.4067702137
0.4070619499
0.4073876068
0.4066827846
0.4071233725
0.4073727575
0.4058062854
0.4058878718
0.4065261964
0.4065783937
0.4071602737
0.4074354078
0.4077280694
0.4075324000
0.4079306440
0.4078161776
0.4083549132
0.4084845461
0.4065347891
0.4063163072
0.4067706301
0.4068454288
0.4073770630
0.4077452414
0.4079177211
0.4080315166
0.4082470887
0.4076877217
0.4081197179
0.4084899717
0.4083236493
0.4064484805
0.4068562987
0.4065700218
0.4070861892
0.4072973014
0.4075013569
0.4075658143
0.4073065944
0.4068319893
0.4072964308
0.4076734405
0.4068998625
0.4060627194
0.4065728626
0.4066665873
0.4072377808
0.4077386478
0.4080888273
0.4077980648
0.4073088529
0.4066211069
0.4053936071
0.4044350814
0.4034617950
0.4028264987
0.4024244435
0.4017900987
0.4012238780
0.4008537685
0.4006532730
0.4003316105
0.4002803619
0.3997795541
0.3993206308
0.3992361246
0.3993013200
0.3991002091
0.3990889196
0.3989261450
0.3987098379
0.3985178996
0.3985569788
0.3985105501
0.3983949879
0.3981774605
0.3976022463
0.3976047735
0.3975467050
0.3974220330
0.3972834827
0.3969873596
0.3966222256
0.3964197321
0.3961474938
0.3960582335
0.3959982213
0.3956210445
0.3954219980
0.3950818773
0.3948790917
0.3945865307
0.3945874113
0.3943325908
0.3942352742
0.3939568619
0.3937808381
0.3936483305
0.3936113233
0.3932160503
0.3930253021
0.3923860233
0.3922483646
0.3921221728
0.3918938003
0.3917145419
0.3915481346
0.3910278330
0.3909604446
0.3908450575
0.3906688698
0.3905075967
0.3897832387
0.3894210137
0.3891712802
0.3887564553
0.3886283057
0.3885615875
0.3880231784
0.3878684063
0.3877817794
0.3877331721
0.3878063754
0.3876690164
0.3872538160
0.3868969556
0.3868208289
0.3867072637
0.3866696202
0.3865552810
0.3863571185
0.3854520777
0.3855465094
0.3856280256
0.3857479665
0.3858421382
0.3858033140
0.3857114845
0.3856835836
0.3856481556
0.4763253215
0.4763819353
0.4764432412
0.4765316651
0.4767518528
0.4769653312
0.4770870779
0.4781621905
0.4781752806
0.4782515764
0.4784416444
0.4789772558
0.4789971154
0.4791511178
0.4791155154
0.4788237332
0.4789231945
0.4789665524
0.4791355479
0.4792494220
0.4792935232
0.4795267799
0.4796751854
0.4797455317
0.4797865267
0.4798863238
0.4798717316
0.4794367092
0.4794074377
0.4794872866
0.4795636648
0.4792304157
0.4793384177
0.4794504408
0.4794891230
0.4796148312
0.4797111919
0.4797102923
0.4799353242
0.4808120665
0.4808509823
0.4809070714
0.4809242482
0.4809323979
0.4808940165
0.4808266395
0.4807875161
0.4807576552
0.4807499262
0.4805620068
0.4805720774
0.4805338335
0.4804764589
0.4805352043
0.4804449955
0.4796635083
0.4795365426
0.4793945878
0.4794429265
0.4792648622
0.4792478374
0.4792343306
0.4791875801
0.4793375356
0.4793079150
0.4793479013
0.4793535121
0.4794366004
0.4793620431
0.4786976739
0.4786803979
0.4787310191
0.4786684814
0.4786227786
0.4785471294
0.4784164383
0.4784215315
0.4785015850
0.4784656982
0.4789532860
0.4788418498
0.4786120812
0.4786050847
0.4786309459
0.4786358704
0.4785269938
0.4783508539
0.4781921572
0.4782065753
0.4782221946
0.4782330119
0.4783031828
0.4781073413
0.4782019593
0.4782419394
0.4785571907
0.4786502175
0.4785823150
0.4784688706
0.4778791874
0.4778780668
0.4779629157
0.4779886148
0.4781973567
0.4781349687
0.4781628914
0.4782239447
0.4782416993
0.4783139062
0.4777585805
0.4776907321
0.4778200891
0.4778445064
0.4779085421
0.4779428475
0.4778145978
0.4779145568
0.4782446564
0.4782005949
0.4781385332
0.4781685137
0.3448166970
0.3453696935
0.3457725495
0.3459260261
0.3460159090
0.3459436557
0.3463518284
0.3461616402
0.3463968116
0.3460231287
0.3457298690
0.3454128459
0.3449460225
0.3446056508
0.3442039703
0.3438155646
0.3434351751
0.3430538731
0.3428763884
0.3426458478
0.3426611787
0.3423605311
0.3420892242
0.3416489069
0.3412219889
0.3408825767
0.3405708789
0.3402962603
0.3396440533
0.3394080003
0.3392904755
0.3389680440
0.3388996491
0.3386348088
0.3382519218
0.3378729817
0.3372993639
0.3369140592
0.3362683199
0.3359936597
0.3356655261
0.3353617556
0.3351768903
0.3347294404
0.3345905448
0.3342962719
0.3340384330
0.3336933491
0.3332983667
0.3328078729
0.3327005087
0.3323561094
