0.3285341759
0.3285341759
0.3285341759
0.3285341759
0.3285339010
0.3285357689
0.3285357689
0.3285416262
0.3285468696
0.3285419413
0.3240267023
0.3240267023
0.3240246871
0.3036826534
0.3036789668
0.3061204423
0.3061204423
0.3061128741
0.3134035249
0.3134158932
0.3141534046
0.3141534046
0.3142186860
0.3102036285
0.3087300319
0.2983045832
0.2983045832
0.2961047268
0.2925453475
0.2910888161
0.2910043871
0.2910043871
0.2909977986
0.2902882902
0.2897766462
0.2898109532
0.2898109532
0.2899598717
0.2854449556
0.2854405035
0.2954937015
0.2954937015
0.2954782882
0.3036882829
0.3036939464
0.3099818917
0.3099818917
0.3099795050
0.3011015327
0.3010950022
0.3010892905
0.3010892905
0.3018185392
0.3018151696
0.3202234608
0.3202243161
0.3202243161
0.3251732102
0.3251653931
0.3222186158
0.3222217879
0.3222217879
0.3271633631
0.3271403832
0.3365891019
0.3365890623
0.3365890623
0.3365901898
0.3365877264
0.3365886237
0.3365898553
0.3365898553
0.3365902935
0.3365871259
0.3365877677
0.3958944691
0.3958944691
0.3958945443
0.3957810278
0.3957777167
0.3957783606
0.3957783606
0.3957791639
0.3957799241
0.3957800605
0.3957802208
0.3957802208
0.3957758397
0.3956372268
0.3956379157
0.3919438530
0.3919438530
0.3919435430
0.3853955288
0.3853877048
0.3862123439
0.3862123439
0.3862117753
0.3845159835
0.3845242252
0.3855931591
0.3855931591
0.3855951754
0.3839176626
0.3839250206
0.3661568329
0.3661568329
0.3661694868
0.3462820166
0.3462769951
0.3462788224
0.3462788224
0.2449839693
0.2446738486
0.2449110422
0.2449000554
0.2449000554
0.2452121423
0.2451987755
0.2449126118
0.2449111063
0.2449111063
0.2467035837
0.2466848009
0.2455382513
0.2455530397
0.2455530397
0.2447863913
0.2447042413
0.2447032197
0.2447036618
0.2447036618
0.2447040456
0.2447137199
0.2462329978
0.2462503504
0.2462503504
0.2497349109
0.2497324198
0.2494760093
0.2494751116
0.2494751116
0.2493804578
0.2493601312
0.2493624182
0.2493658230
0.2493658230
0.2493640584
0.2493652140
0.2493512436
0.2493575457
0.2493575457
0.2478777192
0.2478804509
0.2365436099
0.2364982029
0.2364982029
0.2360747443
0.2360820525
0.2360175788
0.2360203579
0.2360203579
0.2360632487
0.2359161112
0.2369447815
0.2370687512
0.2370687512
0.2328272188
0.2328511589
0.2337220892
0.2337281329
0.2337281329
0.2337330169
0.2342152374
0.2342204524
0.2343088122
0.2343088122
0.2343088219
0.2343769424
0.2343824708
0.2343863779
0.2343863779
0.2343901791
0.2343840609
0.2343829129
0.2343861067
0.2343861067
0.2343864652
0.2343770424
0.2362895435
0.2367493022
0.2367493022
0.2372199448
0.2374585387
0.2376656323
0.2380754714
0.2380754714
0.2386012226
0.2381507579
0.2374210274
0.2367308351
0.2367308351
0.2373656940
0.2395613998
0.2427719920
0.2479354940
0.2479354940
0.2543206820
0.2607676559
0.2665229367
0.2723020770
0.2723020770
0.2771321875
0.2811958337
0.2840663756
0.2856455416
0.2856455416
0.2856253953
0.2858717399
0.2858715689
0.2851543580
0.2851543580
0.2851526822
0.2851579558
0.2847816170
0.2847817563
0.2847817563
0.2847800380
0.2849370362
0.2849375925
0.2849664374
0.2849664374
0.2849667116
0.2849539875
0.2849383933
0.2849406136
0.2849406136
0.2849454699
0.2848530587
0.2848526072
0.2848329058
0.2848329058
0.2847179277
0.2843919225
0.2843112521
0.2843178447
0.2843178447
0.2843205566
0.2844911572
0.2844905568
0.2844910531
0.2844910531
0.2844991902
0.2844949103
0.2844951746
0.2845816807
0.2845816807
0.2345932713
0.2345058708
0.2332517853
0.2332485875
0.2332485875
0.2332508384
0.2344893178
0.2344913613
0.2344918778
0.2344918778
0.2339364885
0.2339405321
0.2336638286
0.2336645951
0.2336645951
0.2338712737
0.2338724366
0.2338730426
0.2325838478
0.2325838478
0.2325842416
0.2325850283
0.2326854799
0.2326826494
0.2326826494
0.2326838793
0.2333805224
0.2333827556
0.2334127601
0.2334127601
0.2331367857
0.2329749218
0.2322850341
0.2322844527
0.2322844527
0.2315075930
0.2314966392
0.2314982811
0.2289524036
0.2289524036
0.2289548260
0.2289555123
0.2265331708
0.2265371524
0.2265371524
0.2265335371
0.2262012621
0.2133524215
0.2124569456
0.2124569456
0.2112633151
0.2084194443
0.2038731038
0.2027313594
0.2027313594
0.2000567295
0.1984724433
0.1982506907
0.1971374263
0.1971374263
0.1962997463
0.1958157466
0.1947077985
0.1941772380
0.1941772380
0.1946933010
0.1945859735
0.1956047900
0.1956001975
0.1956001975
0.1956000652
0.1954063932
0.1954051622
0.1954074739
0.1954074739
0.1957889732
0.1957870352
0.1949139295
0.1957343442
0.1957343442
0.1968293770
0.1999434351
0.1994512172
0.2104890345
0.2104890345
0.2101519831
0.2101929385
0.2137409283
0.2137432835
0.2137432835
0.2137468193
0.2132816133
0.2132829991
0.2132845396
0.2132845396
0.2131930016
0.2506402636
0.2506406454
0.2506442881
0.2506442881
0.2507422812
0.2565151851
0.2602033783
0.2592472472
0.2592472472
0.2547861909
0.2537077793
0.2498631710
0.2498460064
0.2498460064
0.2498316409
0.2490243910
0.2490334093
0.2499641446
0.2499641446
0.2500030131
0.2508716137
0.2508743860
0.2508744703
0.2508744703
0.2489934726
0.2490012604
0.2607809902
0.2607795108
0.2607795108
0.2607771208
0.2610020533
0.2610074291
0.2610007096
0.2610007096
0.2612914384
0.2613031213
0.2599514738
0.2601351639
0.2601351639
0.2559563374
0.2565811449
0.2508644550
0.2503803863
0.2503803863
0.2485856731
0.2498732079
0.2625878875
0.2658946373
0.2658946373
0.2720917001
0.2751022174
0.2767338667
0.2793812550
0.2793812550
0.2805466822
0.2829456037
0.2959480674
0.2969904609
0.2969904609
0.2978980173
0.2982515382
0.2483075366
0.2482494639
0.2482494639
0.2491142876
0.2490595526
0.2475606735
0.2475611442
0.2475611442
0.2475792506
0.2473427633
0.2469410543
0.2419141634
0.2419141634
0.2429563397
0.2171993120
0.2165521988
0.2149510391
0.2149510391
0.2149590150
0.2170551424
0.2174805264
0.2201552794
0.2201552794
0.2205420112
0.2229780967
0.2230276835
0.2255105863
0.2255105863
0.2256168177
0.2256379550
0.2227519256
0.2225716623
0.2225716623
0.2212341519
0.2075801173
0.2058167014
0.2172795004
0.2172795004
0.2172584779
0.2186679565
0.2175746682
0.2265480544
0.2265480544
0.2265460147
0.2327878429
0.2327561261
0.2347936637
0.2347936637
0.2347922588
0.2206103382
0.2119662174
0.2046588544
0.2046588544
0.2046561373
0.2069157316
0.2069119247
0.2069105637
0.2069105637
0.2082346314
0.2077646235
0.2127797555
0.2277994308
0.2277994308
0.2413766274
0.2561674041
0.2706862267
0.2785664256
0.2785664256
0.2829557399
0.2638283027
0.2621534704
0.2610541854
0.2610541854
0.2476088358
0.2332921824
0.2303987062
0.2231342893
0.2231342893
0.2277106341
0.2321125452
0.2336405109
0.2402264888
0.2402264888
0.2419754953
0.2422770009
0.2437122178
0.2437155771
0.2437155771
0.2448198259
0.2447731434
0.2504514120
0.2509068960
0.2509068960
0.2508997856
0.2512337326
0.2512356338
0.2514484002
0.2514484002
0.2514482145
0.2516529531
0.2516517614
0.2520470352
0.2520470352
0.2520487861
0.2524058803
0.2524058598
0.2528232245
0.2528232245
0.2528229978
0.2536552713
0.2540570801
0.2530634041
0.2530634041
0.2286051791
0.2040564547
0.2078688293
0.2208316333
0.2208316333
0.2231190025
0.2287036981
0.2307727099
0.2335797505
0.2335797505
0.2352225553
0.2380808296
0.2388195688
0.2405327607
0.2405327607
0.2410364373
0.2418804226
0.2435823986
0.2443120232
0.2443120232
0.2583291510
0.2585540265
0.2611669324
0.2610287766
0.2610287766
0.2610321234
0.2604836678
0.2604812427
0.2603881530
0.2603881530
0.2603887676
0.2602397815
0.2602452591
0.2601006611
0.2601006611
0.2601025975
0.2600585866
0.2603499860
0.2603685461
0.2603685461
0.2600632204
0.2600033001
0.2566625418
0.2566436223
0.2566436223
0.2573135174
0.2572741044
0.2569856813
0.2569575362
0.2569575362
0.2580682026
0.2576705296
0.2587732221
0.2581914539
0.2581914539
0.2581969739
0.2575890746
0.2565399440
0.2558031160
0.2558031160
0.2566699740
0.2557936610
0.2550389024
0.2541111447
0.2541111447
0.2517179707
0.2508425685
0.2479872971
0.2468480978
0.2468480978
0.2453926879
0.2445770564
0.2434341332
0.2425392084
0.2425392084
0.2405811507
0.2398521473
0.2384159311
0.2374868907
0.2374868907
0.2374197441
0.2367961909
0.2359247740
0.2349606123
0.2349606123
0.2342471985
0.2332078034
0.2326572104
0.2317077217
0.2317077217
0.2312719785
0.2307376652
0.2307708346
0.2299864453
0.2299864453
0.2296567407
0.2288994938
0.2283266732
0.2274711734
0.2274711734
0.2264599428
0.2259575199
0.2259507943
0.2259560371
0.2259560371
0.2259564545
0.2258373315
0.2258350779
0.2258341641
0.2258341641
0.2258369967
0.2258336068
0.2258350976
0.2258375251
0.2258375251
0.2258364447
0.2256029674
0.2256018026
0.2256027068
0.2256027068
0.2256044089
0.2199936047
0.2139706077
0.2110423707
0.2110423707
0.2095927580
0.2092085951
0.2092940950
0.2092901461
0.2092901461
0.2093776320
0.2093772482
0.2094335114
0.2094348389
0.2094348389
0.2094671608
0.2094694320
0.2094687147
0.2094723132
0.2094723132
0.2094753669
0.2094720125
0.2094752921
0.2094741037
0.2094741037
0.2094726060
0.2015149396
0.1878528215
0.1801769314
0.1801769314
0.1777939239
0.1771312873
0.1769095169
0.1771744280
0.1771744280
0.1771749209
0.1774624541
0.1774609540
0.1776657376
0.1776657376
0.1776662880
0.1777820892
0.1777825637
0.1775823180
0.1775823180
0.1775849948
0.2239612851
0.2236603684
0.2229871289
0.2229871289
0.2225344993
0.2222784216
0.2224933147
0.2224847129
0.2224847129
0.2228156569
0.2230129073
0.2222653673
0.2221685190
0.2221685190
0.2207501871
0.2214400743
0.2198740472
0.2189824737
0.2189824737
0.2172571693
0.2168477608
0.2143763177
0.2119961143
0.2119961143
0.2085562943
0.2055591224
0.2029545658
0.2000059822
0.2000059822
0.1983054642
0.1945087761
0.1924857176
0.1906481156
0.1906481156
0.1870706325
0.1848764793
0.1824814400
0.1808024780
0.1808024780
0.1790722769
0.1775847474
0.1763542458
0.1748789629
0.1748789629
0.1733176242
0.1710763475
0.1705797601
0.1692895222
0.1692895222
0.1693128421
0.1696564264
0.1700618524
0.1699701107
0.1699701107
0.1701931007
0.1701494715
0.1701880003
0.1700789295
0.1700789295
0.1702102756
0.1695898007
0.1697684244
0.1692814021
0.1692814021
0.1689611462
0.1688433048
0.1687411949
0.1682160706
0.1682160706
0.1681718547
0.1680148923
0.1678497028
0.1675969002
0.1675969002
0.1674933869
0.1675261495
0.1677255520
0.1676334581
0.1676334581
0.1674701481
0.1659973613
0.1660213266
0.1616238448
0.1616238448
0.1616097881
0.1605073106
0.1605297568
0.1597061626
0.1597061626
0.1569089204
0.1623187995
0.1634546885
0.1634580988
0.1634580988
0.1660608410
0.1673593009
0.1631412995
0.1522250400
0.1522250400
0.1465377372
0.1433286424
0.1424682362
0.1430721437
0.1430721437
0.1430745351
0.1435718455
0.1435675154
0.1439406671
0.1439406671
0.1439403688
0.1439784035
0.1439909450
0.1439773722
0.1439773722
0.1439582024
0.1439509948
0.1463630538
0.1483976960
0.1483976960
0.1499056869
0.1518262638
0.1533637469
0.1528055803
0.1528055803
0.1541680430
0.1562215970
0.1577235486
0.1591215847
0.1591215847
0.1608327109
0.1606242377
0.1623887759
0.1610852827
0.1610852827
0.1622375801
0.1636792695
0.1637616161
0.1665719991
0.1665719991
0.1676597648
0.1700631117
0.1702110210
0.1695431444
0.1695431444
0.1700332602
0.1695668560
0.1695768867
0.1686920926
0.1686920926
0.1686878755
0.1686920708
0.1708170787
0.1707935969
0.1707935969
0.1683905949
0.1669191726
0.1669295851
0.1671287087
0.1671287087
0.1671283420
0.1668375381
0.1661004219
0.1694947911
0.1694947911
0.1697581546
0.1680380087
0.1693074927
0.1772551276
0.1772551276
0.1753424822
0.1721848170
0.1695676093
0.1665273537
0.1665273537
0.1656311055
0.1663785823
0.1663785466
0.1666436244
0.1666436244
0.1666441394
0.1667753312
0.1667647460
0.1668699463
0.1668699463
0.1668548478
0.1668412209
0.1666369735
0.1666442110
0.1666442110
0.1666138310
0.1666046922
0.1666078229
0.1666104552
0.1666104552
0.1666105874
0.1666121348
0.1666127920
0.1666113189
0.1666113189
0.1666414435
0.1666055742
0.1666172217
0.1627600264
0.1627600264
0.1628049841
0.1558289832
0.1558317152
0.1558443781
0.1558443781
0.1574785468
0.1574423155
0.1574289811
0.1579145838
0.1579145838
0.1579191762
0.1579824292
0.1579775723
0.1579967114
0.1579967114
0.1532946233
0.1533251515
0.1563215945
0.1562091317
0.1562091317
0.1569438213
0.1569412118
0.1570103651
0.1570279712
0.1570279712
0.1684069836
0.1683892860
0.1683966035
0.1684091322
0.1684091322
0.1684181731
0.1684132840
0.1675018732
0.1674975089
0.1674975089
0.1653295392
0.1653526992
0.1641066969
0.1641069731
0.1641069731
0.1613861052
0.1613831633
0.1588282909
0.1588120444
0.1588120444
0.1586155574
0.1586401735
0.1581846325
0.1581853000
0.1581853000
0.1555596477
0.1555585048
0.1588586902
0.1588615080
0.1588615080
0.1603985687
0.1603929446
0.1592147834
0.1592007034
0.1592007034
0.1583752003
0.1583814995
0.1604826888
0.1616030391
0.1616030391
0.1643476811
0.1652791789
0.1649481484
0.1775800373
0.1775800373
0.1878992099
0.2015944310
0.2113945468
0.2212835006
0.2212835006
0.2276210395
0.2273241162
0.2218118917
0.2170084631
0.2170084631
0.2074759541
0.1951425882
0.1808684257
0.1668624305
0.1668624305
0.1666011167
0.1668232459
0.1665651398
0.1667545317
0.1667545317
0.1667400201
0.1642437696
0.1567347138
0.1564838823
0.1564838823
0.1561364048
0.1563909104
0.3494327704
0.3494194891
0.3494194891
0.3494061491
0.3494360460
0.3494188876
0.3493383355
0.3493383355
0.3493246231
0.3493437035
0.3493434844
0.3491236801
0.3491236801
0.3490577297
0.3493548832
0.2436779864
0.2778874720
0.2778874720
0.2840631782
0.3406552122
0.3397627373
0.3440352508
0.3440352508
0.3405447361
0.3495011404
0.3549848821
0.3600301959
0.3600301959
0.3589966103
0.3618130882
0.3619339194
0.3660875663
0.3660875663
0.3689221984
0.3732390419
0.3772537034
0.3807788823
0.3807788823
0.3799482780
0.3798806786
0.3822722179
0.3804381149
0.3804381149
0.3803531153
0.3812253268
0.3811533735
0.3808271282
0.3808271282
0.3810014568
0.3808396431
0.3808735485
0.3808493728
0.3808493728
0.3808411496
0.3810189945
0.3810161280
0.3811483278
0.3811483278
0.3811618411
0.3812495242
0.3812293955
0.3808178306
0.3808178306
0.3808067817
0.3807861755
0.3805315447
0.3805687726
0.3805687726
0.3805451303
0.3806964075
0.3806994484
0.3807026898
0.3807026898
0.3807171905
0.3807166690
0.3803990643
0.3803702245
0.3803702245
0.3809133151
0.3808953903
0.3809094573
0.3809097917
0.3809097917
0.3808919331
0.3808877170
0.3809017116
0.3809884130
0.3809884130
0.3809878866
0.3817262363
0.3817518519
0.3816876168
0.3816876168
0.3816818569
0.3828181296
0.3828128596
0.3830625752
0.3830625752
0.3830685741
0.3830087547
0.3830147697
0.3834766036
0.3834766036
0.3834787081
0.3835766816
0.3835731228
0.3835703521
0.3835703521
0.3835669002
0.3833104061
0.3833018889
0.3836344271
0.3836344271
0.3836339918
0.3836398771
0.3836312770
0.3834505580
0.3834505580
0.3834617512
0.3838207601
0.3838087817
0.3837438676
0.3837438676
0.3837527819
0.3835521917
0.3835514491
0.3844185352
0.3844185352
0.3844172481
0.3840750121
0.3840778047
0.3842354072
0.3842354072
0.3842371238
0.4053559294
0.4053613879
0.4053582712
0.4053582712
0.4053577679
0.4044955045
0.4045931697
0.4053304964
0.4053304964
0.4053406378
0.4055101365
0.4055070311
0.4058391645
0.4058391645
0.4057205290
0.4056240609
0.4056422262
0.4054222268
0.4054222268
0.4056041570
0.4053135871
0.4053059904
0.4044809800
0.4044809800
0.4044795599
0.4044601059
0.4044595490
0.4044569594
0.4044569594
0.4044571427
0.4044576228
0.4044574906
0.4044505855
0.4044505855
0.4044508380
0.4044490983
0.4044486809
0.4044384271
0.4044384271
0.4051496153
0.4051174455
0.4054312166
0.4054399111
0.4054399111
0.4056289690
0.4056421675
0.4056975866
0.4056811455
0.4056811455
0.4054442708
0.4054627225
0.4051536131
0.4051986644
0.4051986644
0.4044693796
0.4044265655
0.4044236031
0.4044220380
0.4044220380
0.4044218783
0.4058644609
0.4058945883
0.4058938925
0.4058938925
0.4058820284
0.4058523548
0.4058297865
0.4058400405
0.4058400405
0.4058601932
0.4058760567
0.4058884239
0.4058988606
0.4058988606
0.4058797059
0.4058950263
0.4060279348
0.4060216361
0.4060216361
0.4065220171
0.4065065483
0.4064960149
0.4059022350
0.4059022350
0.4059182991
0.4060318087
0.4062932309
0.4075348081
0.4075348081
0.4095240140
0.4141894076
0.4163931106
0.4128269985
0.4128269985
0.4120092982
0.4104917009
0.4092275141
0.3965696636
0.3965696636
0.3956026372
0.3961707478
0.3959668443
0.3876267989
0.3876267989
0.3854121169
0.3840157025
0.3721115252
0.3733494123
0.3733494123
0.3737042509
0.3673287667
0.3677336991
0.3678295195
0.3678295195
0.3679361709
0.3677916205
0.3677922525
0.3677791509
0.3677791509
0.3677999827
0.3676750552
0.3676934760
0.3676804547
0.3676804547
0.3676925538
0.3676561715
0.3676608626
0.3676608414
0.3676608414
0.3676667884
0.3684347087
0.3684711365
0.3639429865
0.3639429865
0.3606167516
0.3524310579
0.3516507954
0.3447101866
0.3447101866
0.3447508120
0.3462754050
0.3462995534
0.3469309395
0.3469309395
0.3469304060
0.3468349009
0.3468489607
0.3470269766
0.3470269766
0.3470419362
0.3470049599
0.3469914588
0.3474810193
0.3474810193
0.3474838986
0.3466237419
0.3466178470
0.3455442931
0.3455442931
0.3455967273
0.3452189667
0.3452196074
0.3450884870
0.3450884870
0.3450909493
0.3449346561
0.3449450290
0.3449501840
0.3449501840
0.3449571899
0.3449485928
0.3449511785
0.3449465198
0.3449465198
0.3449524830
0.3449615844
0.3449608892
0.3449688700
0.3449688700
0.3449649918
0.3449451217
0.3449541166
0.3455022743
0.3455022743
0.3455159376
0.3479904370
0.3479959879
0.3487993519
0.3487993519
0.3488131214
0.3489909537
0.3489875961
0.3489553818
0.3489553818
0.3262069572
0.3263400673
0.3253187999
0.3252895910
0.3252895910
0.3241081497
0.3237342019
0.3231045751
0.3235322446
0.3235322446
0.3224661606
0.3227926264
0.3219974533
0.3222305988
0.3222305988
0.3213543295
0.3209796486
0.3215787188
0.3212549891
0.3212549891
0.3210906306
0.3210192143
0.3205704323
0.3202277789
0.3202277789
0.3204087094
0.3203950168
0.3198696653
0.3192873672
0.3192873672
0.3183056438
0.3185112345
0.3185087187
0.3184805741
0.3184805741
0.3184998063
0.3186874766
0.3186699706
0.3187009352
0.3187009352
0.3313001012
0.3306966791
0.3307895621
0.3312769174
0.3312769174
0.3314366037
0.3315596945
0.3320665651
0.3325392780
0.3325392780
0.3322053885
0.3328653284
0.3330547157
0.3328456976
0.3328456976
0.3323126436
0.3318867282
0.3322220558
0.3323606968
0.3323606968
0.3321628312
0.3331987126
0.3333962055
0.3333499393
0.3333499393
0.3333254911
0.3342028358
0.3346559930
0.3347225901
0.3347225901
0.3344034192
0.3341581138
0.3346435196
0.3351434761
0.3351434761
0.3351326593
0.3361505987
0.3367832268
0.3369193446
0.3369193446
0.3369787033
0.3383988157
0.3387999788
0.3390367038
0.3390367038
0.3388514733
0.3386979395
0.3395323806
0.3402783960
0.3402783960
0.3403907389
0.3406949960
0.3414792536
0.3416103305
0.3416103305
0.3412346113
0.3412345287
0.3412294587
0.3411763159
0.3411763159
0.3411733590
0.3411830769
0.3411639014
0.3411824947
0.3411824947
0.3411764792
0.3412188444
0.3412171692
0.3412291500
0.3412291500
0.3412394821
0.3412705939
0.3412968494
0.3413055740
0.3413055740
0.3318884503
0.3319733212
0.3319363111
0.3313516219
0.3313516219
0.3313685706
0.3313835496
0.3313895601
0.3314040652
0.3314040652
0.3314205715
0.3314374694
0.3314722637
0.3315279107
0.3315279107
0.3316529081
0.3316363598
0.3316352052
0.3316231932
0.3316231932
0.3316293495
0.3316301808
0.3316203358
0.3316219543
0.3316219543
0.3315491065
0.3315698991
0.3313395130
0.3313768956
0.3313768956
0.3301970738
0.3290895234
0.3291072805
0.3292823160
0.3292823160
0.3292853831
0.3293743993
0.3293704396
0.3294227734
0.3294227734
0.3294177174
0.3293734287
0.3293792541
0.3293763298
0.3293763298
0.3293904119
0.3293858097
0.3294068040
0.3294131727
0.3294131727
0.3391121938
0.3395574688
0.3400331712
0.3405217082
0.3405217082
0.3409991540
0.3415564613
0.3418812428
0.3422633084
0.3422633084
0.3426803345
0.3430029566
0.3434195549
0.3439977140
0.3439977140
0.3436781526
0.3441964457
0.3441012951
0.3440605320
0.3440605320
0.3437298428
0.3434598969
0.3431451874
0.3428165276
0.3428165276
0.3424957777
0.3420406261
0.3417755603
0.3416130533
0.3416130533
0.3402239252
0.3399140245
0.3394440079
0.3388287646
0.3388287646
0.3382952140
0.3379112117
0.3373555533
0.3371492088
0.3371492088
0.3364751442
0.3360696745
0.3356146414
0.3354442798
0.3354442798
0.3338854394
0.3333468401
0.3327211688
0.3334637044
0.3334637044
0.3330075064
0.3325211749
0.3345527736
0.3343761480
0.3343761480
0.3365737992
0.3364383772
0.3341078976
0.3356236420
0.3356236420
0.3357513439
0.3345329558
0.3354621101
0.3351539525
0.3351539525
0.3376267517
0.3409969897
0.3450491315
0.3486355163
0.3486355163
0.3518405908
0.3541458803
0.3558014485
0.3564221619
0.3564221619
0.3567528630
0.3569161214
0.3569199159
0.3569249930
0.3569249930
0.3568913572
0.3568787545
0.3572195261
0.3571822324
0.3571822324
0.3575392096
0.3575198911
0.3575204244
0.3576841871
0.3576841871
0.3576837835
0.3576821204
0.3576827762
0.3579927335
0.3579927335
0.3579960263
0.3579981390
0.3565658138
0.3565678437
0.3565678437
0.3565671960
0.3514093213
0.3414443408
0.3414421232
0.3414421232
0.3490399604
0.3492090522
0.3389796426
0.3391104012
0.3391104012
0.3168205897
0.3163353905
0.3162752862
0.2864406098
0.2864406098
0.2869638925
0.2875088764
0.2827724693
0.2830688135
0.2830688135
0.2846726865
0.2842788493
0.2859558366
0.2885012841
0.2885012841
0.2912258749
0.2943534543
0.2976510901
0.3039692331
0.3039692331
0.3083132107
0.3032253037
0.2942517322
0.2812386778
0.2812386778
0.2817041670
0.2810819338
0.2808695447
0.2810146113
0.2810146113
0.2812322154
0.2819659047
0.2828409037
0.2840731772
0.2840731772
0.2843571018
0.2851806050
0.2854507964
0.2856965713
0.2856965713
0.2858214021
0.2858857252
0.2858967546
0.2859064234
0.2859064234
0.2859166560
0.2858732850
0.2858783615
0.2858911895
0.2858911895
0.2858865696
0.3582006860
0.3582054826
0.3582037106
0.3582037106
0.3582069888
0.3581933760
0.3581979585
0.3582101482
0.3582101482
0.3567116872
0.3532832705
0.3479406883
0.3444389755
0.3444389755
0.3446245688
0.3445812892
0.3445811470
0.3445915272
0.3445915272
0.3445873076
0.3445887752
0.3344527172
0.3344328229
0.3344328229
0.3344868365
0.3345720609
0.3394950809
0.3394782314
0.3394782314
0.3416228255
0.3416599921
0.3425715488
0.3432378611
0.3432378611
0.3432267041
0.3428419346
0.3428477112
0.3373130057
0.3373130057
0.3281313110
0.3342248980
0.3343238379
0.3404526699
0.3404526699
0.3404665594
0.3440982251
0.3440137017
0.3453821797
0.3453821797
0.3453757854
0.3456373631
0.3456349927
0.3464440968
0.3464440968
0.3464444903
0.3489806291
0.3489537990
0.3685502439
0.3685502439
0.3685491020
0.3686946499
0.3686947672
0.3695247976
0.3695247976
0.3695302607
0.3687576643
0.3687745052
0.3701453430
0.3701453430
0.3701529597
0.3684498690
0.3658724556
0.3645056589
0.3645056589
0.3641653849
0.3626526232
0.3626571285
0.3599153501
0.3599153501
0.3599192288
0.3554802369
0.3554787916
0.3546610154
0.3546610154
0.3546623284
0.3612917772
0.3612872970
0.3646449642
0.3646449642
0.3646441556
0.3698802140
0.3698785578
0.3725321441
0.3725321441
0.3725415216
0.3746936054
0.3746990363
0.3763668075
0.3763668075
0.3767587469
0.3767599117
0.3767623962
0.3349466127
0.3349466127
0.3344847983
0.3399369294
0.3393285744
0.3425536041
0.3425536041
0.3420468159
0.3376177973
0.3378128804
0.3331358908
0.3331358908
0.3332680620
0.3329058717
0.3317823050
0.3336561143
0.3336561143
0.3334922184
0.3351511314
0.3359234212
0.3351026312
0.3351026312
0.3369959412
0.3320998901
0.3348015625
0.3342002796
0.3342002796
0.3358228499
0.3462748270
0.3486414965
0.3530642005
0.3530642005
0.3550742525
0.3547044620
0.3556629522
0.3479490605
0.3479490605
0.3467741181
0.3410423554
0.3400204220
0.3431882028
0.3431882028
0.3426739594
0.3444141944
0.3433438171
0.3620345639
0.3620345639
0.3618505531
0.3617726026
0.3627845045
