0.5053615605
0.5053615605
0.5053615605
0.5053615605
0.5054862980
0.5054862980
0.5060020990
0.5065343416
0.5069934226
0.5071765345
0.5071765345
0.5073857779
0.5077083458
0.5080354249
0.5081096081
0.5081096081
0.5081923871
0.5082006215
0.5084093020
0.5095825977
0.5095825977
0.5112760672
0.5115372128
0.5104696461
0.5103215780
0.5103215780
0.5111091772
0.5115915653
0.5117379855
0.5115867198
0.5115867198
0.5110734613
0.5108243373
0.5105624323
0.5106508995
0.5106508995
0.5108269440
0.5109915672
0.5109652590
0.5112919304
0.5112919304
0.5115036051
0.5118834388
0.5121092553
0.5122121067
0.5122121067
0.5121233928
0.5115506235
0.5106743982
0.5100192980
0.5100192980
0.5095903728
0.5095952196
0.5099572619
0.5103350911
0.5103350911
0.5103723532
0.5104292834
0.5103842269
0.5103614381
0.5103614381
0.5103346590
0.5110446912
0.5113873161
0.5113873161
0.5115733289
0.5104809273
0.5103503386
0.5105037545
0.5105037545
0.5106749173
0.5107703519
0.5103369301
0.5097862843
0.5096379974
0.5096379974
0.5096867671
0.5097058294
0.5098970633
0.5098970633
0.5099550346
0.5100813929
0.5102595512
0.5107680262
0.5107680262
0.5116232069
0.5121159428
0.5119335045
0.5114417096
0.5114417096
0.5176155520
0.5244419587
0.5317754677
0.5377239593
0.5377239593
0.5442286506
0.5505100932
0.5571720678
0.5631870089
0.5631870089
0.5697791258
0.5757222938
0.5821359039
0.5971806593
0.5971806593
0.6115738694
0.6250957437
0.6380380950
0.6518421999
0.6518421999
0.6997960242
0.7120228639
0.7313348893
0.7433273695
0.7433273695
0.7282429058
0.6761090078
0.6730596543
0.5567283267
0.5567283267
0.5564049836
0.5558995596
0.5554592227
0.5551747631
0.5551747631
0.5550508243
0.5549298878
0.5545952150
0.5543370233
0.5543370233
0.5542266979
0.5543908736
0.5541349906
0.5540133850
0.5540133850
0.5539434726
0.5539533862
0.5539209475
0.5538568365
0.5538568365
0.5536598689
0.5535367431
0.5534213843
0.5535271074
0.5535271074
0.5536310065
0.5535774460
0.5536422476
0.5537128322
0.5537128322
0.5538048807
0.5537979130
0.5536786267
0.5537432792
0.5537432792
0.5536313973
0.5534686861
0.5532619666
0.5533224053
0.5533224053
0.5533555335
0.5532548754
0.5531500570
0.5534479510
0.5534479510
0.5535843912
0.5534343369
0.5534811958
0.5532261824
0.5532261824
0.5530298780
0.5529220220
0.5530333394
0.5532264885
0.5532264885
0.5532232270
0.5532053482
0.5532368995
0.5533099481
0.5533099481
0.5534874029
0.5533771657
0.5533079266
0.5531816704
0.5531816704
0.5530431727
0.5528424751
0.5528090082
0.5528376039
0.5528376039
0.5527647376
0.5527451618
0.5527982348
0.5528787386
0.5528787386
0.5528417378
0.5527432341
0.5524965509
0.5523854391
0.5523854391
0.5522750781
0.5521744164
0.5520682296
0.5520124426
0.5520124426
0.5517601868
0.5517319783
0.5516574491
0.5516414217
0.5516414217
0.5515549135
0.5515296081
0.5515034491
0.5511857164
0.5511857164
0.5509977644
0.5507695657
0.5506892874
0.5506302554
0.5506302554
0.5505024531
0.5503456991
0.5501738589
0.5502731551
0.5502731551
0.5501141906
0.5500061638
0.5498717717
0.5497040713
0.5497040713
0.5495077293
0.5493890769
0.5504831305
0.5515969998
0.5515969998
0.5527387638
0.5545062003
0.5551252487
0.5563755625
0.5563755625
0.5575739799
0.5591085509
0.5599969411
0.5606529391
0.5606529391
0.5613763583
0.5626716470
0.5634611515
0.5645465841
0.5645465841
0.5654308925
0.5667075266
0.5673972956
0.5684723853
0.5684723853
0.5693835635
0.5707830602
0.5714394300
0.5720090322
0.5720090322
0.5727584626
0.5734000834
0.5741330134
0.5748471676
0.5748471676
0.5764470986
0.5767022670
0.5774713332
0.5782258059
0.5782258059
0.5796344249
0.5799571714
0.5809616063
0.5812852910
0.5812852910
0.5815367892
0.5824695907
0.5829904664
0.5843004289
0.5843004289
0.5846974126
0.5853421582
0.5861863080
0.5871762742
0.5871762742
0.5875198066
0.5876726127
0.5877413711
0.5878180193
0.5878180193
0.5878515904
0.5879572506
0.5880291567
0.5881088740
0.5881088740
0.5882089032
0.5883540798
0.5884411678
0.5885264218
0.5885264218
0.5884422511
0.5884240451
0.5884795820
0.5886121930
0.5886121930
0.5886543151
0.5887215162
0.5887434814
0.5888879436
0.5888879436
0.5888838519
0.5889370918
0.5890073421
0.5890073421
0.5889738256
0.5890417648
0.5890816999
0.5890543855
0.5890543855
0.5889963516
0.5890052492
0.5890067251
0.5890869446
0.5890105011
0.5890105011
0.5890731641
0.5891666115
0.5892335892
0.5892335892
0.5892284156
0.5892196289
0.5892561204
0.5892465961
0.5892465961
0.5892505138
0.5892936665
0.5893594512
0.5894074186
0.5894074186
0.5895407813
0.5897339109
0.5896952015
0.5898181840
0.5898181840
0.5898916431
0.5899801392
0.5900283092
0.0000035654
0.0000035654
0.0000000159
0.0000000159
0.0000000159
0.0000000159
0.0000000159
0.0000000159
0.0000000159
0.0000000159
0.0000000159
0.0000000159
0.0000000159
0.0000000159
0.0000000159
0.0119465593
0.0119465593
0.0232866976
0.0339456754
0.0435528782
0.0528591009
0.0528591009
0.0620922638
0.0703299416
0.0791336236
0.0874819878
0.0874819878
0.0957146328
0.1035982316
0.1118700367
0.1188089643
0.1188089643
0.1268594519
0.1339419178
0.1418376200
0.1496298316
0.1496298316
0.1574526306
0.1644252041
0.1720840473
0.1790749496
0.1790749496
0.1866058084
0.1934812603
0.2011276664
0.2074916049
0.2074916049
0.2149841041
0.2217918456
0.2291459607
0.2358264801
0.2358264801
0.2435327903
0.2500482482
0.2574260809
0.2634963209
0.2634963209
0.2711006938
0.2769454559
0.2841768211
0.2903214741
0.2903214741
0.2964388433
0.3036316412
0.3096869605
0.3167979037
0.3167979037
0.3231643959
0.3308589591
0.3364777806
0.3435931253
0.3435931253
0.3497552981
0.3569340246
0.3634022012
0.3692622061
0.3692622061
0.3753507216
0.3821117654
0.3876782923
0.3949060398
0.3949060398
0.4002562918
0.4071122334
0.4128291269
0.4201605740
0.4201605740
0.4263909331
0.4335734855
0.4397987953
0.4451819527
0.4451819527
0.4526495723
0.4572272725
0.4642812685
0.4698382588
0.4698382588
0.4764803017
0.4818669534
0.4870585123
0.4897651869
0.4897651869
0.4898966916
0.4899520320
0.4900011530
0.4900394573
0.4900394573
0.4905455478
0.4909212394
0.4910915848
0.4911262196
0.4911262196
0.4911703930
0.4911787604
0.4912126233
0.4912131880
0.4912131880
0.4912222765
0.4912230667
0.4912373060
0.4912371076
0.4912371076
0.4912362198
0.4912406439
0.4912446882
0.4912430973
0.4912430973
0.4912547493
0.4912598991
0.4912596593
0.4912745772
0.4912745772
0.4913099037
0.4913158284
0.4913128727
0.4913131497
0.4913131497
0.4916124281
0.4916109005
0.4916131095
0.4916077226
0.4916077226
0.4916116616
0.4916105280
0.4916009521
0.4916024440
0.4916024440
0.4915963814
0.4915929737
0.4915974790
0.4915932523
0.4915932523
0.4915898652
0.4915857968
0.4915874481
0.4915903684
0.4915903684
0.4915883132
0.4915771355
0.4915743931
0.4915741341
0.4915741341
0.4915682722
0.4915745488
0.4915684982
0.4915620571
0.4915620571
0.4915534754
0.4915461796
0.4915417825
0.4915246018
0.4915246018
0.4915109792
0.4915115351
0.4914832325
0.4914743431
0.4914743431
0.4914658648
0.4914646994
0.4914519932
0.4914564144
0.4914564144
0.4914524687
0.4914495926
0.4914387258
0.4914364668
0.4914364668
0.4914288171
0.4914212754
0.4914132946
0.4914097261
0.4914097261
0.4914044273
0.4914029780
0.4913669736
0.4913612281
0.4913612281
0.4913529333
0.4913379171
0.4913282761
0.4913159501
0.4913159501
0.4912855918
0.4912799700
0.4912900615
0.4912903907
0.4912903907
0.4912783701
0.4912742493
0.4912703840
0.4912711240
0.4912711240
0.4912681507
0.4912624274
0.4912632022
0.4912632022
0.4912665439
0.4912554479
0.4912561145
0.4912496389
0.4912496389
0.4912483129
0.4912516069
0.4912450753
0.4912409332
0.4912409332
0.4912452685
0.4912438026
0.4912388969
0.4912286896
0.4912286896
0.4912310252
0.4072620923
0.4073730360
0.4075353335
0.4075353335
0.4076481601
0.4078267857
0.4080350443
0.4082970378
0.4082970378
0.4083808129
0.4085528145
0.4087146453
0.4088661888
0.4088661888
0.4089567628
0.4090993474
0.4092239291
0.4095009157
0.4095009157
0.4096470502
0.4098819750
0.4101224188
0.4103894452
0.4103894452
0.4104731341
0.4107404064
0.4108542612
0.4109447755
0.4109447755
0.4110340940
0.4111119402
0.4111903170
0.4112342364
0.4112342364
0.4113004853
0.4116520128
0.4116865854
0.4116850599
0.4116850599
0.4117241983
0.4118676467
0.4119259495
0.4120398886
0.4120398886
0.4120511949
0.4121209621
0.4121537674
0.4121673229
0.4121673229
0.4122054466
0.4123074037
0.4123809987
0.4125283004
0.4125283004
0.4126481153
0.4130607752
0.4130949152
0.4131381378
0.4131381378
0.4132268316
0.4132819977
0.4133109694
0.4133743591
0.4133743591
0.4134732173
0.4140854104
0.4140717888
0.4140709310
0.4140709310
0.4141186279
0.4141958157
0.4141936705
0.4141805307
0.4141805307
0.4141678977
0.4141850497
0.4141599530
0.4146916314
0.4146916314
0.4165420361
0.4181515388
0.4198665627
0.4218678493
0.4218678493
0.4232453808
0.4250259656
0.4268899164
0.4290973628
0.4290973628
0.4303974338
0.4322909001
0.4331193482
0.4352788012
0.4352788012
0.4368567281
0.4388216989
0.4406472179
0.4423772853
0.4423772853
0.4440870633
0.4465736948
0.4478477862
0.4501237929
0.4501237929
0.4521798604
0.4532770583
0.4545496300
0.4568546317
0.4568546317
0.4579629861
0.4597407406
0.4619601824
0.4631746047
0.4631746047
0.4648632180
0.4667991278
0.4684272686
0.4703453488
0.4703453488
0.4723349902
0.4735361322
0.4754317876
0.4765128487
0.4765128487
0.4783656886
0.4806802980
0.4816926200
0.4835655614
0.4835655614
0.4854164456
0.4871233717
0.4888865429
0.4906869378
0.4906869378
0.4921335324
0.4934180885
0.4951971217
0.4968140218
0.4968140218
0.4990234875
0.5006281508
0.5022255594
0.5040886564
0.5040886564
0.5060252353
0.5081400381
0.5094185583
0.5096566282
0.5096566282
0.5097964600
0.5099720103
0.5100574211
0.5101838294
0.5101838294
0.5102625128
0.5103909519
0.5104674739
0.5105094411
0.5105094411
0.5105705470
0.5106752418
0.5108004838
0.5109351055
0.5109351055
0.5126866641
0.5144127622
0.5156637059
0.5175437195
0.5175437195
0.5190766913
0.5210181017
0.5223808909
0.5240082666
0.5240082666
0.5257165747
0.5269980159
0.5285069065
0.5305492465
0.5305492465
0.5313846743
0.5325031700
0.5334698176
0.5348708404
0.5348708404
0.5361899216
0.5375508761
0.5389927690
0.5401108540
0.5401108540
0.5414382811
0.5426652805
0.5441461026
0.5452473990
0.5452473990
0.5466356053
0.5473913129
0.5480713274
0.5494669277
0.5494669277
0.5507529689
0.5519604322
0.5538635442
0.5560423328
0.5560423328
0.5581440482
0.5604440441
0.5629803929
0.5656073520
0.5656073520
0.5679197983
0.5699815219
0.5717573558
0.5743061257
0.5743061257
0.5767359658
0.5790053311
0.5798137566
0.5813950291
0.5813950291
0.5834611009
0.5880405579
0.5926170529
0.5966721939
0.5966721939
0.6018998962
0.6053933389
0.6093434894
0.6130473688
0.6130473688
0.6174531396
0.6211801227
0.0000001664
0.0000001664
0.0018346757
0.0033880282
0.0050469691
0.0072804272
0.0072804272
0.0094699719
0.0119006926
0.0136081211
0.0160682751
0.0180428786
0.0180428786
0.0207032040
0.0232030374
0.0257879505
0.0257879505
0.0283630281
0.0305056756
0.0326488418
0.0354868629
0.0354868629
0.0371366501
0.0403172129
0.0418394217
0.0443434489
0.0443434489
0.0459765888
0.0482377941
0.0516478775
0.0533686096
0.0533686096
0.0566655686
0.0577075644
0.0608538915
0.0621504692
0.0621504692
0.0661711255
0.0673989667
0.0699500370
0.0714000077
0.0714000077
0.0746130998
0.0765053342
0.0795845778
0.0817689123
0.0817689123
0.0842353712
0.0860902219
0.0889450080
0.0912244302
0.0912244302
0.0934440725
0.0945817236
0.0950617952
0.0950690772
0.0950690772
0.0951636166
0.0952113789
0.0952904863
0.0952331709
0.0952331709
0.0952170584
0.0952114916
0.0953125834
0.0952327721
0.0952327721
0.0949844878
0.0948741055
0.0948843900
0.0948258826
0.0948258826
0.0946936754
0.0947075177
0.0947364881
0.0946800028
0.0946800028
0.0946345281
0.0946024397
0.0945841127
0.0944975285
0.0944975285
0.0943221430
0.0942422462
0.0940402090
0.0940112773
0.0940112773
0.0940327172
0.0940983672
0.0939893624
0.0939149888
0.0939149888
0.0939257450
0.0939318587
0.0938462387
0.0937992326
0.0937992326
0.0937094405
0.0934694695
0.0933553056
0.0933532661
0.0933532661
0.0932925650
0.0933078603
0.0931790044
0.0931944609
0.0931944609
0.0931279274
0.0931458110
0.0930344763
0.0929603536
0.0929603536
0.0927601524
0.0925857471
0.0924371852
0.0924310448
0.0924310448
0.0924757388
0.0923879154
0.0923333867
0.0923838032
0.0923838032
0.0924419028
0.0924023502
0.0923607043
0.0922890665
0.0922890665
0.0920088234
0.0919189245
0.0918721653
0.0918618128
0.0918618128
0.0917540153
0.0917308063
0.0915918185
0.0915729344
0.0915729344
0.0915664607
0.0914779245
0.0914015843
0.0810995559
0.0810995559
0.0809009367
0.0810498161
0.0810299412
0.0810444460
0.0810444460
0.0813646542
0.0816674434
0.0815863590
0.0817160910
0.0817160910
0.0820147368
0.0824145930
0.0825994650
0.0830079995
0.0830079995
0.0833472727
0.0836470468
0.0837756410
0.0841477619
0.0841477619
0.0844916004
0.0850522401
0.0854133290
0.0858770967
0.0858770967
0.0864774871
0.0866991485
0.0872144342
0.0876377362
0.0876377362
0.0881739254
0.0883690271
0.0885057884
0.0889623264
0.0889623264
0.0894078258
0.0896481373
0.0900521938
0.0903368520
0.0903368520
0.0907430040
0.0909541754
0.0912927586
0.0916466506
0.0916466506
0.0920610798
0.0920958459
0.0922294470
0.0925392852
0.0925392852
0.0929638549
0.0931815911
0.0935949950
0.0939833207
0.0939833207
0.0941966441
0.0945739733
0.0949943176
0.0955119406
0.0955119406
0.0957858452
0.0960157604
0.0962354069
0.0966294211
0.0966294211
0.0967872379
0.0971492329
0.0974853677
0.0978456959
0.0978456959
0.0980381974
0.0982102447
0.0986139058
0.0989451601
0.0989451601
0.0990113914
0.0991091545
0.0993151707
0.0995701393
0.0995701393
0.0995926074
0.0997592693
0.1000262667
0.1000511866
0.1000511866
0.1001864607
0.1002016867
0.2558566499
0.2558405019
0.2558405019
0.2558191129
0.2557678039
0.2555880694
0.2555880694
0.2555594203
0.2554776629
0.2552896272
0.2548165187
0.2546986260
0.2546986260
0.2545325088
0.2544359874
0.2542380287
0.2541948429
0.2541948429
0.2541328263
0.2539928966
0.2537233090
0.2537233090
0.2535752955
0.2533151901
0.2532049361
0.2528637555
0.2528637555
0.2527876254
0.2525130096
0.2523643010
0.2523082856
0.2523082856
0.2522767135
0.2521420350
0.2519816977
0.2518171318
0.2518171318
0.2517509231
0.2515304349
0.2512537341
0.2509162772
0.2509162772
0.2506931010
0.2504049869
0.2502909781
0.2501523596
0.2501523596
0.2500907059
0.2499490786
0.2498088545
0.2496039069
0.2496039069
0.2494535373
0.2491480057
0.2489682502
0.2487795057
0.2487795057
0.2486100447
0.2484154851
0.2482719762
0.2482534333
0.2482534333
0.2481668875
0.2479803832
0.2478292252
0.2477769535
0.2477769535
0.2475867386
0.2471761514
0.2468905334
0.2466338197
0.2466338197
0.2464074746
0.2460556814
0.2458144088
0.2456534644
0.2456534644
0.2455680708
0.2454648917
0.2453146332
0.2451175830
0.2451175830
0.2448888297
0.2446525911
0.2444661819
0.2440027590
0.2440027590
0.2438216448
0.2436901506
0.2436198903
0.2435001142
0.2435001142
0.2433944836
0.2432445911
0.2431709595
0.2428904526
0.2428904526
0.2425600703
0.2422909057
0.2420882076
0.2419195348
0.2419195348
0.2416039751
0.2412010975
0.2410409816
0.2408166521
0.2408166521
0.2407711349
0.2406586022
0.2404675480
0.2402299515
0.2402299515
0.2401068810
0.2399508932
0.2397267146
0.2394287833
0.2394287833
0.3357815451
0.3409603884
0.3463354329
0.3517446729
0.3517446729
0.3572675749
0.3628518997
0.3680996228
0.3740118973
0.3740118973
0.3794700914
0.3845745267
0.3886824641
0.3918338640
0.3918338640
0.3934857626
0.3947644845
0.3957882537
0.3974604202
0.3974604202
0.3998025914
0.4028154511
0.4061362425
0.4095403202
0.4095403202
0.4125729595
0.4151119628
0.4170705235
0.4186762417
0.4186762417
0.4199319880
0.4209573295
0.4216936899
0.4223921048
0.4223921048
0.4228748655
0.4237129444
0.4245930384
0.4254348667
0.4254348667
0.4261120733
0.4263018593
0.4257415763
0.4246524507
0.4246524507
0.4230956924
0.4212563840
0.4191715454
0.4166172862
0.4166172862
0.4136242727
0.4101824631
0.4064589513
0.4941898596
0.4941898596
0.4942036469
0.4941686515
0.4941627058
0.4941655117
0.4941655117
0.4941661143
0.4941858880
0.4942161531
0.4944480074
0.4944480074
0.4958717365
0.4965148235
0.4972128745
0.4979940111
0.4979940111
0.4980222559
0.4983070734
0.4985745306
0.4993379205
0.4993379205
0.4996486874
0.5001948256
0.5008785126
0.5012937948
0.5012937948
0.5017781841
0.5028176021
0.5062029224
0.5092441126
0.5092441126
0.5128037654
0.5154093975
0.5177689751
0.5213257718
0.5213257718
0.5237608255
0.5272197286
0.5300993749
0.5336014202
0.5336014202
0.5354590899
0.5389863846
0.5423974165
0.5451318120
0.5451318120
0.5480346296
0.5526462218
0.5572593749
0.5628145419
0.5628145419
0.5672221720
0.5731963001
0.5787032312
0.5834783591
0.5834783591
0.5881597739
0.4598230910
0.4597623667
0.4598062465
0.4598062465
0.4597915862
0.4600734584
0.4608906776
0.4615811962
0.4615811962
0.4619152134
0.4620790787
0.4622363068
0.4623899653
0.4623899653
0.4623515428
0.4620656971
0.4617454869
0.4614485709
0.4614485709
0.4614977345
0.4616243448
0.4617096288
0.4615333113
0.4615333113
0.4614882130
0.4616416979
0.4617734134
0.4617734134
0.4617860900
0.4619367432
0.4620159549
0.4619133255
0.4618988692
0.4618988692
0.4619086093
0.4621520824
0.4624044961
0.4624662945
0.4624662945
0.4622348711
0.4619844689
0.4618367788
0.4618367788
0.4618349769
0.4616388255
0.4616885251
0.4618432283
0.4618432283
0.4619481184
0.4621953615
0.4623327357
0.4623723471
0.4623723471
0.4622714539
0.4620630579
0.4618654509
0.4617320186
0.4617320186
0.4613723851
0.5594392193
0.5594956482
0.5596320839
0.5596320839
0.5596920800
0.5597949533
0.5600608930
0.5602450718
0.5602450718
0.5604368826
0.5605676100
0.5607612479
0.5609212104
0.5609212104
0.5608902681
0.5608721802
0.5609501553
0.5611264019
0.5611264019
0.5612502089
0.5613686508
0.5615607894
0.5617243735
0.5617243735
0.5618766289
0.5620465270
0.5622758482
0.5623148588
0.5623148588
0.5623050522
0.5623209455
0.5623745354
0.5624263673
0.5624263673
0.5625173135
0.5626103219
0.5628472043
0.5629254172
0.5629254172
0.5631718141
0.5632268001
0.5633820857
0.5634306851
0.5634306851
0.5634783350
0.5634871260
0.5634621064
0.5635373128
0.5635373128
0.5635081214
0.5636072211
0.5636722705
0.5636363975
0.5636363975
0.5637308865
0.5638573287
0.5638436468
0.5638915073
0.5638915073
0.5595681852
0.5596069228
0.5597140940
0.5599300588
0.5599300588
0.5600571670
0.5602342197
0.5605419439
0.5608499739
0.5608499739
0.5610405835
0.5611804812
0.5613696605
0.5616033864
0.5616033864
0.5616289545
0.5617015443
0.5618191788
0.5619988821
0.5619988821
0.5620367725
0.5620731465
0.5620159788
0.5620139953
0.5620139953
0.5622275941
0.5621721024
0.5622176292
0.5621437181
0.5621437181
0.5621377565
0.5620788245
0.5621069994
0.5622574816
0.5622574816
0.5624017321
0.5624300920
0.5625086792
0.5627449908
0.5627449908
0.5631574943
0.5632442397
0.5632661082
0.5634331591
0.5634331591
0.5633336058
0.5634185753
0.5635950472
0.5637727276
0.5637727276
0.5638211479
0.5638606016
0.5639576083
0.5640525501
0.5640525501
0.4916078119
0.4915348097
0.4912103179
0.4911341292
0.4911341292
0.4912775025
0.4921025710
0.4930342895
0.4943958044
0.4943958044
0.4954434977
0.4962237710
0.4968515665
0.5079543803
0.5079543803
0.5077563111
0.5073881541
0.5070067719
0.5067661146
0.5067661146
0.5069526440
0.5070035367
0.5071341064
0.5073013063
0.5073013063
0.5076503193
0.5078558552
0.5079971434
0.5078345898
0.5078345898
0.5410627856
0.5412073030
0.5414168045
0.5416142558
0.5416142558
0.5419126373
0.5420657345
0.5421055849
0.5421713579
0.5421713579
0.5422507473
0.5424427999
0.5423318773
0.4702930790
0.4702930790
0.4698056306
0.4693588755
0.4686939304
0.4683049044
0.4683049044
0.4679149356
0.4677480036
0.4675126808
0.4674487188
0.4674487188
0.4674971177
0.4675028319
0.4673238794
0.5889292687
0.5889292687
0.5888279241
0.5888315851
0.5888465024
0.5888479177
0.5888479177
0.5888318000
0.5888342504
0.5888230205
0.5888157390
0.5888157390
0.5888153490
0.5888215988
0.5888141143
0.5888161919
0.5888161919
0.5888064627
0.5888123349
0.5888097329
0.5888163207
0.5888163207
0.5888221868
0.5888201061
0.5888127769
0.5888047388
0.5888047388
0.5887978333
0.5887964475
0.5887983004
0.5888014338
0.5888014338
0.5887894642
0.5887929174
0.5887871236
0.5888090886
0.5888090886
0.5888138375
0.5888124198
0.5888186418
0.5888214310
0.5888214310
0.5888147797
0.5888073134
0.5888015544
0.5887934068
0.5887934068
0.5887976645
0.5887957065
0.5887845580
0.5887773502
0.5887773502
0.5887635727
0.5887582926
0.5887665107
0.5887582339
0.5887582339
0.5887396692
0.5887325848
0.5887478791
0.5887478791
0.5887589612
0.5887567957
0.5887505572
0.5887407923
0.5887347051
0.5887347051
0.5887433894
0.5887409270
0.5887443476
0.5887345170
0.5887345170
0.5887217790
0.5887263426
0.5887343656
0.5887343656
0.5887417840
0.5887412490
0.5887412280
0.5887532805
0.5887532805
0.5887485290
0.5887422201
0.5887488003
0.5887309278
0.5887309278
0.5643981533
0.5644151381
0.5644224494
0.5643787469
0.5643787469
0.5643593356
0.5644292022
0.5645304859
0.5645197517
0.5645197517
0.5644696005
0.5645910599
0.5645722509
0.5644239983
0.5644239983
0.5643877512
0.5643447645
0.5643916756
0.5643309845
0.5643309845
0.5643234117
0.5642885083
0.5643316934
0.5643246231
0.5643246231
0.5643458112
0.5644050177
0.5643697699
0.5643773097
0.5643773097
0.5643939090
0.1009067095
0.1011091149
0.1016879937
0.1016879937
0.1017725834
0.1020235162
0.1021717236
0.1024529461
0.1024529461
0.1023915448
0.1027575857
0.1028693281
0.1030982066
0.1030982066
0.1031033292
0.1032941419
0.1034364496
0.1035984447
0.1035984447
0.1037262617
0.1039246414
0.1040656505
0.1043783344
0.1043783344
0.1043301835
0.1045175790
0.1334426394
0.1329210711
0.1329210711
0.1324209222
0.1317756765
0.1310782004
0.1304065209
0.1304065209
0.1296499371
0.1287927930
0.1280073566
0.1272195987
0.1272195987
0.1264535509
0.1256147028
0.1248899008
0.1241694674
0.1241694674
0.1235319850
0.1229776046
0.1225017982
0.1221511182
0.1221511182
0.1219880497
0.1219107461
0.1218932688
0.1218735590
0.1218735590
0.1218634676
0.1218140974
0.1217876531
0.1218321077
0.1218321077
0.1218241300
0.1218531480
0.1219385948
0.1220026969
0.1220026969
0.1219552229
0.1219289360
0.1220264612
0.1220362843
0.1220362843
0.1220060289
0.1219928157
0.1219903617
0.1220194692
0.1220194692
0.1220147810
0.1220995090
0.1222286310
0.1223465906
0.1223465906
0.1223553374
0.1224273830
0.1224903051
0.1225032724
0.1225032724
0.4288492370
0.4289343677
0.4289546338
0.4292850258
0.4292850258
0.4296939853
0.4297098222
0.4295964614
0.4296824360
0.4296824360
0.4297406406
0.4297533775
0.4299801861
0.4300883731
0.4300883731
0.4300222020
0.4299124829
0.4300816464
0.4300768153
0.4300768153
0.4301268090
0.4301296208
0.4302110680
0.4300646519
0.4300646519
0.4301227854
0.4302930442
0.4303188456
0.4303526650
0.4303526650
0.6213580186
0.6397449746
0.6553394815
0.6680984506
0.6680984506
0.6628891701
0.6568935772
0.6508553438
0.6433587612
0.6433587612
0.6352788940
0.6267108181
0.6170447178
0.6071952639
0.6071952639
0.5977914178
0.5890983497
0.5789384757
0.5683595885
0.5683595885
0.5578623727
0.5475680441
0.5367732976
0.5260229944
0.5260229944
0.5150940474
0.5043116998
0.4935596840
0.4828285949
0.4828285949
0.4724506866
0.4607695710
0.4607803583
0.4607549067
0.4607549067
0.4606578688
0.4605405169
0.4604385125
0.4605905904
0.4605905904
0.4604297255
0.4602996476
0.4605498758
0.4608668432
0.4608668432
0.4611966491
0.4608131028
0.4606428582
0.4606056867
0.4606056867
0.4606436615
0.4605577106
0.4607638131
0.4609196744
0.4609196744
0.4607709697
0.4605359941
0.4604395425
0.4536428445
0.4536428445
0.4540269224
0.4547442170
0.4552328214
0.4552328214
0.4560581255
0.4571823577
0.4580873634
0.4585096023
0.4585096023
0.4587837910
0.4591291572
0.4592109978
