0.0542537919
0.0542537919
0.0542537919
0.0542537919
0.0542537919
0.0542537919
0.0542537919
0.0542537919
0.0542537919
0.0542537919
0.0542537919
0.0542537919
0.0542537919
0.0542537919
0.0542537919
0.0542537919
0.0542537919
0.0542537919
0.0542537919
0.0542537919
0.0542537919
0.0542537919
0.0542537919
0.0542537919
0.0542537919
0.0542537919
0.0542537919
0.0542537919
0.0542537919
0.0542537919
0.0542537919
0.0542537919
0.0542537919
0.0542537919
0.0542537919
0.0542537919
0.0542537919
0.0542537919
0.0542537919
0.0542537919
0.0542537919
0.0542537919
0.0542537919
0.0542537919
0.0542537919
0.0542612141
0.0545171564
0.0550531322
0.0552906000
0.0552906000
0.0552785994
0.0555497783
0.0556318615
0.0557297468
0.0557147790
0.0557147790
0.0559143804
0.0572033652
0.0576044778
0.0574701867
0.0575177257
0.0575177257
0.0564109739
0.0549835928
0.0536836619
0.0532653560
0.0525855061
0.0525855061
0.0523943897
0.0519526556
0.0516729268
0.0513984901
0.0512032093
0.0512032093
0.0517488540
0.0524970373
0.0526873161
0.0523247569
0.0527367484
0.0527367484
0.0530548026
0.0540163596
0.0542007220
0.0532962370
0.0531137400
0.0531137400
0.0528014328
0.0527210614
0.0525221398
0.0520713204
0.0526250260
0.0526250260
0.0531823140
0.0536125492
0.0536598699
0.0534730221
0.0530076548
0.0530076548
0.0532182021
0.0534859798
0.0530192958
0.0525227980
0.0529086149
0.0529086149
0.0531126111
0.0533425245
0.0532005731
0.0533515663
0.0531610805
0.0531610805
0.0524289502
0.0522502891
0.0526811477
0.0528170210
0.0528361355
0.0528361355
0.0521931827
0.0522481792
0.0522198251
0.0523162660
0.0531568691
0.0531568691
0.0539933259
0.0547443423
0.0545266771
0.0548320616
0.0547442949
0.0547442949
0.0556334076
0.0561494553
0.0558791910
0.0551681488
0.0546664185
0.0546664185
0.0538630593
0.0531532623
0.0526899905
0.0527929084
0.0525193512
0.0525193512
0.0531991769
0.0543950871
0.0554663353
0.0564444487
0.0570581727
0.0570581727
0.0578245789
0.0586731584
0.0599347323
0.0610651911
0.0624464777
0.0624464777
0.0639103960
0.0645663288
0.0660274136
0.0668962784
0.0679191079
0.0679191079
0.0695912173
0.0700276486
0.0707278958
0.0725137765
0.0737940559
0.0737940559
0.0746882870
0.0757398697
0.0772923315
0.0782268166
0.0802998392
0.0802998392
0.0812100899
0.0831278521
0.0838336512
0.0843887812
0.0851906299
0.0851906299
0.0856079909
0.0856166059
0.0857586111
0.0856074104
0.0854753521
0.0854753521
0.0854495404
0.0853728328
0.0854379535
0.0855272398
0.0859868822
0.0859868822
0.0864841961
0.0875016329
0.0883917242
0.0898383866
0.0913447469
0.0913447469
0.0931260486
0.0945506786
0.0957690099
0.0981453777
0.0990964687
0.0990964687
0.1010195440
0.1027229851
0.1045889107
0.1065226763
0.1084576231
0.1084576231
0.1098259045
0.1117189611
0.1138711727
0.1167310745
0.1190369509
0.1190369509
0.1205277114
0.1227111451
0.1257478259
0.1282910270
0.1309947966
0.1309947966
0.1338212687
0.1368728692
0.1400656673
0.1417713831
0.1435045744
0.1435045744
0.1456495725
0.1477131784
0.1492234599
0.1508774652
0.1527664514
0.1527664514
0.1547500641
0.1566937859
0.1589158607
0.1612515289
0.1632915776
0.1632915776
0.1658438689
0.1683469795
0.1711751367
0.1741346919
0.1767750558
0.1767750558
0.1791344918
0.1823161347
0.1854668831
0.1881262359
0.1907139370
0.1907139370
0.1943967183
0.1975813842
0.2010952741
0.2037478156
0.2080191626
0.2080191626
0.2105931983
0.2135349997
0.2166118130
0.2199532247
0.2226069184
0.2226069184
0.2254509730
0.2298726333
0.2326818301
0.2368811933
0.2407176919
0.2407176919
0.2435097365
0.2475861795
0.2504681611
0.2540280003
0.2566601963
0.2566601963
0.2600707337
0.2630153361
0.2666279021
0.2693755750
0.2736965900
0.2736965900
0.2762486625
0.2795491058
0.2817129245
0.2855796730
0.2889200347
0.2889200347
0.2917042826
0.2934063376
0.2959633839
0.2996954568
0.3009983840
0.3009983840
0.3037754596
0.3053616010
0.3078521066
0.3106101197
0.3136297930
0.3136297930
0.3160725650
0.3184980268
0.3227054449
0.3268257185
0.3291902164
0.3291902164
0.3315661567
0.3361295503
0.3395035246
0.3427312233
0.3477006952
0.3477006952
0.3510443946
0.3538048891
0.3584586656
0.3624540273
0.3660652661
0.3660652661
0.3702906324
0.3762603234
0.3799584339
0.3846427318
0.3886816065
0.3886816065
0.3929268165
0.3964857107
0.3980354300
0.3991643954
0.4015436457
0.4015436457
0.4030306548
0.4040904290
0.4043405539
0.4052755290
0.4062896669
0.4062896669
0.4083073291
0.4092380319
0.4106101605
0.4117925007
0.4148120633
0.4148120633
0.4149183244
0.4156545001
0.4177245042
0.4186130128
0.4205232263
0.4205232263
0.4224340539
0.4234574752
0.4253139649
0.4273631815
0.4297849872
0.4297849872
0.4303619774
0.4320771546
0.4339904009
0.4361470568
0.4369503290
0.4369503290
0.4383769399
0.4393863099
0.4398823633
0.4402024456
0.4403938882
0.4403938882
0.4416290318
0.4408279981
0.4420861133
0.4416016894
0.4422909309
0.4422909309
0.4426867741
0.4423960373
0.4426584541
0.4427829554
0.4411683161
0.4411683161
0.4419978975
0.4420487289
0.4410037864
0.4416169945
0.4409754692
0.4409754692
0.4401715435
0.4415323686
0.4422174913
0.4424534845
0.4431155119
0.4431155119
0.4411677108
0.4408548217
0.4516249251
0.4521947695
0.4522162960
0.4522162960
0.4520874421
0.4517593836
0.4515482151
0.4515691821
0.4516209002
0.4516209002
0.4516330952
0.4519440279
0.4518850513
0.4519989660
0.4518565709
0.4518565709
0.4516173308
0.4513528721
0.4514526153
0.4512984245
0.4513806755
0.4513806755
0.4511846341
0.4510728730
0.4511138439
0.4511457544
0.4509284335
0.4509284335
0.4509175739
0.4508788621
0.4514383300
0.4514004386
0.4517703100
0.4517703100
0.4518055001
0.4518839796
0.4519850163
0.4521739741
0.4521377970
0.4521377970
0.4527962403
0.4529474503
0.4530567039
0.4532323507
0.4536515610
0.4536515610
0.4536488377
0.4537904601
0.4538690099
0.4542721090
0.4544758541
0.4544758541
0.4548852607
0.4551502835
0.4559235601
0.4563837653
0.4571367535
0.4571367535
0.4574909638
0.4581379388
0.4582933782
0.4584009165
0.4583015046
0.4583015046
0.4579371015
0.4572548986
0.4558230172
0.4545472302
0.4537049835
0.4537049835
0.4535101282
0.4534400484
0.4531908871
0.4529846321
0.4528480554
0.4528480554
0.4528902688
0.4511484806
0.4462094339
0.4353276408
0.4171393864
0.4171393864
0.3967621880
0.3754768905
0.3556049768
0.3359796307
0.3167969997
0.3167969997
0.2979332837
0.2785745948
0.2598940213
0.2401942397
0.2191444866
0.2191444866
0.2004888969
0.1815623134
0.1620963997
0.1428448459
0.1221646088
0.1221646088
0.1032442533
0.0848158204
0.0650460290
0.0448803099
0.0278367189
0.0278367189
0.0193663664
0.0179974343
0.0159404538
0.0147989330
0.0139811773
0.0139811773
0.0118296965
0.0111012800
0.0108994295
0.0106075082
0.0106274015
0.0106274015
0.0101446581
0.0097530752
0.0100850781
0.0105207370
0.0107627117
0.0107627117
0.0109792313
0.0112181559
0.0113063581
0.0111903997
0.0115502789
0.0115502789
0.0118796354
0.0119822916
0.0117888604
0.0120369409
0.0123006572
0.0123006572
0.0121780541
0.0120749362
0.0120472144
0.0117908568
0.0115981001
0.0115981001
0.0112622420
0.0109171917
0.0105120878
0.0100132744
0.0095130126
0.0095130126
0.0089123056
0.0084663625
0.0083317530
0.0082322198
0.0082414727
0.0082414727
0.0084185769
0.0089350697
0.0094903101
0.0100553770
0.0107434570
0.0107434570
0.0114591616
0.0122943668
0.0129957290
0.0137331965
0.0146384200
0.0146384200
0.0155489908
0.0165729992
0.0175840740
0.0186718575
0.0197550909
0.0197550909
0.0208587928
0.0221880427
0.0233254557
0.0245816606
0.0256872196
0.0256872196
0.0266574156
0.0273158973
0.0274374401
0.0280404555
0.0285320357
0.0285320357
0.0287092690
0.0287004539
0.0286304359
0.0284834596
0.0281646444
0.0281646444
0.0278442766
0.0277160275
0.0276900183
0.0278180698
0.0278173767
0.0278173767
0.0278305126
0.0279308280
0.0279506769
0.0278099619
0.0278587601
0.0278587601
0.0279062095
0.0277882523
0.0277872801
0.0278291760
0.0279006521
0.0279006521
0.0278278850
0.0278577897
0.0279016717
0.0280456357
0.0281278292
0.0281278292
0.0280401195
0.0280371837
0.0279423254
0.0280094909
0.0279190259
0.0279190259
0.0279342176
0.0279675507
0.0280138589
0.0280377504
0.0282250318
0.0282250318
0.0281438769
0.0281449518
0.0278032076
0.1975391919
0.1961930423
0.1961930423
0.1941521177
0.1930553496
0.1919342848
0.1911242282
0.1899905370
0.1899905370
0.1891827867
0.1894409325
0.1895577063
0.1900630805
0.1900026713
0.1900026713
0.1900550327
0.1902667799
0.1904159486
0.1907100538
0.1901082853
0.1901082853
0.1904063719
0.1900117877
0.1874011146
0.1837745342
0.1804287045
0.1804287045
0.1773367445
0.1739790320
0.1710136090
0.1683024347
0.1654476151
0.1654476151
0.1626882325
0.1600293497
0.1573847968
0.1548305660
0.1518983599
0.1518983599
0.1496921458
0.1461483799
0.1443936297
0.1439917301
0.1433172848
0.1433172848
0.1431209914
0.1430317841
0.1429786011
0.1427491468
0.1428313620
0.1428313620
0.1427661609
0.1427031623
0.1425916353
0.1425117485
0.1424886639
0.1424886639
0.1072510809
0.1073909101
0.1072510546
0.1074519250
0.1073760959
0.1073760959
0.1068317560
0.1068264568
0.1073188820
0.1073750821
0.1071814285
0.1071814285
0.1069178940
0.1068430480
0.1067381454
0.1066339156
0.1069586687
0.1069586687
0.1067205740
0.1074135370
0.1081138843
0.1087850356
0.1102599484
0.1102599484
0.1115174722
0.1131010758
0.1149178978
0.1168724934
0.1176800992
0.1176800992
0.1189549236
0.1204632243
0.1224317175
0.1241196472
0.1259694687
0.1259694687
0.1281438053
0.1302541095
0.1319970159
0.1334115493
0.1336037496
0.1336037496
0.1335007497
0.1335033645
0.1335579428
0.1337359495
0.1342308046
0.1342308046
0.1342677695
0.1343472875
0.1344216823
0.1347131977
0.1346111006
0.1346111006
0.1346262705
0.1344586024
0.1347111087
0.1077797222
0.1051733941
0.1051733941
0.1019620821
0.0988887797
0.0969255355
0.0943105072
0.0921027656
0.0921027656
0.0888208499
0.0857390788
0.0842044448
0.0848915147
0.0853918107
0.0853918107
0.0854901668
0.0845229474
0.0829353857
0.0806782698
0.0781342955
0.0781342955
0.0747635818
0.0705562340
0.0665537048
0.0669417349
0.0673902877
0.0673902877
0.0677036577
0.0681743148
0.0680269475
0.0681617651
0.0688405005
0.0688405005
0.0698007441
0.0707359019
0.0711465264
0.0719592448
0.0729589175
0.0729589175
0.0737231373
0.0751992623
0.0763160479
0.0771504121
0.0782870046
0.0782870046
0.0793852262
0.0796961275
0.0799667926
0.0799251420
0.0799194532
0.0799194532
0.0799445092
0.0800761695
0.0800717291
0.0800069502
0.0798636099
0.0798636099
0.1970551643
0.1948906890
0.1936670597
0.1927207197
0.1919633014
0.1919633014
0.1914002901
0.1907429064
0.1907525421
0.1908968222
0.1908431448
0.1908431448
0.1908310218
0.1914284264
0.1923223743
0.1952779777
0.1957804052
0.1957804052
0.1933309958
0.1868930334
0.1850987018
0.1845677815
0.1840399708
0.1840399708
0.1854300764
0.1853631335
0.1851766708
0.1839770167
0.1819224038
0.1819224038
0.1803994562
0.1792580420
0.1778030527
0.1765309384
0.1753024395
0.1753024395
0.1751925419
0.1751380556
0.1738945247
0.1738967895
0.1745276250
0.1745276250
0.1750167448
0.1753422654
0.1755919898
0.1762305171
0.1760482342
0.1760482342
0.1752491396
0.1749834455
0.1748870590
0.1749169613
0.1749119884
0.1749119884
0.1749497090
0.1749429296
0.1751259227
0.1755442646
0.3198000515
0.3198000515
0.3186395557
0.3174807034
0.3166463673
0.3168458892
0.3155856435
0.3155856435
0.3167621562
0.3169134352
0.3155005468
0.3146668243
0.3135212299
0.3135212299
0.3122120075
0.3122155411
0.3122319156
0.3122302267
0.3124418252
0.3124418252
0.3124088696
0.3113002698
0.3017219718
0.2890173152
0.2758957606
0.2758957606
0.2642256800
0.2531739436
0.2420587765
0.2305935984
0.2206291863
0.2206291863
0.2111771426
0.2023330493
0.1933828481
0.1850613404
0.1767819220
0.1767819220
0.1686786679
0.1619046577
0.1573857819
0.1574661020
0.1575056016
0.1575056016
0.1575202028
0.1575924497
0.1576439345
0.1576908085
0.1576681642
0.1576681642
0.1576945008
0.1578548909
0.1579345886
0.1578275461
0.1577286607
0.1577286607
0.1577441667
0.1295255771
0.1296812394
0.1297268108
0.1298640036
0.1298640036
0.1304220694
0.2143646318
0.2135435599
0.2132880564
0.2127605049
0.2127605049
0.2126275994
0.2123983685
0.2123497587
0.2122364972
0.2122239398
0.2122239398
0.2121043888
0.2120964363
0.2121006933
0.2121058659
0.2122680615
0.2122680615
0.2120976773
0.2117328844
0.2118075332
0.2119165387
0.2118810577
0.2118810577
0.2117979622
0.2124584574
0.2965547908
0.2951257973
0.2928756329
0.2928756329
0.2911347512
0.2901648217
0.2877566727
0.2877546243
0.2860837332
0.2860837332
0.2897171266
0.2901780476
0.2896909201
0.2875754494
0.2854233054
0.2854233054
0.2857874561
0.2859601496
0.2883448951
0.2920422229
0.2945062847
0.2945062847
0.2965447574
0.2973155952
0.2985924142
0.2985810811
0.2970409802
0.2970409802
0.2993876298
0.3016618703
0.3020611403
0.3003480288
0.2984913531
0.2984913531
0.2961122967
0.2951989888
0.2927883519
0.2918351846
0.2904214033
0.2904214033
0.2891715402
0.2888165602
0.2879481085
0.2874350975
0.2875045876
0.2875045876
0.2879951192
0.2885990805
0.2892455654
0.2905478223
0.2906796893
0.2906796893
0.2934711618
0.2962148588
0.2983794656
0.3008850335
0.3031045402
0.3031045402
0.3065986296
0.3084441401
0.3092863725
0.3091542467
0.3086444182
0.3086444182
0.3090082399
0.3086801210
0.3084385936
0.3066803115
0.3078084055
0.3078084055
0.3074810967
0.3069586709
0.3087036577
0.3093134092
0.3067676788
0.3067676788
0.3038938531
0.3027591086
0.2988800033
0.1567403125
0.1575025949
0.1575025949
0.1586126128
0.1585905429
0.1591242749
0.1596152946
0.1600454737
0.1600454737
0.1601059442
0.1599691200
0.1599230748
0.1602821412
0.1604921828
0.1604921828
0.1602815914
0.1602266063
0.1603032627
0.1606810415
0.1599763936
0.1599763936
0.1598412498
0.1598418214
0.1601128711
0.1603296497
0.1607734499
0.1607734499
0.1610081491
0.1615659219
0.1617060093
0.1616970106
0.1619851141
0.1619851141
0.1621050829
0.1614903333
0.1617639754
0.1618788523
0.1617811674
0.1617811674
0.1615077718
0.1614560602
0.1616532551
0.1618641624
0.1618039110
0.1618039110
0.1617833022
0.1621771678
0.1616895300
0.0793194657
0.0799764111
0.0799764111
0.0805181800
0.0808669293
0.0812295938
0.0813561637
0.0815764642
0.0815764642
0.0815851306
0.0822851655
0.0829111669
0.0840099039
0.0844846520
0.0844846520
0.0850409233
0.0855407191
0.0863854582
0.0872859021
0.0880658546
0.0880658546
0.0888686345
0.0896987289
0.0900804211
0.0907470391
0.0917121326
0.0917121326
0.0921041420
0.0928441581
0.0931912053
0.0938965626
0.0943771378
0.0943771378
0.0950478355
0.0950448620
0.0947557516
0.0952071173
0.0954371036
0.0954371036
0.0960536002
0.0963660708
0.0964492941
0.0963902321
0.0964887985
0.0964887985
0.0966373564
0.0976724966
0.0985179238
0.0991354866
0.0997523162
0.0997523162
0.1008694549
0.1015075544
0.1026679079
0.1036991310
0.1043970819
0.1043970819
0.1054664750
0.1058373083
0.1055195321
0.1058315370
0.1062499587
0.1062499587
0.1071436263
0.1081987160
0.1093573607
0.1111975483
0.1125320901
0.1125320901
0.1144422239
0.1161954277
0.1178862185
0.1187759468
0.1200715892
0.1200715892
0.1209829889
0.1218872320
0.1228874204
0.1238014369
0.1240021274
0.1240021274
0.1244901836
0.1261909068
0.1263332555
0.1268853585
0.1269400611
0.1269400611
0.1275643621
0.1292415799
0.1305349825
0.1314885352
0.1327270531
0.1327270531
0.1341934518
0.1353076261
0.1358852680
0.1364236204
0.1372799894
0.1372799894
0.1385137030
0.1392255900
0.1399760322
0.1408849726
0.1420068820
0.1420068820
0.1435827220
0.1439960496
0.1455587731
0.1473261030
0.1481399458
0.1481399458
0.1497121683
0.1508633745
0.1525154838
0.1539253507
0.1546720194
0.1546720194
0.1552152246
0.1565843172
0.1577289498
0.1586088176
0.1604371098
0.1604371098
0.1619779158
0.1634002187
0.1637131027
0.1658053352
0.1677375373
0.1677375373
0.1690871135
0.1705904853
0.1721065702
0.1748739233
0.1761777493
0.1761777493
0.1788325309
0.1801736227
0.1823208469
0.1835116081
0.1854605495
0.1854605495
0.1859314674
0.1859598622
0.1863141745
0.1858603745
0.1854192937
0.1854192937
0.1859930484
0.1852901564
0.1855719260
0.1853292334
0.1855524749
0.1855524749
0.1859849572
0.1863387613
0.1861863850
0.1861885836
0.1860139572
0.1860139572
0.1862561504
0.1864487019
0.1867777634
0.1868516542
0.1870942449
0.1870942449
0.1880480506
0.1886334726
0.1892276654
0.1891723812
0.1903620088
0.1903620088
0.1908845973
0.1909072308
0.1904670520
0.1903782545
0.1905937157
0.1905937157
0.1891429144
0.1887038296
0.1890295199
0.1890365320
0.1875667172
0.1875667172
0.1871133174
0.1872835378
0.1858508372
0.1860372373
0.1853394459
0.1853394459
0.1832155246
0.1833302761
0.1835875012
0.1824308552
0.1826794180
0.1826794180
0.1826846318
0.1831441593
0.1828007248
0.1827929515
0.1830267947
0.1830267947
0.1824130774
0.1826642690
0.1827058080
0.1829555294
0.1830755115
0.1830755115
0.1831933902
0.1832324205
0.1837922553
0.1838024230
0.1840682603
0.1840682603
0.1831444532
0.1833537232
0.1833828401
0.1842125204
0.1845940793
0.1845940793
0.1848879453
0.1848339411
0.1848803504
0.1850459862
0.1853504826
0.1853504826
0.1866370179
0.1867484365
0.1869073567
0.1879470878
0.1881936475
0.1881936475
0.1879544081
0.1883819423
0.1888630891
0.1889557943
0.1889185428
0.1889185428
0.1888815827
0.1889837102
0.1892736274
0.1885653745
0.1887198828
0.1887198828
0.1887284147
0.1881126258
0.1868655892
0.1862897357
0.1855091020
0.1855091020
0.1828659776
0.1833986366
0.1824661301
0.1817996654
0.1819074433
0.1819074433
0.1805680165
0.1801095077
0.1804265244
0.1797843645
0.1797917352
0.1797917352
0.1805128819
0.1801629744
0.1800856803
0.1794208446
0.1796589798
0.1796589798
0.1795796435
0.1804400978
0.1799134584
0.1792774364
0.1797402399
0.1797402399
0.1796586327
0.1796166906
0.1784390330
0.1788098088
0.1782809150
0.1782809150
0.1784129571
0.1782885529
0.1792880467
0.1795562370
0.1797116431
0.1797116431
0.1802426875
0.1798853865
0.1814282890
0.1823362928
0.1823067139
0.1823067139
0.1831529046
0.1842777452
0.1848285251
0.1857023230
0.1878681833
0.1878681833
0.1892469505
0.1884522013
0.1900697932
0.1915617793
0.1918728002
0.1918728002
0.1930767167
0.1950050257
0.1953133795
0.1962180177
0.1987020178
0.1987020178
0.1992085004
0.1990930743
0.2008659938
0.2009562693
0.2007126949
0.2007126949
0.2022930428
0.2026261726
0.2025255281
0.2024699531
0.2035493899
0.2035493899
0.2040490191
0.2044935939
0.2050909442
0.2053474671
0.2050841247
0.2050841247
0.2057329105
0.2058160528
0.2056601605
0.2042995097
0.2009643064
0.2009643064
0.1986465666
0.1955966338
0.1925097893
0.1897249658
0.1867957899
0.1867957899
0.1826616927
0.1798425557
0.1763112888
0.1737126605
0.1701502095
0.1701502095
0.1663248917
0.1626387326
0.1596594558
0.1561618690
0.1536439543
0.1536439543
0.1493934736
0.1463343371
0.1433432069
0.1393086078
0.1359310380
0.1359310380
0.1327689108
0.1293272892
0.1258822204
0.1218578136
0.1180115292
0.1180115292
0.1145943613
0.1113652809
0.1074078851
0.1040000686
0.1002267330
0.1002267330
0.0968056673
0.0929841005
0.0899125249
0.0859529255
0.0820544175
0.0820544175
0.0780619775
0.0744621022
0.0708092860
0.0674011302
0.0628884201
0.0628884201
0.0601004259
0.0563213240
0.0528467261
0.0501023452
0.0488155205
0.0488155205
0.0491459927
0.0499250076
0.0504217861
0.0503914364
0.0504360576
0.0504360576
0.0504804921
0.0503464708
0.0502176700
0.0503183899
0.0505079556
0.0505079556
0.0504116750
0.0505191205
0.0507030470
0.0508059963
0.0512397100
0.0512397100
0.0514135109
0.0518818088
0.0520842935
0.0522757647
0.0521202339
0.0521202339
0.0524714112
0.0530371710
0.0536415619
0.0540040418
0.0542509227
0.0542509227
0.0546384143
0.0556484741
0.0563060289
0.0565501379
0.0567296949
0.0567296949
0.0569285361
0.0573176617
0.0572989832
0.0575460803
0.0581094861
0.0581094861
0.0584967600
0.0592035836
0.0596228881
0.0602912093
0.0606781128
0.0606781128
0.0610879104
0.0614847859
0.0621110836
0.0625430132
0.0632800254
0.0632800254
0.0642472437
0.0651867634
0.0661882973
0.0671429685
0.0683353814
0.0683353814
0.0692920117
0.0708331671
0.0721288652
0.0731184497
0.0737924215
0.0737924215
0.0750212005
0.0756418543
0.0765083209
0.0769048590
0.0767429710
0.0767429710
0.0766622068
0.0759683675
0.0755247450
0.0749097078
0.0743911044
0.0743911044
0.0736929589
0.0731201905
0.0722736182
0.0720782559
0.0711591122
0.0711591122
0.0706952878
0.0701525806
0.0704019809
0.0699344192
0.0697595061
0.0697595061
0.0693167938
0.0695591523
0.0697375520
0.0689856802
0.0685356442
0.0685356442
0.0687416161
0.0699608485
0.0719310314
0.0730348250
0.0743231261
0.0743231261
0.0758365590
0.0776970588
0.0793655584
0.0813399412
0.0827447656
0.0827447656
0.0843254376
0.0856173542
0.0870707704
0.0872759498
0.0880991024
0.0880991024
0.0890496056
0.0903992043
0.0907853683
0.0915262628
0.0923371870
0.0923371870
0.0926924894
0.0927394814
0.0930089372
0.0931828727
0.0932332445
0.0932332445
0.0933559160
0.0936307102
0.0941734179
0.0949278746
0.0950547029
0.0950547029
0.0948697156
0.0944213920
0.0947545364
0.0948318510
0.0951772765
0.0951772765
0.0955196106
0.0964160883
0.0969705388
0.0980379065
0.0983197226
0.0983197226
0.0989827674
0.0996859858
0.1002589197
0.1006092589
0.1014239448
0.1014239448
0.1024958718
0.1036964922
0.1042899543
0.1045350867
0.1047008644
0.1047008644
0.1061019660
0.1060809374
0.1064413695
0.1073535768
0.1080694208
0.1080694208
0.1086537449
0.1098318816
0.1103410380
0.1110451694
0.1120163380
0.1120163380
0.1127099138
0.1130945591
0.1134606916
0.1101772651
0.1146643024
0.1146643024
0.1208373801
0.1249719114
0.1300077981
0.1357203872
0.1410050427
0.1410050427
0.1477716408
0.1553443002
0.1646721676
0.1730672316
0.1811643264
0.1811643264
0.1752487126
0.1705184907
0.1675915130
0.1671203199
0.1668269888
0.1668269888
0.1670696893
0.1670619244
0.1668775664
0.1672071229
0.1676474951
0.1676474951
0.1679756285
0.1680056698
0.1678605432
0.1680621461
0.1671813662
0.1671813662
0.1674238729
0.1676203778
0.1685640308
0.1684847186
0.1680613401
0.1680613401
0.1672294605
0.1667734606
0.1666277267
0.1671501281
0.1670714291
0.1670714291
0.1673179306
0.1671575371
0.1668864605
0.1667137008
0.1666703888
0.1666703888
0.1667409807
0.1668630600
0.1668284794
0.1671141264
0.1673803954
0.1673803954
0.1671954849
0.1670541319
0.1666168903
0.1662190357
0.1658233528
0.1658233528
0.1658540266
0.1659654463
0.1662402536
0.1665310002
0.1668437761
0.1668437761
0.1667325708
0.1665411430
0.1660066687
0.1664469833
0.1666134611
0.1666134611
0.1662552442
0.1661204260
0.1664169714
0.1667056658
0.1665020633
0.1665020633
0.1658313237
0.1654672558
0.1650700048
0.1645340893
0.1648754808
0.1648754808
0.1651446942
0.1649027849
0.1650654071
0.1648490606
0.1648416657
0.1648416657
0.1645947333
0.1647119525
0.1636772475
0.1637175530
0.1637885037
0.1637885037
0.1637904109
0.1636277067
0.1635719996
0.1631234547
0.1630142179
0.1630142179
0.1630373936
0.1629929741
0.1627990880
0.1633072172
0.1635117174
0.1635117174
0.1632544937
0.1627355440
0.1621774190
0.1622264856
0.1623598746
0.1623598746
0.1618364640
0.1606269434
0.1546990794
0.1478339732
0.1419473218
0.1419473218
0.1357633691
0.1296729702
0.1229208916
0.1169143918
0.1106214348
0.1106214348
0.1040449932
0.0980445114
0.0918824106
0.0860752100
0.0815899706
0.0815899706
0.0766289012
0.0711615714
0.0656901959
0.0601857283
0.0554509813
0.0554509813
0.0498725755
0.0446935413
0.0402285911
0.0386355325
0.0402301702
0.0402301702
0.0404679708
0.0408105126
0.0405164168
0.0415879857
0.0425636371
0.0425636371
0.0422258428
0.0414818152
0.0402736470
0.0400643049
0.0399712923
0.0399712923
0.0416473466
0.0435569522
0.0463524208
0.0487017845
0.0495893252
0.0495893252
0.0495427754
0.0488175273
0.0478639330
0.0470308188
0.0461517490
0.0461517490
0.0457932701
0.0461371002
0.0477739180
0.0472322500
0.0472975353
0.0472975353
0.0470541190
0.0471514568
0.0478393941
0.0484775532
