0.4984535076
0.4984535076
0.4981135833
0.4976858974
0.4979137859
0.4984935399
0.4984935399
0.4990483690
0.5000205772
0.5006406439
0.5013141016
0.5013141016
0.5022237332
0.5031890238
0.5027668111
0.5016949153
0.5016949153
0.5003528086
0.4987252119
0.4975282495
0.4963102848
0.4963102848
0.4958029445
0.4955857149
0.4954727450
0.4947534820
0.4947534820
0.4944434439
0.4941265781
0.4941688632
0.4936130353
0.4936130353
0.4945019714
0.4947526177
0.4953133870
0.4955744690
0.4955744690
0.4955834247
0.4958727498
0.4963399889
0.4966179070
0.4966179070
0.4967959107
0.4972439088
0.4970075296
0.4967715051
0.4967715051
0.4973510643
0.4979594267
0.4989632948
0.4999476007
0.4999476007
0.5007023913
0.5013299200
0.5019509824
0.5025679329
0.5025679329
0.5026134479
0.5028963809
0.5033201157
0.5020895648
0.5020895648
0.5031862894
0.5038772014
0.5044257283
0.5045401118
0.5045401118
0.5051297860
0.5055596618
0.5056713755
0.5058020609
0.5058020609
0.5058672115
0.5056691971
0.5041287219
0.5038508550
0.5038508550
0.5031624304
0.5026643457
0.5025135825
0.5017289681
0.5017289681
0.5019873653
0.5018583635
0.5024718426
0.5024634444
0.5024634444
0.5020378729
0.5015449392
0.5219202479
0.5226353830
0.5226353830
0.5233352749
0.5235315660
0.5235948601
0.5238042653
0.5238042653
0.5241123131
0.5240011365
0.5247301575
0.5245802568
0.5245802568
0.5252844105
0.5253802922
0.5252090764
0.5256535771
0.5256535771
0.5255420110
0.5250780256
0.5242463241
0.5241875673
0.5241875673
0.5228686110
0.5223958554
0.5237467635
0.5232765494
0.5232765494
0.5228943409
0.5220717728
0.5187200534
0.5178806361
0.5178806361
0.5164821786
0.5145758979
0.5124397407
0.5111674983
0.5111674983
0.5089295861
0.5061881012
0.5021828803
0.4978349693
0.4978349693
0.4916100082
0.4858283782
0.4781631954
0.4717237681
0.4717237681
0.4675257978
0.4628659315
0.4593577409
0.4551667597
0.4551667597
0.4537687055
0.4552732574
0.4553723862
0.4545302558
0.4545302558
0.4552774558
0.4561499058
0.4574829386
0.4560558739
0.4560558739
0.4555489530
0.4561300017
0.4579962945
0.4557083644
0.4557083644
0.4547986432
0.4578232634
0.4581463899
0.4564381713
0.4564381713
0.4600887410
0.4650718891
0.4704260047
0.4749961180
0.4749961180
0.4794772604
0.4826566890
0.4845416176
0.4868796474
0.4868796474
0.4905804116
0.4916268175
0.4930764379
0.4937360137
0.4937360137
0.4954037464
0.4959019052
0.4965140679
0.4951426819
0.4951426819
0.4941016952
0.4945375371
0.4949981195
0.4918847238
0.4918847238
0.4904524274
0.4889809317
0.4901962123
0.4914428093
0.4914428093
0.4924644325
0.4939239844
0.4938339297
0.4945407853
0.4945407853
0.4935907370
0.4917996606
0.4884680682
0.4859807436
0.4859807436
0.4864014588
0.4876980268
0.4879381588
0.4873678872
0.4873678872
0.4888668034
0.4892797662
0.4904070450
0.4903151822
0.4903151822
0.4897692584
0.4889395757
0.4884209063
0.4900924091
0.4900924091
0.4923939757
0.4948919642
0.4963088349
0.4977145175
0.4977145175
0.4976682675
0.4987509822
0.5008392109
0.5023192908
0.5023192908
0.5037298855
0.5049419547
0.5066704057
0.5084179878
0.5084179878
0.5125046817
0.5139890893
0.5166325339
0.5172776911
0.5172776911
0.5181980048
0.5190268194
0.5170679876
0.5144411369
0.5144411369
0.5145407495
0.5150892155
0.5156628373
0.5162056470
0.5162056470
0.5162148902
0.5161189073
0.5161211032
0.5161163092
0.5161163092
0.5161164020
0.5161160015
0.5161167077
0.5159249046
0.5159249046
0.5159237789
0.5206198174
0.5206208967
0.5200780054
0.5200780054
0.5200805629
0.5200549790
0.5200515866
0.5201681829
0.5201681829
0.5201677685
0.5205583826
0.5205650435
0.5205738741
0.5205738741
0.5194875499
0.5194519737
0.5192364684
0.5192355350
0.5192355350
0.5191271304
0.5191241344
0.5191593447
0.5191188489
0.5191188489
0.5191092680
0.5191096433
0.5187391488
0.5187354601
0.5187354601
0.5186381982
0.5186367694
0.5197184624
0.5200048884
0.5200048884
0.5200030140
0.5191072233
0.5191058850
0.5187674141
0.5187674141
0.5187673259
0.5184719088
0.5184718671
0.5183641620
0.5183641620
0.5183641177
0.5183248009
0.5183254953
0.5183278574
0.5183278574
0.5183278122
0.5183278709
0.5183278709
0.5179833485
0.5179833485
0.5179864700
0.5148121936
0.5148101012
0.5135575760
0.5135575760
0.5135757287
0.5135816728
0.5137324429
0.5134439270
0.5134439270
0.5134445383
0.5152397312
0.5152465614
0.5158286938
0.5158286938
0.5177766892
0.5177730469
0.5185620951
0.5185532582
0.5185532582
0.5196180869
0.5203588003
0.5203587002
0.5203584404
0.5203584404
0.5203589126
0.5203589993
0.5204830001
0.5204837403
0.5204837403
0.5203491533
0.5203445041
0.5199871321
0.5138532279
0.5138532279
0.5138414003
0.5135060382
0.5135082140
0.5139480581
0.5139480581
0.5139464342
0.5163082736
0.5163239519
0.5187987674
0.5187987674
0.5175795447
0.5175534693
0.5179732488
0.5179401182
0.5179401182
0.5179383969
0.5165174931
0.5165217036
0.5169276761
0.5169276761
0.5169251568
0.5170028541
0.5169982953
0.5165647412
0.5165647412
0.5165665232
0.5164665549
0.5164668409
0.5164650380
0.5164650380
0.5164654369
0.5164649722
0.5164653995
0.5164568402
0.5164568402
0.5164556453
0.5164521565
0.5220736186
0.5165231769
0.5165231769
0.5154110755
0.5154135204
0.5153893149
0.5153675083
0.5153675083
0.5154260905
0.5154302818
0.5145621460
0.5145589015
0.5145589015
0.5145610224
0.5163291253
0.5177245433
0.5200211051
0.5200211051
0.5200332586
0.5212137185
0.5212136660
0.5229400785
0.5229400785
0.5229384321
0.5226560728
0.5226554603
0.5219990593
0.5219990593
0.5219991804
0.5221395706
0.5221416925
0.5217821199
0.5217821199
0.5217670728
0.5220279523
0.5220325592
0.5212156294
0.5212156294
0.5213380158
0.5214745645
0.5175314225
0.5175286996
0.5175286996
0.5154924917
0.5154915566
0.5140809341
0.5140763002
0.5140763002
0.5124775869
0.5130816155
0.5134715585
0.5136668760
0.5136668760
0.5136951723
0.5166246496
0.5176792455
0.5211721281
0.5211721281
0.5208644602
0.5218984117
0.5210164095
0.5204992952
0.5204992952
0.5212723237
0.5212750973
0.5212220725
0.5212257043
0.5212257043
0.5212256835
0.5212257263
0.5212257263
0.5212264856
0.5212264856
0.5212264856
0.5212222796
0.5212223496
0.5212221165
0.5212221165
0.5214165011
0.5230548672
0.5220305596
0.5202486448
0.5202486448
0.5202491817
0.5214018421
0.5214015033
0.5227313450
0.5227313450
0.5227340403
0.5228631463
0.5228628941
0.5228629502
0.5228629502
0.5228628424
0.5228626914
0.5228627519
0.5226529799
0.5226529799
0.5226526328
0.5226516782
0.5226516127
0.5228648237
0.5228648237
0.5228640104
0.5219306104
0.5219420391
0.5193621939
0.5193621939
0.5193730556
0.5197995149
0.5197983434
0.5202320089
0.5202320089
0.5202246747
0.5202239515
0.5204331143
0.5204058418
0.5204058418
0.5204022103
0.5204020394
0.5204020032
0.5204002910
0.5204002910
0.5196442815
0.5196632501
0.5172243117
0.5232637543
0.5232637543
0.5234748312
0.5234760351
0.5230501922
0.5230497988
0.5230497988
0.5229152153
0.5229125792
0.5229122723
0.5229001972
0.5229001972
0.5228988210
0.5228991517
0.5228673644
0.5228702208
0.5228702208
0.5226904669
0.5248868304
0.5481752570
0.5481020744
0.5481020744
0.5488744934
0.5488555481
0.5340160831
0.5340119314
0.5340119314
0.5271797733
0.5271793454
0.4539597836
0.4539192838
0.4539192838
0.4539222147
0.4539265489
0.4539259706
0.4539268960
0.4539268960
0.4539259157
0.4539258978
0.4539258671
0.4539238028
0.4539238028
0.4539890973
0.4539902179
0.4577890512
0.4577709151
0.4577709151
0.4581543285
0.4581311968
0.4564645804
0.4564602062
0.4564602062
0.4502868921
0.4502864359
0.4524216202
0.4524241269
0.4524241269
0.4518926799
0.4518706130
0.4521909515
0.4521920123
0.4521920123
0.4518412018
0.4518297670
0.4514382676
0.4514277423
0.4514277423
0.4520922299
0.4524419221
0.4525145990
0.4540521947
0.4540521947
0.4540071727
0.4543814586
0.4544094732
0.4542783213
0.4542783213
0.4543531180
0.4543884425
0.4544276598
0.4544446769
0.4544446769
0.4544446098
0.4544474353
0.4544474599
0.4544475496
0.4544475496
0.4544475496
0.4544475496
0.4557319529
0.4558769564
0.4558769564
0.4587629430
0.4588981463
0.4604355908
0.4604297093
0.4604297093
0.4604340701
0.4604320410
0.4601744596
0.4601556821
0.4601556821
0.4594133883
0.4594151654
0.4593767343
0.4593736078
0.4593736078
0.4592626258
0.4592520807
0.4593501881
0.4594919569
0.4594919569
0.4594913868
0.4587642541
0.4587620251
0.4592761842
0.4592761842
0.4592761315
0.4582896016
0.4582897047
0.4591543369
0.4591543369
0.4591540316
0.4591812615
0.4591792008
0.4591511391
0.4591511391
0.4591475627
0.4587463933
0.4587468042
0.4584412841
0.4584412841
0.4584418594
0.4584418594
0.4584418594
0.4568987447
0.4568987447
0.4568989154
0.4563276360
0.4563259196
0.4615900933
0.4615900933
0.4615882785
0.4636716673
0.4636766137
0.4636779450
0.4636779450
0.4629016674
0.4629020367
0.4628709786
0.4659924581
0.4659924581
0.4659821222
0.4659833480
0.4678511868
0.4678652481
0.4678652481
0.4679283672
0.4671209951
0.4674936212
0.4674932892
0.4674932892
0.4660975754
0.4660931212
0.4660810294
0.4664766909
0.4664766909
0.4664812191
0.4664696470
0.4660868117
0.4660791484
0.4660791484
0.4660789433
0.4645842729
0.4645873974
0.4645891917
0.4645891917
0.4612023605
0.4612025746
0.4612025746
0.4612019011
0.4612019011
0.4612017422
0.4612018114
0.5296098271
0.5318849952
0.5318849952
0.5324278137
0.5335683750
0.5321815418
0.5341768683
0.5341768683
0.5352907368
0.5380701902
0.5406596457
0.5450797212
0.5450797212
0.5471830030
0.5485968327
0.5477804464
0.5482215531
0.5482215531
0.5508493181
0.5518515299
0.5531839786
0.5519039372
0.5519039372
0.5512040225
0.5535603509
0.5525219374
0.5489304420
0.5489304420
0.5485092690
0.5473774052
0.5455455988
0.5404524109
0.5404524109
0.5402897834
0.5370537135
0.5374741374
0.5371223852
0.5371223852
0.5366807202
0.5355564478
0.5354544379
0.5348356231
0.5348356231
0.5335623256
0.5328216019
0.5324068086
0.5325819071
0.5325819071
0.5322757219
0.5333312147
0.5329189682
0.5329470254
0.5329470254
0.5321246478
0.5314225484
0.5314816422
0.5315122854
0.5315122854
0.5314655197
0.5378032970
0.5370498738
0.5370398709
0.5370398709
0.5373967358
0.5373160622
0.5378507906
0.5377934851
0.5377934851
0.5374662935
0.5374051273
0.5373996015
0.5374021285
0.5374021285
0.5374094493
0.5374122724
0.5374120434
0.5374294029
0.5374294029
0.5399362592
0.5399590827
0.5395699664
0.5394697501
0.5394697501
0.5397991934
0.5397889408
0.5399082935
0.5398798876
0.5398798876
0.5398883064
0.5398799428
0.5398849229
0.5398870660
0.5398870660
0.5398931938
0.5398861029
0.5398941644
0.5398868442
0.5398868442
0.5398945382
0.5398882152
0.5398933647
0.5084290854
0.5084290854
0.5084285483
0.5084276290
0.5084266445
0.5082869406
0.5082869406
0.5082945370
0.5082935539
0.5082937203
0.5082952092
0.5082952092
0.5075445661
0.5075509635
0.5069184032
0.5069000502
0.5069000502
0.5079451212
0.5079433127
0.5085233586
0.5085297882
0.5085297882
0.5081797591
0.5081852282
0.5084559755
0.5084721288
0.5084721288
0.5085475204
0.5085466642
0.5086273418
0.5085912614
0.5085912614
0.5085843062
0.5086280781
0.5086279109
0.5086501302
0.5086501302
0.5086503179
0.5086503492
0.5086840329
0.5086842454
0.5086842454
0.5086465669
0.5086455828
0.5086830053
0.5086802233
0.5086802233
0.5086807022
0.5086806277
0.5086443682
0.5086433600
0.5086433600
0.5086465419
0.5086468207
0.5086468294
0.5086474547
0.5086474547
0.5040040805
0.5040239087
0.5040258074
0.5039775024
0.5039775024
0.5039801991
0.5039853244
0.5039851640
0.5038578995
0.5038578995
0.5038600098
0.5038616225
0.5038619846
0.5038625675
0.5038625675
0.5038625392
0.5038625252
0.5038620666
0.5038623781
0.5038623781
0.5038624707
0.5038626820
0.5042066587
0.5042061354
0.5042061354
0.5047541690
0.5047544681
0.5041477702
0.5041404718
0.5041404718
0.5041760351
0.5041798898
0.5041893673
0.5041807284
0.5041807284
0.5041032511
0.5040944265
0.5045848013
0.5045803580
0.5045803580
0.5053927208
0.5053903014
0.5056696976
0.5056681496
0.5056681496
0.5063422562
0.5063430355
0.5072716265
0.5072807650
0.5072807650
0.5069022435
0.5069046170
0.5072834954
0.5072980269
0.5072980269
0.5081686416
0.5081691991
0.5080574473
0.5080548257
0.5080548257
0.5079599902
0.5079514979
0.5077835361
0.5077830905
0.5077830905
0.5077853501
0.5077851925
0.5071631196
0.5071507030
0.5071507030
0.5045955837
0.5045973492
0.5039388813
0.5039005084
0.5039005084
0.5027301374
0.5027318435
0.5023842010
0.5023777742
0.5023777742
0.5023188445
0.5023181259
0.5021600221
0.5021564710
0.5021564710
0.5059927486
0.5059888088
0.5047873631
0.5047630257
0.5047630257
0.5037490005
0.5037497917
0.5030693168
0.5030714267
0.5030714267
0.5028062031
0.5028019125
0.5030536747
0.5030401941
0.5030401941
0.5030488506
0.5030478695
0.5030137040
0.5030117343
0.5030117343
0.5030853627
0.5030857662
0.5031532334
0.5035771740
0.5035771740
0.5035812960
0.5034859830
0.5034811398
0.5047283775
0.5047283775
0.5047233134
0.5039901814
0.5039897069
0.5038600449
0.5038600449
0.5038596994
0.5035509983
0.5035509026
0.5034839730
0.5034839730
0.5034795548
0.5036245580
0.5036243149
0.5036445146
0.5036445146
0.5036448463
0.5037048953
0.5037043608
0.5037180156
0.5037180156
0.5037180156
0.5035601600
0.5034143503
0.5033602359
0.5033602359
0.5031238900
0.5033263799
0.5017289120
0.5025229075
0.5025229075
0.5011675339
0.5019473136
0.5009960695
0.5009114338
0.5009114338
0.5005471966
0.5012579548
0.5007704032
0.5007638236
0.5007638236
0.5003708459
0.5003587744
0.5012261913
0.5011294149
0.5011294149
0.5011061354
0.5013647796
0.5013615639
0.5017460418
0.5017460418
0.5017417598
0.5016830203
0.5016817910
0.5017190104
0.5017190104
0.5017190859
0.5018507971
0.5018492042
0.5019489123
0.5019489123
0.5019490237
0.5020460465
0.5020431881
0.5020448952
0.5020448952
0.5023169906
0.5020932302
0.5000315592
0.4999839394
0.4999839394
0.5017047798
0.5018753051
0.5021713111
0.5021036267
0.5021036267
0.5026208396
0.5026042846
0.5038028231
0.5038065558
0.5038065558
0.5045224304
0.5045235036
0.5032912456
0.5032661804
0.5032661804
0.5030789222
0.5032604072
0.5032562850
0.5032579659
0.5032579659
0.5031603687
0.5031598783
0.5031774991
0.5031733735
0.5031733735
0.5047573726
0.5047580093
0.5048559088
0.5053188974
0.5053188974
0.5052941506
0.5052903669
0.5056014426
0.5056065882
0.5056065882
0.5056041760
0.5060441975
0.5060467606
0.5071934491
0.5071934491
0.5071539479
0.5071190403
0.5071174756
0.5061412419
0.5061412419
0.5061418749
0.5061294763
0.5035505943
0.5035474091
0.5035474091
0.5040554818
0.5040106073
0.5020928988
0.5020786516
0.5020786516
0.5031519255
0.5031399635
0.5043955684
0.5045321274
0.5045321274
0.5073074477
0.5073092738
0.5087037309
0.5087062367
0.5087062367
0.5092921824
0.5090669399
0.5091314004
0.5091313601
0.5091313601
0.5091312689
0.5091314134
0.5096977823
0.5097014978
0.5097014978
0.5103851044
0.5103855457
0.5090327025
0.5090343493
0.5090343493
0.5087055107
0.5087076156
0.5087187435
0.5086148967
0.5086148967
0.5085013232
0.5084986838
0.5086272645
0.5086270545
0.5086270545
0.5083867591
0.5083855711
0.5085483031
0.5085407471
0.5085407471
0.5082912560
0.5082975440
0.5077614059
0.5077587884
0.5077587884
0.5078624700
0.5078575439
0.5077855523
0.5077845983
0.5077845983
0.5078120346
0.5078078286
0.5078072981
0.5078055349
0.5078055349
0.5086144822
0.5086137791
0.5080374161
0.5080463880
0.5080463880
0.5079056562
0.5079024885
0.5077961754
0.5077964554
0.5077964554
0.5077876765
0.5077861922
0.5077860837
0.5077838857
0.5077838857
0.5077838250
0.5077832149
0.5077831719
0.5082899313
0.5082899313
0.5082943234
0.5072487340
0.5072443212
0.5072429403
0.5072429403
0.5071676134
0.5071698753
0.5071679868
0.5070765369
0.5070765369
0.5070780113
0.5070744714
0.5071098717
0.5071042713
0.5071042713
0.5071058553
0.5078901665
0.5078893567
0.5095990583
0.5095990583
0.5095946532
0.5116064889
0.5116028017
0.5118595016
0.5118595016
0.5118585612
0.5119413534
0.5119394921
0.5121945822
0.5121945822
0.5121944196
0.5117947145
0.5117950068
0.5122870294
0.5122870294
0.5122855601
0.5122853120
0.5122845310
0.5122844623
0.5122844623
0.5122845426
0.5122826866
0.5122826866
0.5122814737
0.5122814737
0.5122815777
0.5076557360
0.5073550231
0.5160567980
0.5160567980
0.5187508440
0.5500515886
0.5566955810
0.5009039571
0.5009039571
0.5128414144
0.5367002126
0.5457672375
0.5296842614
0.5296842614
0.5405891501
0.5426381145
0.5417552254
0.5405205734
0.5405205734
0.5396884801
0.5391037042
0.5390952238
0.5395152497
0.5395152497
0.5395196517
0.5403558685
0.5403523077
0.5398873439
0.5398873439
0.5398851962
0.5402081549
0.5402053435
0.5399842060
0.5399842060
0.5399644608
0.5398360525
0.5398352230
0.5394504162
0.5394504162
0.5394483060
0.5397360220
0.5398087478
0.5397302895
0.5397302895
0.5396850784
0.5396633329
0.5396605259
0.5394345155
0.5394345155
0.5390903435
0.5379213061
0.5365327151
0.5346145922
0.5346145922
0.5331129951
0.5301392757
0.5268392868
0.5238832790
0.5238832790
0.5234717866
0.5222351655
0.5233283146
0.5189490733
0.5189490733
0.5178839206
0.5181672531
0.5182132784
0.5208658638
0.5208658638
0.5200365987
0.5206926762
0.5228504133
0.5235079580
0.5235079580
0.5262759682
0.5224532479
0.5229997042
0.5249249701
0.5249249701
0.5264607848
0.5288275744
0.5292786504
0.5293162318
0.5293162318
0.5299673101
0.5308709090
0.5321178784
0.5309463267
0.5309463267
0.5308120221
0.5299835211
0.5303258495
0.5327492792
0.5327492792
0.5333063626
0.5367800784
0.5373395710
0.5389243398
0.5389243398
0.5389212862
0.5391968375
0.5391976052
0.5394117196
0.5394117196
0.5394130390
0.5393548334
0.5393531175
0.5391843296
0.5391843296
0.5391826452
0.5388076446
0.5387998006
0.5381821011
0.5381821011
0.5381844963
0.5372290038
0.5372244009
0.5369282547
0.5369282547
0.5369265682
0.5375609829
0.5375626495
0.5378410016
0.5378410016
0.5378374640
0.5175298529
0.5175171431
0.5174500465
0.5174500465
0.5174527454
0.5174505204
0.5174507511
0.5174502840
0.5174502840
0.5174508802
0.5174534664
0.5174546415
0.5172365720
0.5172365720
0.5172391360
0.5164148103
0.5164152264
0.5175582942
0.5175582942
0.5175578492
0.5181055351
0.5181032453
0.5186697949
0.5186697949
0.5186705985
0.5177592992
0.5177577030
0.5175861450
0.5175861450
0.5175873331
0.5195335748
0.5194076085
0.5180177157
0.5180177157
0.5150554341
0.5147358225
0.5140046475
0.5144439646
0.5144439646
0.5142894924
0.5143168713
0.5145384463
0.5145629034
0.5145629034
0.5144735514
0.5144737950
0.5132803060
0.5132750393
0.5132750393
0.5125034758
0.5125028025
0.5136409249
0.5136378427
0.5136378427
0.5136777061
0.5136731306
0.5137690368
0.5137688997
0.5137688997
0.5136140363
0.5136136779
0.5137757160
0.5137764057
0.5137764057
0.5135898578
0.5135898727
0.5135898727
0.5127172093
0.5127172093
0.5127168002
0.5185782433
0.5185792801
0.5184576457
0.5184576457
0.5184580337
0.5185509386
0.5185492938
0.5184705208
0.5184705208
0.5184709213
0.5189495411
0.5189491099
0.5141133025
0.5141133025
0.5141153744
0.5145317441
0.5145313363
0.5144890204
0.5144890204
0.5144888330
0.5144918719
0.5144918454
0.5144906251
0.5144906251
0.5144906251
0.5144905022
0.5144905116
0.5144904202
0.5144904202
0.5144904826
0.5144907360
0.5144908173
0.5144125786
0.5144125786
0.5144126926
0.5144115714
0.5144114693
0.5144094352
0.5144094352
0.5144093387
0.5147432349
0.5147422532
0.5157775837
0.5157775837
0.5157733796
0.5141168923
0.5141167392
0.5136147495
0.5136147495
0.5136115465
0.5137056858
0.5137009168
0.5131427605
0.5131427605
0.5131396203
0.5137607281
0.5137567225
0.5137535187
0.5137535187
0.5137535187
0.5137535357
0.5137535357
0.5325090474
0.5325090474
0.5325200909
0.5317021090
0.5317055995
0.5316111332
0.5316111332
0.5316136178
0.5319747536
0.5319733547
0.5322887290
0.5322887290
0.5322889550
0.5320841872
0.5320817915
0.5321147652
0.5321147652
0.5321163264
0.5317173866
0.5317159104
0.5315900198
0.5315900198
0.5315921351
0.5317899843
0.5317913670
0.5326871659
0.5326871659
0.5326861995
0.5333790105
0.5333820882
0.5341146946
0.5341146946
0.5341133259
0.5338863465
0.5338885661
0.5337265075
0.5337265075
0.5337300760
0.5336668685
0.5336692682
0.5336354569
0.5336354569
0.5336335246
0.5336271393
0.5336277389
0.5336261125
0.5336261125
0.5336260406
0.5336260186
0.5336262398
0.5336249800
0.5336249800
0.5336250500
0.5336256136
0.5336250821
0.5302257147
0.5302257147
0.5302105319
0.5315569466
0.5315570610
0.5295669426
0.5295669426
0.5295665140
0.5298849001
0.5298847233
0.5292840723
0.5292840723
0.5292838322
0.5291736910
0.5291747804
0.5291610315
0.5291610315
0.5291612435
0.5292997272
0.5292986474
0.5295585856
0.5295585856
0.5295594287
0.5300638988
0.5300644055
0.5301901427
0.5301901427
0.5301901427
0.5294959854
0.5294954970
0.5293118689
0.5293118689
0.5293118557
0.5292749915
0.5292750875
0.5292992741
0.5292992741
0.5292993876
0.5293693834
0.5293700276
0.5296051167
0.5296051167
0.5296046550
0.5296299280
0.5296300625
0.5296281352
0.5296281352
0.5313628434
0.5313575527
0.5311701077
0.5311739752
0.5311739752
0.5312588660
0.5312477808
0.5313841333
0.5313806155
0.5313806155
0.5313324948
0.5313353686
0.5313111680
0.5313110623
0.5313110623
0.5313329529
0.5313340717
0.5313340546
0.5303988388
0.5303988388
0.5303989954
0.5300615317
0.5300602373
0.5287155685
0.5287155685
0.5287169922
0.5285349061
0.5285354449
0.5285021718
0.5285021718
0.5285023019
0.5285019615
0.5285018878
0.5321517733
0.5321517733
0.5321494565
0.5324132963
0.5324112217
0.5324082106
0.5324082106
0.5326569086
0.5326540308
0.5326555281
0.5322671753
0.5322671753
0.5322648486
0.5322637153
0.5320574587
0.5320542525
0.5320542525
0.5320564718
0.5316789228
0.5316740474
0.5316742537
0.5316742537
0.5318172878
0.5318208717
0.5318130137
0.5318131475
0.5318131475
0.5358056158
0.5358019218
0.5299227208
0.5298969810
0.5298969810
0.5256696313
0.5256627950
0.5254252298
0.5254079913
0.5254079913
0.5260708714
0.5260773220
0.5263705842
0.5263697286
0.5263697286
0.5261708500
0.5261695397
0.5262570522
0.5262459692
0.5262459692
0.5263322513
0.5263334447
0.5263751261
0.5263740658
0.5263740658
0.5263333730
0.5263282390
0.5262002131
0.5261924116
0.5261924116
0.5261924494
0.5243300489
0.5236649977
0.5221316580
0.5221316580
0.5151692444
0.5146003438
0.5123411929
0.5116572928
0.5116572928
0.5110671774
0.5127131663
0.5188718137
0.5240992221
0.5240992221
0.5278762247
0.5281375438
0.5264609402
0.5297648648
0.5297648648
0.5344913797
0.5386960258
0.5386714422
0.5386392334
0.5386392334
0.5397097936
0.5695451168
0.5695658015
0.5695133991
0.5695133991
0.5695217864
0.5695163014
0.5695221347
0.5695550244
0.5695550244
0.5695572598
0.5694128652
0.5685286607
0.5665182407
0.5665182407
0.5640675656
0.5624598326
0.5605595876
0.5580819361
0.5580819361
0.5555815260
0.5545143908
0.5530659868
0.5514947192
0.5514947192
0.5504832735
0.5504955921
0.5511718491
0.5520861968
0.5520861968
0.5530890354
0.5540215118
0.5549491787
0.5558878676
0.5558878676
0.5565007985
0.5572279993
0.5576229350
0.5581251794
0.5581251794
0.5587907365
0.5594230262
0.5600484050
0.5606397896
0.5606397896
0.5611018930
0.5615187003
0.5619612379
0.5627321841
0.5627321841
0.5633080802
0.5637729212
0.5640755839
0.5643761178
0.5643761178
0.5645778515
0.5645862609
0.5641017550
0.5638259587
0.5638259587
0.5653451739
0.5663450833
0.5670128778
0.5658148796
0.5658148796
0.5633794815
0.5611419772
0.5624545567
0.5665044868
0.5665044868
0.5753758120
0.5861454784
0.5934006894
0.6000050397
0.6000050397
0.6034660700
0.6080936946
0.6117735678
0.6117568984
0.6117568984
0.6116624853
0.6129650529
0.6117582898
0.6156148215
0.6156148215
0.6192656723
0.6241046138
0.6295704532
0.6286044140
0.6286044140
0.6290643176
0.6312779753
0.6327485337
0.6325870841
0.6325870841
0.6331477440
0.6326650101
0.6323681862
0.6325410267
0.6325410267
0.6326499263
0.6331783316
0.6326913864
0.6328279343
0.6328279343
0.6328560123
0.5486111255
0.5485864091
0.5464198364
0.5464198364
0.5464120617
0.5438886463
0.5438686541
