0.1788201176
0.1788201176
0.1788201176
0.1788201176
0.1788201176
0.1788201176
0.1788201176
0.1788201176
0.1788201176
0.1788201176
0.1788201176
0.1788201176
0.1788201176
0.1788201176
0.1788201176
0.1788201176
0.1788201176
0.1788201176
0.1788201176
0.1788201176
0.1788201176
0.1788201176
0.1788201176
0.1788201176
0.1788201176
0.1788201176
0.1788201176
0.1788201176
0.1788201176
0.1788201176
0.1788201176
0.1788201176
0.1788201176
0.1788201176
0.1788201176
0.1788201176
0.1788201176
0.1788201176
0.1788201176
0.1788201176
0.1788201176
0.1788201176
0.1788201176
0.1788201176
0.1788201176
0.1788201176
0.1788201176
0.1788201176
0.1788201176
0.1788201176
0.1788201176
0.1788201176
0.1788201176
0.1788201176
0.1788201176
0.1788201176
0.1788201176
0.1788201176
0.1788201176
0.1788201176
0.1788201176
0.1788201176
0.1788201176
0.1788201176
0.1788201176
0.1788201176
0.1788201176
0.1788201176
0.1788201176
0.1788201176
0.1788201176
0.1788201176
0.1788201176
0.1788201176
0.1788201176
0.1788201176
0.1788201176
0.1788201176
0.1788201176
0.1788201176
0.1788201176
0.1788201176
0.1788201176
0.1788201176
0.1788201176
0.1788201176
0.1788201176
0.1788201176
0.1788201176
0.1788201176
0.1788201176
0.1788201176
0.1788201176
0.1788201176
0.1788201176
0.1788201176
0.1788201176
0.1788201176
0.1788201176
0.1788201176
0.1788201176
0.1788201176
0.1788201176
0.1788201176
0.1788201176
0.1788201176
0.1788201176
0.1788201176
0.1788201176
0.1788201176
0.1788201176
0.1788201176
0.1788201176
0.1788201176
0.1788201176
0.1788201176
0.1788201176
0.1788201176
0.1788201176
0.1788201176
0.1788201176
0.1788201176
0.1788201176
0.1788201176
0.1788201176
0.1788201176
0.1788201176
0.1788201176
0.1788201176
0.1788201176
0.1788201176
0.1788201176
0.1788201176
0.1788201176
0.1777617134
0.1798634136
0.1824150026
0.1835968876
0.1835968876
0.1879722747
0.1922961992
0.1918311630
0.1918311630
0.1618812166
0.1364661646
0.1089310567
0.0863456551
0.0863456551
0.0634958661
0.0485294895
0.0332590364
0.0230467524
0.0125150053
0.0125150053
0.0066197147
0.0018203411
0.0003001882
0.0003001882
0.0000058939
0.0000038685
0.0000026903
0.0000027829
0.0000027829
0.0000026704
0.0000027630
0.0000028557
0.0000029484
0.0000029484
0.0000024056
0.0001512898
0.0009269241
0.0026527831
0.0026527831
0.0048600481
0.0085627763
0.0143348241
0.0201870926
0.0201870926
0.0289758941
0.0376396072
0.0471762226
0.0588449704
0.0588449704
0.0724132401
0.0853839664
0.0998783604
0.1001287827
0.1001287827
0.1001835687
0.1001674780
0.1002337099
0.1003739011
0.1003739011
0.1005513518
0.1005700038
0.1004311052
0.2017889254
0.2017889254
0.2042761149
0.2059613570
0.2083174944
0.2092134079
0.2092134079
0.2095523769
0.2094235799
0.2108337006
0.2103467393
0.2103467393
0.2093421628
0.2056463853
0.2015257376
0.2061541929
0.2061541929
0.2069258661
0.1996216471
0.1894339399
0.1792149452
0.1792149452
0.1675639890
0.1552830409
0.1391211921
0.1227549555
0.1227549555
0.1121908775
0.1054006955
0.1049276504
0.1066299918
0.1066299918
0.1151310859
0.1171906599
0.1301540674
0.1356056741
0.1356056741
0.1330617395
0.1303003451
0.1271198677
0.1234284484
0.1234284484
0.1226966602
0.1179637095
0.1443200004
0.1456858663
0.1456858663
0.1468320097
0.1476111325
0.1488102735
0.1497311749
0.1497311749
0.1506457879
0.1508777940
0.1520216412
0.1534467394
0.1534467394
0.1541126706
0.1551950894
0.1557115072
0.1569773652
0.1569773652
0.1575706204
0.1586031263
0.1594872080
0.1599720334
0.1599720334
0.1594685544
0.1604467443
0.1611811454
0.1616175846
0.1616175846
0.1619931879
0.1622333455
0.1624269769
0.1633074959
0.1633074959
0.1633364649
0.1634475390
0.0962233277
0.0961836060
0.0961836060
0.0959585419
0.0955111058
0.0960764285
0.0970497898
0.0970497898
0.0963376271
0.0977133847
0.0969952006
0.0925470624
0.0925470624
0.0895206587
0.0860305016
0.0841491867
0.0825534175
0.0825534175
0.0818084040
0.0799288570
0.0749195787
0.0750006914
0.0750006914
0.2365577631
0.2349195048
0.2291732499
0.2225427958
0.2225427958
0.2200489778
0.2189081040
0.2109578722
0.2042670324
0.2042670324
0.1922840240
0.1790229543
0.1639696427
0.1519692795
0.1519692795
0.1417518755
0.1335105730
0.1270185808
0.1197035921
0.1197035921
0.1151661555
0.1109603838
0.1075232242
0.1046958364
0.1046958364
0.1030625556
0.1040176730
0.1059218985
0.1089183037
0.1089183037
0.1129848103
0.1164500043
0.1181119184
0.1231993208
0.1231993208
0.1279241701
0.1327003780
0.1368369051
0.1418718077
0.1418718077
0.1475247828
0.1547054354
0.1603139046
0.1626715927
0.1626715927
0.1648081721
0.1647968655
0.1656737103
0.1662756268
0.1662756268
0.1665218379
0.1669932007
0.1672241156
0.1681914034
0.1681914034
0.1681461737
0.1681328397
0.1681497666
0.1684212486
0.1684212486
0.1673875429
0.1679676992
0.0853545879
0.0888453934
0.0888453934
0.0939780530
0.0970745550
0.0901111257
0.0816566780
0.0816566780
0.0779947548
0.0755836397
0.1187374215
0.1139276419
0.1139276419
0.1085118913
0.1180940996
0.1364630183
0.3899031797
0.3899031797
0.1783573459
0.0817818138
0.0846133485
0.0891425940
0.0891425940
0.0927263673
0.0989330540
0.1015774616
0.1032888326
0.1032888326
0.1058294748
0.1103923586
0.1149275869
0.1119844638
0.1119844638
0.1107867729
0.1094879018
0.1110534272
0.1066281322
0.1066281322
0.1032079723
0.1030370608
0.1088574894
0.1154975845
0.1154975845
0.1200692678
0.3075920032
0.3138623571
0.3219920131
0.3219920131
0.3299267695
0.3399276226
0.3353151665
0.3291921489
0.3291921489
0.3225856255
0.3182451823
0.3142610338
0.3080402862
0.3080402862
0.3017114866
0.2935466757
0.2844650820
0.2844650820
0.2687916872
0.2471667025
0.2196301358
0.1933663976
0.1933663976
0.1660173715
0.1389614202
0.1120562878
0.0888238763
0.0888238763
0.0688926295
0.0486954558
0.0300260206
0.0157241108
0.0157241108
0.0073014409
0.0050151248
0.0048929069
0.0047647093
0.0047647093
0.0047417684
0.0046922466
0.0046738176
0.0046485050
0.0046485050
0.0046384855
0.0046084214
0.0046078571
0.0045978380
0.0045978380
0.0045947118
0.0045309403
0.0045312669
0.0045336491
0.0045336491
0.0045331088
0.0045167044
0.0045145878
0.0641955996
0.0641955996
0.0643030369
0.0644282760
0.0645270263
0.0646153861
0.0646153861
0.0647380023
0.0649390723
0.0651331399
0.0653727869
0.0653727869
0.0655857460
0.0657188434
0.0658953226
0.0660874050
0.0660874050
0.0661805056
0.0662620543
0.0628501459
0.0576085335
0.0576085335
0.0533995825
0.0483923174
0.0442776301
0.0400643544
0.0400643544
0.0361039026
0.0308370259
0.0275317324
0.0240970152
0.0240970152
0.0200085248
0.0169612239
0.0136447820
0.0108778795
0.0108778795
0.0077648115
0.0056866308
0.0035389738
0.0022668906
0.0022668906
0.0001524004
0.0000121876
0.0000023905
0.0000004841
0.0000004841
0.0000005144
0.1680674835
0.1642988132
0.1627516848
0.1627516848
0.1657112108
0.1664204490
0.1719480239
0.1746249805
0.1746249805
0.1782133547
0.1875941636
0.1949107356
0.1958477508
0.1958477508
0.1913732038
0.1890628142
0.1902858386
0.1982406880
0.1982406880
0.2043174791
0.2049398340
0.2087068640
0.2063691496
0.2063691496
0.2021486730
0.2036230915
0.2033812047
0.2040851761
0.2040851761
0.2054083667
0.2052650740
0.2144402285
0.2264427882
0.2264427882
0.2398149971
0.2466435403
0.2546494026
0.2590104822
0.2590104822
0.2584608883
0.2502446636
0.2391960754
0.2377899046
0.2377899046
0.1662513634
0.1468498660
0.1462561967
0.1496668858
0.1496668858
0.1386117382
0.1490703931
0.1517034944
0.1530515974
0.1530515974
0.1546520041
0.4934753942
0.4934692471
0.4868215439
0.4868215439
0.4868269169
0.4828934678
0.4828950351
0.4755738018
0.4755738018
0.4755839297
0.4668166572
0.4668225076
0.4021950565
0.4021950565
0.3393397246
0.2619837658
0.1891532828
0.1157371949
0.1157371949
0.0626740209
0.0241298190
0.0032599251
0.0000038505
0.0000038505
0.0000040320
0.0000042136
0.0000043951
0.0000038505
0.0000038505
0.0000040320
0.0002627777
0.0021485898
0.0045024414
0.0045024414
0.0083260465
0.0126342735
0.0204729230
0.0283582513
0.0283582513
0.0386809944
0.0507906227
0.0621337054
0.0623254569
0.0623254569
0.0622826412
0.0623501782
0.0623943133
0.0624075703
0.0624075703
0.0867771180
0.0868420988
0.0868474820
0.0868088617
0.0868088617
0.0867931078
0.0867913317
0.0867735420
0.0867500694
0.0867500694
0.0867551065
0.0867472565
0.0867573792
0.0867259553
0.0867259553
0.0867185409
0.0867406928
0.0867391077
0.0867954066
0.0867954066
0.0868592127
0.0869205131
0.0869470641
0.0869276849
0.0869276849
0.0869625078
0.0869510703
0.0869249792
0.0869249792
0.0869054987
0.0869634462
0.0869684113
0.0869690353
0.2910548290
0.2910548290
0.2902678043
0.2878650240
0.3637580434
0.4117410815
0.4117410815
0.3904948793
0.3454893422
0.3267087811
0.3267087811
0.3184567186
0.3129628202
0.3107365777
0.3098659761
0.3098659761
0.3097365886
0.3093508900
0.3085191707
0.3082105431
0.3082105431
0.3080040096
0.3081344230
0.3078646827
0.3082985416
0.3082985416
0.3083808436
0.3085184972
0.3084119901
0.3083865514
0.3083865514
0.3177810751
0.3177422265
0.3177940152
0.3177921219
0.3177921219
0.3178323354
0.3178432672
0.3178248270
0.3178232175
0.3178232175
0.3177464733
0.3177343620
0.3179650358
0.3748499388
0.3748499388
0.3558275593
0.3494188704
0.3484600299
0.3471790809
0.3471790809
0.3449851298
0.3437207998
0.3450644471
0.3503431591
0.3503431591
0.3561938373
0.3695852497
0.3826301621
0.3899493022
0.3899493022
0.3911234551
0.3918493029
0.4171681283
0.4147599663
0.4147599663
0.3955224581
0.3844164451
0.3704607578
0.3635186028
0.3635186028
0.3576008210
0.3461765531
0.3366047650
0.3279099614
0.3279099614
0.3207421984
0.3150205506
0.3113793334
0.3077215799
0.3077215799
0.2993862757
0.2885126004
0.2742405995
0.2602771734
0.2602771734
0.2427884883
0.2288260822
0.2114339312
0.1982494027
0.1982494027
0.1829822133
0.1701914753
0.1562358254
0.1459910888
0.1459910888
0.1338748724
0.1335337566
0.1331168504
0.1321031388
0.1321031388
0.1319534971
0.1314235910
0.1310954400
0.0724737764
0.0724737764
0.0734935497
0.0745849558
0.0760205453
0.0771345832
0.0771345832
0.0782648379
0.0790972721
0.0794184024
0.0808347827
0.0808347827
0.0816502777
0.0824833227
0.0835632147
0.0844122894
0.0844122894
0.0854277870
0.0864935521
0.0880854214
0.0895349202
0.0895349202
0.0909484686
0.0914862535
0.0835127898
0.0835106559
0.0835106559
0.0834631367
0.0834361110
0.0837102028
0.0837695137
0.0837695137
0.0841332243
0.0840473319
0.0844894914
0.0847145215
0.0847145215
0.0844935643
0.0840944381
0.0833346596
0.0829808775
0.0829808775
0.0826124805
0.0807567371
0.0819513126
0.0804572933
0.0804572933
0.0819713405
0.0815576806
0.0795741951
0.0772695368
0.0772695368
0.0791834242
0.0801467751
0.0793517308
0.0775874558
0.0775874558
0.0756871193
0.0741783373
0.0733439243
0.0661185913
0.0661185913
0.0655708465
0.0658074533
0.0658152147
0.0681659980
0.0681659980
0.0798433393
0.1416848650
0.1064176800
0.2263067690
0.2263067690
0.1351645875
0.1334504101
0.1401424153
0.1310758129
0.1310758129
0.0837234230
0.0905317892
0.1000970959
0.1002863346
0.1002863346
0.0970354734
0.1042996830
0.1182801989
0.1320638263
0.1320638263
0.1391422736
0.1378654867
0.1387586148
0.1398792851
0.1398792851
0.1388198676
0.1362153784
0.2169813875
0.2182272092
0.2182272092
0.2140758097
0.2096516527
0.2068278084
0.2064483533
0.2064483533
0.2065753383
0.2067098230
0.0778289981
0.0779238322
0.0779238322
0.0780319168
0.0782027008
0.0783946195
0.0785430389
0.0785430389
0.0789035162
0.0792429003
0.0798354877
0.0805023890
0.0805023890
0.0810626697
0.0814798138
0.0822282938
0.0828565751
0.0828565751
0.0837461964
0.0845900461
0.0850374879
0.0855274575
0.0855274575
0.1310505677
0.1304637262
0.1320581336
0.1329245356
0.1329245356
0.1320931306
0.1316949184
0.1321351378
0.1320527592
0.1320527592
0.1324184906
0.1336490453
0.1331120817
0.1334670468
0.1334670468
0.1339262773
0.1342157444
0.1324521377
0.1318169253
0.1318169253
0.1317746273
0.1319060713
0.1321033252
0.1323487697
0.1323487697
0.1329380031
0.1333061551
0.1326701612
0.1336000036
0.1336000036
0.2037371018
0.2036715383
0.2036381961
0.2035758875
0.2035758875
0.2034362729
0.2032901674
0.2033892554
0.2031376555
0.2031376555
0.2030490269
0.2025040010
0.2027520330
0.2027520330
0.2028763216
0.2030725365
0.2030076096
0.2033992770
0.2033992770
0.2032735525
0.2033272295
0.2032032781
0.2032343534
0.2032343534
0.2031200084
0.2030947208
0.2026181633
0.2032043543
0.2032043543
0.2030710049
0.2030870304
0.2030702109
0.2032044164
0.2032044164
0.2032178293
0.2034028697
0.2035805854
0.2037246327
0.2037246327
0.2038213874
0.0055608013
0.0055563278
0.0055599589
0.0055599589
0.0055341364
0.0055145558
0.0054992617
0.0054811845
0.0054811845
0.0054768000
0.0054629007
0.0054498067
0.0054427242
0.0054427242
0.0054403733
0.0054302015
0.0054159729
0.0054062373
0.0054062373
0.0054005076
0.0054022894
0.0053981934
0.0053934558
0.0053934558
0.0053849652
0.0053737083
0.4905534993
0.4230482348
0.4230482348
0.3327346935
0.2227294025
0.1065922384
0.1056405500
0.1056405500
0.1061155586
0.1064432551
0.1102734409
0.1101093355
0.1101093355
0.1101346905
0.1099671137
0.1095879369
0.1097553276
0.1097553276
0.1096835399
0.1093370431
0.0909451495
0.0868972331
0.0868972331
0.0848141572
0.0773595375
0.0725480424
0.0713734034
0.0713734034
0.0725734710
0.0738046665
0.0727607360
0.0536658871
0.0536658871
0.0378897738
0.0272046741
0.0179990805
0.0109451743
0.0109451743
0.0054527262
0.0024139520
0.0006706356
0.0000555356
0.0000555356
0.0000067818
0.0000026987
0.0000034155
0.0491271104
0.0491271104
0.0483778392
0.0480352851
0.0478011609
0.0457318837
0.0457318837
0.0437952984
0.0433759181
0.0431962959
0.0437260788
0.0437260788
0.0441650722
0.0442536235
0.0461763084
0.0457662329
0.0457662329
0.0451380345
0.0455394106
0.0453286483
0.0454157818
0.0454157818
0.0440271475
0.0446316585
0.0458491463
0.0466171292
0.0466171292
0.0469899857
0.0484726057
0.0474306402
0.0459914906
0.0459914906
0.0454838408
0.0455878669
0.0454674580
0.0455254096
0.0455254096
0.0454814135
0.0454636665
0.0454169321
0.0451439226
0.0451439226
0.0450746515
0.0450052009
0.0074946399
0.0074966754
0.0074966754
0.0074852184
0.0074955399
0.0074580848
0.0074136873
0.0074136873
0.0073771645
0.0073534623
0.0073235642
0.0073026585
0.0073026585
0.0073118323
0.0073011556
0.0073073891
0.0073304603
0.0073304603
0.0073275515
0.0073109184
0.0073007000
0.0072839881
0.0072839881
0.0072707579
0.2212625233
0.2214484250
0.1824161258
0.1824161258
0.1825152296
0.1435642792
0.1435369275
0.1355095713
0.1355095713
0.1355171196
0.1516135959
0.1517270550
0.1538294675
0.1538294675
0.1541176953
0.1596785261
0.1597086250
0.1654358968
0.1654358968
0.1654721462
0.0443519097
0.0438335180
0.0438323109
0.0438323109
0.0438043876
0.0440589388
0.0441686076
0.0441794293
0.0441794293
0.0435955920
0.0437705494
0.0433244940
0.0435424767
0.0435424767
0.0429869574
0.0441499540
0.0448664506
0.0456776568
0.0456776568
0.0461922287
0.0467674417
0.0922443812
0.0931836323
0.0931836323
0.0941966496
0.0944595326
0.0948205591
0.0977488791
0.0977488791
0.0980993367
0.0990702810
0.1017772648
0.1017772648
0.1043267265
0.1066931341
0.1072411807
0.1074964075
0.1073113883
0.1073113883
0.1063680444
0.1066122968
0.1068418489
0.1071121837
0.1071121837
0.1080986361
0.1082687232
0.1072294732
0.1072294732
0.1056369610
0.1042565914
0.1042987394
0.1071023129
0.1071023129
0.1077555822
0.1815684741
0.1831338834
0.1880780075
0.1880780075
0.1930674772
0.1911447025
0.1887159997
0.1869602477
0.1869602477
0.1728417835
0.1499952344
0.1344897862
0.1170426679
0.1170426679
0.1172514651
0.1296648307
0.1464599613
0.1710233534
0.1710233534
0.1491516590
0.1498011486
0.1518019945
0.1542036658
0.1542036658
0.1567589501
0.1574881313
0.1611906308
0.1598547776
0.1598547776
0.1598123172
0.1609773526
0.1618044182
0.1562793464
0.1562793464
0.1540930542
0.1950027750
0.1815855233
0.1602632476
0.1602632476
0.1463637047
0.1463400266
0.1406087024
0.1491251794
0.1491251794
0.1570539264
0.1553963730
0.1555597220
0.1506694828
0.1506694828
0.1334821972
0.1068509789
0.0910047269
0.1036564100
0.1036564100
0.1254725913
0.1444612292
0.1666944797
0.1722456664
0.1722456664
0.1678980460
0.1691134967
0.2089138632
0.2073162881
0.2073162881
0.1899780544
0.1989015248
0.2242678413
0.2286103281
0.2286103281
0.2312035113
0.2346854474
0.2365205726
0.2381388575
0.2381388575
0.2007497427
0.2078783193
0.2132985015
0.2374117644
0.2374117644
0.2366165075
0.2154156259
0.2196111806
0.2182360438
0.2182360438
0.2167694019
0.2160325042
0.2169264045
0.1883202853
0.1883202853
0.1801644304
0.1936803307
0.2013100553
0.2111069547
0.2111069547
0.2181592050
0.2218012066
0.2237868503
0.2251067543
0.2251067543
0.2320169410
0.2356790985
0.1366034609
0.1379134919
0.1379134919
0.1404108513
0.1403165200
0.1373747150
0.1344509600
0.1344509600
0.1363108320
0.1380238796
0.2373697056
0.2299400819
0.2299400819
0.2172494627
0.2098235162
0.2094390743
0.2090933162
0.2090933162
0.2086902265
0.2178855052
0.2168982053
0.2162647540
0.2162647540
0.2160234390
0.2158448789
0.2155811915
0.2150112058
0.2150112058
0.2154474345
0.2152198836
0.2154928992
0.2159718948
0.2159718948
0.2157199278
0.2158346205
0.2150731446
0.2145928285
0.2145928285
0.0959845585
0.0976185872
0.1033931053
0.1112998368
0.1112998368
0.1119033215
0.1142772051
0.1185225797
0.1228513504
0.1228513504
0.1242843549
0.1122507874
0.1112150491
0.1108222171
0.1108222171
0.1091621806
0.1117768603
0.1165361885
0.1222130238
0.1222130238
0.1235250317
0.1265784582
0.1269038663
0.1185119322
0.1185119322
0.1191259644
0.1231781136
0.1263224528
0.1297114886
0.1297114886
0.1285437319
0.1244913643
0.1591493202
0.1587525594
0.1587525594
0.1580385393
0.1557880211
0.1541339152
0.1507883532
0.1507883532
0.1504334188
0.1488507194
0.1502736106
0.1538746975
0.1538746975
0.1583607808
0.1646431759
0.1720217107
0.1787389052
0.1787389052
0.1876730816
0.1966577473
0.2052511041
0.2169030334
0.2169030334
0.2283194715
0.2400154573
0.2521011071
0.2650476081
0.2650476081
0.2777838464
0.2903168008
0.3044983698
0.3165118367
0.3165118367
0.3291423937
0.3401277311
0.3408162504
0.3408994454
0.3408994454
0.3408706441
0.3408947858
0.3409924771
0.3411666573
0.3411666573
0.3412033772
0.3414960819
0.3416024433
0.3417295252
0.3417295252
0.3415910727
0.3417760500
0.1675213501
0.1721066187
0.1721066187
0.1755750175
0.1806172283
0.1869580855
0.1927391284
0.1927391284
0.1949388950
0.1772444367
0.1681334751
0.1985389217
0.1985389217
0.2286091334
0.2087432789
0.1952333380
0.1719162073
0.1719162073
0.1499036815
0.1205884184
0.2886657610
0.2900183807
0.2900183807
0.3005521636
0.3222844153
0.2985524630
0.3084568626
0.3084568626
0.3175217481
0.3399682078
0.3104526768
0.3052104650
0.3052104650
0.3063324163
0.3238574505
0.3362691428
0.3362691428
0.3346406440
0.3331489472
0.3314978041
0.3303802524
0.3303802524
0.3296000226
0.3285951690
0.3280188394
0.3277719341
0.3277719341
0.3281709513
0.3288513740
0.3299808002
0.3339122071
0.3339122071
0.3386446468
0.0925422671
0.0917503607
0.0909128557
0.0909128557
0.0918575080
0.0901946850
0.0918178488
0.0972578872
0.0972578872
0.0986276424
0.0983562703
0.1005838932
0.0952977422
0.0952977422
0.0965182723
0.3915857994
0.3922126651
0.3926156039
0.3926156039
0.3931362433
0.3939097006
0.3941747123
0.3945159696
0.3945159696
0.3943601594
0.3950917732
0.3955431543
0.3957182592
0.3957182592
0.3960741849
0.3960108186
0.3962703075
0.3962825032
0.3962825032
0.3965843564
0.3968756887
0.3969532801
0.3963718624
0.3963718624
0.3971518695
0.3972040309
0.3975919899
0.4410794003
0.4410794003
0.3861787728
0.2301989037
0.1551696461
0.1521985055
0.1521985055
0.1545393763
0.1523895751
0.1524214166
0.1536573065
0.1536573065
0.1523937498
0.1512923443
0.1481159786
0.1447574769
0.1447574769
0.1416994073
0.1399132916
0.1331845662
0.1290417340
0.1290417340
0.1271260477
0.4554064421
0.3806573817
0.2214387120
0.2214387120
0.0575561528
0.0566283539
0.0597072957
0.0582220196
0.0582220196
0.0567233889
0.0563910541
0.0560500700
0.0553726875
0.0553726875
0.0563631586
0.0586221855
0.0579143261
0.0575135920
0.0575135920
0.0568534455
0.0580610672
0.0574541209
0.0545589028
0.0545589028
0.0526016386
0.0428000772
0.0431680800
0.0441000688
0.0441000688
0.0450093432
0.0458032220
0.0468698476
0.0466742354
0.0466742354
0.0463901128
0.0458591986
0.0459107390
0.0464572512
0.0464572512
0.0467858864
0.0478328607
0.0483732735
0.0496454791
0.0496454791
0.0514794374
0.3341777995
0.2290838393
0.1963193752
0.1963193752
0.1892475569
0.1853007629
0.1766284821
0.1689298411
0.1689298411
0.1589867438
0.1536687919
0.1558358628
0.1632338091
0.1632338091
0.1684042969
0.1751765886
0.2947738324
0.2292764999
0.2292764999
0.2210803318
0.2258135622
0.2270362751
0.2298238579
0.2298238579
0.2350575528
0.2386991908
0.2464831807
0.1190918298
0.1190918298
0.1169242981
0.1097678204
0.1060108875
0.1008511313
0.1008511313
0.0967852747
0.0917118270
0.0896029807
0.0880187074
0.0880187074
0.0879768493
0.0880374330
0.0870238583
0.0863351569
0.0863351569
0.0881188421
0.0875139194
0.0891998316
0.0907357479
0.0907357479
0.0915811330
0.0917216040
0.0915282338
0.1018649582
0.1018649582
0.1028572173
0.1009263244
0.0985451873
0.0973484233
0.0973484233
0.0971090055
0.1009388568
0.0955247394
0.0878717252
0.0878717252
0.0762505414
0.0676842221
0.5104616400
0.5085331629
0.5085331629
0.5058721028
0.5026875444
0.4993453034
0.4957787004
0.4957787004
0.4923686082
0.4885642987
0.4854978544
0.4824184391
0.4824184391
0.4791101309
0.4752050088
0.4723502685
0.4762798931
0.4762798931
0.4768829824
0.4706222616
0.4724256118
0.4665497270
0.4665497270
0.4792534708
0.4725367668
0.4759263276
0.4792800810
0.4792800810
0.4772252283
0.3305753057
0.3386326493
0.3453720743
0.3453720743
0.3531780867
0.3615134956
0.3692759554
0.3781847982
0.3781847982
0.3846982484
0.3905184318
0.3958302366
0.3958302366
0.4015515064
0.4050878749
0.4085413496
0.4123620715
0.4123620715
0.4165639092
0.4205728362
0.4235406224
0.4265984276
0.4265984276
0.4300180812
0.4332564624
0.4367703462
0.4405200568
0.4405200568
0.4425415207
0.4465645492
0.4494969001
0.4527084833
0.4527084833
0.1981483143
0.1975790653
0.1950687392
0.1957193514
0.1957193514
0.1924477603
0.1890854151
0.1886940780
0.1863610558
0.1863610558
0.1873192968
0.1931244734
0.1957237159
0.1904171891
0.1904171891
0.2585393284
0.2564356986
0.2551157602
0.2524408026
0.2524408026
0.2506990562
0.2502583467
0.2469143335
0.2460744292
0.2460744292
0.2461566596
0.2458768477
0.2455062186
0.2449052660
0.2449052660
0.2427393994
0.2400149763
0.2379383915
0.2353114378
0.2353114378
0.2322232310
0.2187735784
0.2199245990
0.2195810787
0.2195810787
0.2179946964
0.2179258020
0.2216715645
0.2132633200
0.2132633200
0.2116020481
0.2104700007
0.2100252604
0.2137152052
0.2137152052
0.2261427655
0.2166509881
0.2205146622
0.2233988162
0.2233988162
0.2247367761
0.2326314868
0.2407355361
0.2367072887
0.2367072887
0.0782692175
0.0788614765
0.0795881936
0.0802206305
0.0802206305
0.0810129483
0.0818275373
0.0825457486
0.0832987022
0.0832987022
0.0838513909
0.0844436541
0.0850686375
0.0857410304
0.0857410304
0.0864790508
0.0871371810
0.0879469391
0.0889500153
0.0889500153
0.0897497013
0.0904434260
0.0909475464
0.0916392798
0.0916392798
0.0920115090
0.0925640705
0.0930846866
0.0935873593
0.0935873593
0.0939135378
0.0943698558
0.0947904262
0.0954022642
0.0954022642
0.0957428699
0.0961225819
0.0962972864
0.0966553828
0.0966553828
0.0968248710
0.0970987100
0.0972763914
0.0973200943
0.0973200943
0.0980094704
0.0984821829
0.0990348034
0.0995842173
0.0995842173
0.1000969911
0.1006262505
0.1012633730
0.1018341735
0.1018341735
0.1021219932
0.1025390178
0.1028637174
0.1038077036
0.1038077036
0.1047292916
0.1053876073
0.1061918217
0.1067976027
0.1067976027
0.1074963577
0.1080628220
0.1086768609
