0.2185671595
0.2185671595
0.2185671595
0.2192159388
0.2174956801
0.2166695911
0.2172597564
0.2153346729
0.2153346729
0.2130948525
0.2112722006
0.2121539016
0.2128513615
0.2144109442
0.2144109442
0.2134294992
0.2101735639
0.2098830336
0.2107660277
0.2086747697
0.2086747697
0.2079567076
0.2082947256
0.2084462600
0.2066478175
0.2079027053
0.2079027053
0.2084073586
0.2093738142
0.2076141277
0.2061125543
0.2062186706
0.2062186706
0.2060997855
0.2060456359
0.2041577020
0.2044516776
0.2024726808
0.2024726808
0.2014436473
0.2022493081
0.2023412902
0.2009970941
0.1978346472
0.1978346472
0.1957550165
0.1885200379
0.1894892398
0.1895793005
0.1903699033
0.1903699033
0.1909722815
0.1913552651
0.1921501098
0.1919705682
0.1915457653
0.1915457653
0.1917555694
0.1917138105
0.1913012491
0.1944613014
0.1948875468
0.1948875468
0.1961252844
0.1946738844
0.1938808944
0.1943645847
0.1954648421
0.1954648421
0.1943077084
0.1931688259
0.1941951484
0.1936553502
0.1938490040
0.1938490040
0.1955132201
0.1942955179
0.1935665326
0.1944998839
0.1939600117
0.1939600117
0.1940431582
0.1948337483
0.1947599389
0.1960376286
0.1953625597
0.1953625597
0.1957582641
0.1964828037
0.1985306828
0.1970612547
0.1955356348
0.1955356348
0.1965877442
0.1964334752
0.1959937985
0.1940841969
0.1931829370
0.1931829370
0.1919919408
0.1899711367
0.1902825319
0.1877048768
0.1880293679
0.1880293679
0.1858741695
0.1809085180
0.1754064157
0.1737839548
0.1726633857
0.1726633857
0.1713091368
0.1706873726
0.1688235191
0.1670838160
0.1651623344
0.1651623344
0.1634143217
0.1618012701
0.1593483440
0.1587745645
0.1931730255
0.1931730255
0.1982353809
0.1961932089
0.2098793461
0.2324139116
0.2384311994
0.2384311994
0.2390661414
0.2368443107
0.2358654611
0.2340686073
0.2355858412
0.2355858412
0.2375982110
0.2393767011
0.2402473431
0.2404460021
0.2399200185
0.2399200185
0.2415957860
0.2403965836
0.2365274405
0.2337612844
0.2298118699
0.2298118699
0.2246609700
0.2068587507
0.1921142627
0.1952751951
0.2011885924
0.2011885924
0.1978169231
0.2185403726
0.2353091380
0.2404934080
0.2383471516
0.2383471516
0.2366128433
0.2350325027
0.2349266596
0.2116891275
0.2116832026
0.2116832026
0.2119594708
0.2115806316
0.2118389507
0.2118317759
0.2121384838
0.2121384838
0.2117418222
0.2119516847
0.2118671517
0.2119549338
0.2116930186
0.2116930186
0.2119369138
0.2124241068
0.2121330822
0.2123062166
0.2127366466
0.2127366466
0.2124688112
0.2129893566
0.2127322758
0.1213125715
0.1235942248
0.1235942248
0.1397927283
0.1752735392
0.1810380095
0.1795647896
0.1732094099
0.1732094099
0.1382389965
0.1256351211
0.1275134479
0.1423365895
0.1907962421
0.1907962421
0.2009331217
0.1974746261
0.1901635629
0.1453818744
0.1277257499
0.1277257499
0.1356672471
0.1788460023
0.1883820140
0.1827168651
0.1587104267
0.1587104267
0.1273435537
0.1251923537
0.1621712760
0.1939480274
0.1916099046
0.1916099046
0.1768488024
0.1419643330
0.1440698286
0.1594217032
0.1940970441
0.1940970441
0.2004548335
0.2077616131
0.2036338261
0.1679817984
0.1633188319
0.1633188319
0.1647727460
0.1702900786
0.1978117193
0.2017433618
0.1966804997
0.1966804997
0.2536596974
0.2537172347
0.2542649581
0.2542048414
0.2532760171
0.2532760171
0.2528736848
0.2514866653
0.2505013987
0.2489217236
0.2482012594
0.2482012594
0.2469380351
0.2457499849
0.2442844912
0.2434391369
0.2424247001
0.2424247001
0.2410523208
0.2403047516
0.2396264339
0.2382349807
0.2381152502
0.2381152502
0.2376843002
0.2361697805
0.2359158756
0.2344603540
0.2335433105
0.2335433105
0.2321950047
0.2318873170
0.2306195974
0.2297856794
0.2280049492
0.2280049492
0.2274775989
0.2266278074
0.2260305310
0.2253754998
0.1905270909
0.1905270909
0.1902193428
0.1896261724
0.1886546982
0.1873507208
0.1872272994
0.1872272994
0.1868599430
0.1856687399
0.1857431667
0.1843304556
0.1840656162
0.1840656162
0.1838707909
0.1828266120
0.1835164010
0.2030819762
0.1844358902
0.1844358902
0.2061289651
0.1839855974
0.1812656037
0.1797669159
0.1960502205
0.1960502205
0.1853471121
0.1880339264
0.1789059575
0.1772763509
0.1778054473
0.1778054473
0.1767963455
0.1773882482
0.1762925514
0.1834142026
0.1770001321
0.1770001321
0.1774733544
0.1761472161
0.1771078606
0.1910626621
0.1744916502
0.1744916502
0.1741633191
0.1743300464
0.1821609821
0.1860727122
0.1725914571
0.1725914571
0.1818428299
0.1712764004
0.1716483168
0.1708184840
0.1702341373
0.1702341373
0.1704012243
0.1692916731
0.1766738852
0.1687900757
0.1694735493
0.1694735493
0.1687467186
0.1683093571
0.2917174230
0.2925609358
0.2931027934
0.2931027934
0.2931616069
0.2927954346
0.2938934001
0.2935640192
0.2941645167
0.2941645167
0.2934932170
0.2941535837
0.2939054999
0.2934366973
0.2929399157
0.2929399157
0.2940167398
0.2941435656
0.2943001777
0.2943755112
0.2951338079
0.2951338079
0.2952134996
0.2950613437
0.2947128615
0.2957347372
0.2958733128
0.2958733128
0.2960046402
0.2949926410
0.2956507905
0.2961399989
0.2961339158
0.2961339158
0.2957078980
0.2967679684
0.2964333659
0.2964430319
0.2959947700
0.2959947700
0.2969574202
0.2965015385
0.2972771989
0.2964135828
0.2964722635
0.2964722635
0.2964001622
0.2955320400
0.2962119987
0.2955424637
0.2958753819
0.2958753819
0.2949853478
0.2953567350
0.2951706394
0.2947394546
0.2938474767
0.2938474767
0.2944478223
0.2934930404
0.2937716952
0.2932965768
0.2934800505
0.2934800505
0.2686147069
0.2689947560
0.2693845729
0.2696093029
0.2686588042
0.2686588042
0.2693097814
0.2693394462
0.2692607183
0.2707823306
0.2709611730
0.2709611730
0.2706395561
0.2710337619
0.2711760845
0.2714083368
0.2709065646
0.2709065646
0.2711696456
0.2709032989
0.2707834257
0.2706206113
0.2707116267
0.2707116267
0.2710497326
0.2704861238
0.2710472125
0.2708387510
0.2711615576
0.2711615576
0.2705767783
0.2710902367
0.2710039902
0.2711000261
0.2706788527
0.2706788527
0.2709614668
0.2713066203
0.2708332284
0.2694757636
0.2690759369
0.2690759369
0.2692088970
0.2693946827
0.2690653820
0.2265947573
0.2251370534
0.2251370534
0.2223791150
0.2212611799
0.2219804542
0.2222917944
0.2220774706
0.2220774706
0.2221046677
0.2220081834
0.2223402293
0.2224146935
0.2223940337
0.2223940337
0.2220690050
0.2227441257
0.2224148555
0.2217104387
0.2222054132
0.2222054132
0.2242340498
0.2270477060
0.2269625488
0.2265046719
0.2267779131
0.2267779131
0.2270808269
0.2267220639
0.2268246130
0.2267521819
0.2269553883
0.2269553883
0.2267329063
0.1423692284
0.1396798484
0.1415410242
0.1477112205
0.1477112205
0.1467617932
0.1454048178
0.1434850837
0.1399876292
0.1398398623
0.1398398623
0.1409339640
0.1391006247
0.1385233085
0.1413130951
0.1408885600
0.1408885600
0.1392388342
0.1413940426
0.1440765974
0.1438124173
0.1433648509
0.1433648509
0.1429768872
0.1422323776
0.2176703587
0.2180214640
0.2176596825
0.2176596825
0.2166905358
0.2157365911
0.2156603900
0.2143687016
0.2147473008
0.2147473008
0.2141367052
0.2122933257
0.2129734248
0.2134655798
0.2142774910
0.2142774910
0.2145262512
0.2143495009
0.2144699373
0.2157010866
0.2183390930
0.2183390930
0.2195370886
0.2206418917
0.2820723702
0.2964887280
0.2716952912
0.2716952912
0.2690503239
0.2758420209
0.2926689647
0.3066114074
0.3210258123
0.3210258123
0.3313953885
0.3415397238
0.3540693694
0.3560629511
0.3613229331
0.3613229331
0.3629457305
0.3592972234
0.3553648664
0.3511715255
0.3497335631
0.3497335631
0.3464360331
0.3432688255
0.3417864712
0.3376057825
0.3334375645
0.3334375645
0.3304643708
0.3262601893
0.3224476430
0.3184540649
0.3163915820
0.3163915820
0.3141879911
0.3133306008
0.1650087389
0.1534145758
0.1369500372
0.1369500372
0.1247413534
0.1252893649
0.1340772057
0.1211568133
0.1281234506
0.1281234506
0.1276486339
0.1268836815
0.1351187630
0.1377659103
0.1442823744
0.1442823744
0.1310334778
0.1272958669
0.1261056427
0.1277184396
0.1811678275
0.1811678275
0.1935864428
0.1703933433
0.1670629387
0.1879539876
0.1738271193
0.1738271193
0.1870894772
0.1720866039
0.1730114970
0.1758337833
0.1852589387
0.1852589387
0.1802066598
0.1797166160
0.1669000634
0.1676008842
0.1746849691
0.1746849691
0.1859735271
0.1940228952
0.1512333716
0.1678227514
0.1565518167
0.1565518167
0.1571558190
0.1560781290
0.1801673878
0.2430210086
0.1771111738
0.1771111738
0.1554763395
0.1539940407
0.1564139520
0.1616133736
0.1598020953
0.1598020953
0.1614757650
0.2357610197
0.2330523140
0.2375796884
0.2415528703
0.2415528703
0.2445927773
0.2387715605
0.2316634254
0.2293309346
0.2234107885
0.2234107885
0.2257964970
0.2715589082
0.3298768537
0.3080351690
0.3132437591
0.3132437591
0.2646183330
0.2761659210
0.2602294857
0.2541603380
0.2566300362
0.2566300362
0.3105575071
0.3307055156
0.3191616992
0.3002442537
0.2748024365
0.2748024365
0.2920842754
0.2662988490
0.2711833095
0.2447559873
0.2524959218
0.2524959218
0.2528941723
0.2858710966
0.2864697816
0.2871811209
0.2713869725
0.2713869725
0.2562002051
0.2379698162
0.2229551260
0.2115874522
0.2231157945
0.2231157945
0.2419831342
0.3192538770
0.3072923600
0.3191790202
0.3009853297
0.3009853297
0.2743147255
0.2697344017
0.0297717453
0.0298686973
0.0298687550
0.0298687550
0.0298687550
0.0298697685
0.0298697685
0.0298697685
0.0298697685
0.0298697685
0.0298697685
0.0298697685
0.0298697685
0.0298697685
0.0298697685
0.0298697685
0.0298697685
0.0298697685
0.0298697685
0.0298697685
0.0298699341
0.0298699341
0.0298699341
0.0298699341
0.0298699341
0.0298699341
0.0298699341
0.0298699341
0.0298699341
0.0298699341
0.0298699341
0.0298699341
0.0298699341
0.0298699341
0.0298699341
0.0298699341
0.0298699341
0.0298699341
0.0298699341
0.0298699341
0.0298699341
0.0298699341
0.0298699341
0.0298699341
0.0298699341
0.0298699341
0.0298699341
0.0298699341
0.0298699341
0.0298699341
0.0298699341
0.0298699341
0.0298699341
0.0298699341
0.0298699341
0.0298699341
0.0298699341
0.0298699341
0.0298699341
0.0298699341
0.0298699341
0.0298699341
0.0298699341
0.0298699341
0.0298699341
0.0298699341
0.0298699341
0.0298697894
0.0298697894
0.0298697894
0.0298697894
0.0298697894
0.0298697894
0.0298697894
0.0298697894
0.0298697894
0.0298697894
0.0298697894
0.0298697894
0.0298697894
0.0298697894
0.0298697894
0.0298697894
0.0298697894
0.0298698499
0.0298698499
0.0298697051
0.0298697051
0.0298697051
0.0298697051
0.0298697051
0.0298697024
0.0298697024
0.0298697024
0.0298697024
0.0298697024
0.0298697024
0.0298697024
0.0298697024
0.0298697024
0.0298697024
0.0298697024
0.0298697024
0.0298697024
0.0298697024
0.0298697024
0.0298697024
0.0298697024
0.0298697024
0.0298697024
0.0298697024
0.0298697024
0.0298697024
0.0298697024
0.0298697024
0.0298697024
0.0298697024
0.0298697024
0.0298697024
0.0298697024
0.0298697024
0.0298697024
0.0298697024
0.0298697024
0.0298697024
0.0298697024
0.0298697024
0.0298697024
0.0298697024
0.0298697024
0.0298697024
0.0298697024
0.0298697024
0.0298697024
0.0298697024
0.0298697024
0.0298697024
0.0298697024
0.0298697024
0.0298697024
0.0298697024
0.0298697024
0.0298697024
0.0298697024
0.0298697024
0.0298697024
0.0298697024
0.0298697024
0.0298697024
0.0298697024
0.0298700292
0.0298700292
0.0298702437
0.0298702437
0.0298701524
0.0298701524
0.0298701524
0.0298701524
0.0298701524
0.0298701524
0.0298701827
0.0298701827
0.0298701827
0.0298701221
0.0298701127
0.0298701127
0.0298700068
0.0298475097
0.0298475097
0.0298475097
0.0298475097
0.0298475097
0.0298424107
0.2807308580
0.2808475446
0.2808176954
0.2814344404
0.2814344404
0.2810044591
0.2815379860
0.2815250319
0.2813634908
0.2807761012
0.2807761012
0.2813674099
0.2811519486
0.2815982237
0.2809659777
0.2809722355
0.2809722355
0.2816629117
0.2812128808
0.2817874150
0.2830284670
0.2827877934
0.2827877934
0.2829889323
0.2838445686
0.2834141242
0.2836338243
0.2843341505
0.2843341505
0.2838438480
0.2842614964
0.2854237796
0.2852090240
0.2858615308
0.2858615308
0.2855078695
0.2864159652
0.2862662398
0.2863129242
0.2869844819
0.2869844819
0.2866864948
0.2874624050
0.2871559340
0.2873824595
0.2884255313
0.2884255313
0.2881414681
0.2882994967
0.2891107712
0.2889394959
0.2896025187
0.2896025187
0.2894439645
0.2894389399
0.4206945185
0.4131226696
0.4042404323
0.4042404323
0.3954830152
0.3874439436
0.3797630080
0.3708515268
0.3632475949
0.3632475949
0.3545193026
0.3467565227
0.3391772564
0.3310901844
0.3237064964
0.3237064964
0.3174962172
0.3107990031
0.3046554351
0.2971628601
0.2901366669
0.2901366669
0.2826803289
0.2770013062
0.2716862783
0.2662003667
0.2599203082
0.2599203082
0.2551435747
0.2500606008
0.2458831527
0.2431768406
0.2411401564
0.2411401564
0.2381121675
0.2360274580
0.2336946128
0.2310666030
0.2296179793
0.2296179793
0.2271239615
0.2249397933
0.0298237322
0.0298466783
0.0298466876
0.0298466876
0.0298468106
0.0298474113
0.0298474113
0.0298474113
0.0298474113
0.0298474113
0.0298474113
0.0298474113
0.0298474113
0.0298474113
0.0298474113
0.0298474113
0.0298475865
0.0298475865
0.0298475865
0.0298477601
0.0298477601
0.0298477601
0.0298477601
0.0298477601
0.0298477601
0.0298477601
0.0298477601
0.0298477601
0.0298477601
0.0298477601
0.0298477601
0.0298485258
0.0298488046
0.0298488046
0.4714667337
0.4533147725
0.4375396196
0.4245755876
0.4112855875
0.4112855875
0.4003645973
0.3884435337
0.3788343536
0.3576734045
0.3375656293
0.3375656293
0.3176682575
0.3067987502
0.2922115128
0.2915267944
0.3115615385
0.3115615385
0.3233885402
0.3100965675
0.2941200910
0.2931855124
0.3010943550
0.3010943550
0.3126161574
0.3151101937
0.3212229171
0.3268125466
0.3358868606
0.3358868606
0.3412626987
0.3478376240
0.3520310565
0.3609638321
0.3591760651
0.3591760651
0.3572189154
0.3351714092
0.3197865930
0.2841393848
0.2651160714
0.2651160714
0.2564565181
0.3013255039
0.3635653985
0.3986550398
0.3751921888
0.3751921888
0.3320238806
0.3202185062
0.3242249517
0.3344371340
0.3104366871
0.3104366871
0.3015247045
0.2932238443
0.3084327634
0.3135143796
0.0298547246
0.0298547246
0.0298547246
0.0298547246
0.0298547246
0.0298547246
0.0298547246
0.0298547246
0.0298547246
0.0298547246
0.0298547246
0.0298402825
0.2326661593
0.2326661593
0.2490199710
0.2558741577
0.2637179117
0.2784004623
0.3001490336
0.3001490336
0.3214469626
0.3306061875
0.3298276620
0.3309175156
0.3392336923
0.3392336923
0.3563065447
0.3557685209
0.3336344624
0.3058110423
0.2860323931
0.2860323931
0.2878127863
0.3573575781
0.5009231672
0.5858220993
0.6033911076
0.6033911076
0.5699073991
0.5176005803
0.4967125424
0.4768074762
0.4480924223
0.4480924223
0.3993925249
0.4123976757
0.4495514196
0.4484252504
0.4053908203
0.4053908203
0.3996844512
0.4498766620
0.4708549812
0.4313517917
0.3833562032
0.3833562032
0.3902825062
0.4010181628
0.3565099506
0.3319655688
0.3521131707
0.3521131707
0.3486832271
0.2560707657
0.2145875034
0.2012321587
0.2070492197
0.2070492197
0.2075897743
0.2075541943
0.2066279266
0.1916394909
0.0298455021
0.0298455021
0.0298528072
0.0298533930
0.0298525601
0.0298525436
0.0298525417
0.0298525417
0.0298525436
0.0298525415
0.0298525055
0.0298525074
0.0298525415
0.0298525415
0.3453738710
0.3608021512
0.4030748171
0.3904819658
0.3270953669
0.3270953669
0.3031883849
0.3068339044
0.3030395752
0.3151289161
0.3455495739
0.3455495739
0.3637229815
0.3481908310
0.3314350365
0.3349143553
0.3550919732
0.3550919732
0.3861554400
0.4030828178
0.3816368604
0.3374319340
0.3061633426
0.3061633426
0.3178103411
0.3430521829
0.3677469249
0.3821162628
0.3801424071
0.3801424071
0.3689652768
0.3597963276
0.3521064805
0.3650024326
0.3848098350
0.3848098350
0.3964197136
0.3876755453
0.3696704098
0.3490141977
0.3417490332
0.3417490332
0.3299573725
0.2948241721
0.2843771516
0.2878521990
0.2489866762
0.2489866762
0.2679451107
0.2796463746
0.2675663975
0.2596965608
0.2643282919
0.2643282919
0.2570999276
0.2228089124
0.2218104773
0.2285450543
0.2160319101
0.2160319101
0.2282896236
0.2249145150
0.2452967367
0.2595042578
0.0268406316
0.0268406316
0.0298503521
0.0298503521
0.0298503521
0.0298503521
0.0298503521
0.0298503521
0.0298501827
0.0298197810
0.1900773777
0.1932493475
0.1966511833
0.1966511833
0.2008762724
0.2044645903
0.2265601336
0.2502173213
0.2764135241
0.2764135241
0.2956973412
0.3088388082
0.3104151667
0.3097597034
0.3069503716
0.3069503716
0.2958656138
0.2854776901
0.2845106545
0.2740080504
0.2594454307
0.2594454307
0.2440766422
0.2297666911
0.2347844843
0.2364106540
0.2367513731
0.2367513731
0.2379070637
0.2365005985
0.2363631568
0.2355376494
0.2342591729
0.2342591729
0.2342304926
0.2344304142
0.2329213753
0.2339467457
0.2300814694
0.2300814694
0.2280307098
0.2236653151
0.2180955924
0.2131788167
0.2093675386
0.2093675386
0.2036975468
0.2003841409
0.1956346449
0.1770551791
0.1677407812
0.1677407812
0.1562207271
0.1496240507
0.1501845704
0.1578441659
0.1632206724
0.1632206724
0.1679293698
0.1742304236
0.1786354185
0.1734346852
0.1647003137
0.1647003137
0.1488073369
0.1273594988
0.1104054708
0.1003538845
0.0896534290
0.0896534290
0.0542939351
0.0867432309
0.0780864266
0.0953977656
0.1035454556
0.1035454556
0.1065237018
0.1085297241
0.1099050696
0.1096056733
0.1096130512
0.1096130512
0.1095092713
0.1102866191
0.1086994036
0.1083915152
0.1076242985
0.1076242985
0.1070306704
0.1061650161
0.1051590635
0.1045531579
0.1049357859
0.1049357859
0.1051379693
0.1045659616
0.1047603063
0.1048904799
0.1047966180
0.1047966180
0.1049413749
0.1050640997
0.1056167609
0.1050446553
0.1114600017
0.1114600017
0.0588761603
0.1120948201
0.1885706954
0.2304268359
0.2847227853
0.2847227853
0.3313658241
0.3555904614
0.3678112310
0.3756688124
0.3925218357
0.3925218357
0.4016271115
0.3958957938
0.3160997966
0.2044944209
0.2626171884
0.2626171884
0.2454049537
0.2175912974
0.2959424061
0.1988070514
0.1930069318
0.1930069318
0.0606532278
0.1018331287
0.1232420139
0.0845477149
0.1328863541
0.1328863541
0.1562297583
0.1775751352
0.1925193453
0.2049404535
0.2252491808
0.2252491808
0.2532195150
0.2842184982
0.3026051680
0.3179426458
0.3385325411
0.3385325411
0.3579225492
0.3805161896
0.4053044796
0.4276140741
0.4489033904
0.4489033904
0.4507628173
0.4531065132
0.4560755143
0.4576799561
0.4594373509
0.4594373509
0.4643172219
0.4681642674
0.4721359766
0.4776500751
0.4795191763
0.4795191763
0.4822191019
0.4860550939
0.4877269728
0.4907224913
0.4950566937
0.4950566937
0.4963048014
0.4990647193
0.5032686497
0.5054622567
0.5093645187
0.5093645187
0.5116488736
0.5153494068
0.5192886702
0.5212996424
0.5253739740
0.5253739740
0.5265668603
0.5304141552
0.5317959949
0.5342162152
0.5378634020
0.5378634020
0.5389966951
0.5412049086
0.5452774745
0.5451964173
0.5467716952
0.5467716952
0.5494780489
0.5494433133
0.5497070357
0.5505418945
0.5501277684
0.5501277684
0.5538258542
0.5547287735
0.5546767052
0.5549880725
0.5546021387
0.5546021387
0.5546001669
0.5550989363
0.5546652649
0.5546209606
0.5551692075
0.5551692075
0.5546793859
0.5548641906
0.5550296269
0.5550689957
0.5547239531
0.5547239531
0.5546612225
0.5547783067
0.5548134876
0.5546550536
0.5552371220
0.5552371220
0.5551734884
0.5552266542
0.5546477292
0.5546531165
0.5549697822
0.5549697822
0.5547176281
0.5546870995
0.5551037176
0.5546882843
0.5549391983
0.5549391983
0.5548384032
0.5547730031
0.5544148129
0.5548473098
0.5548630319
0.5548630319
0.5549242037
0.5545519991
0.5544146598
0.5544804529
0.5541733576
0.5541733576
0.5544368853
0.5542785574
0.5543606926
0.5540647073
0.5544961835
0.5544961835
0.5543383101
0.5542815913
0.5537662593
0.5538385602
0.5535954197
0.5535954197
0.5534869834
0.5536273729
0.5532337002
0.5530619239
0.5532650105
0.5532650105
0.5529693396
0.5529074516
0.5532428298
0.5528994219
0.5527767731
0.5527767731
0.5530318979
0.5526902616
0.5527921842
0.5524225968
0.5521894185
0.5521894185
0.5525150979
0.5520441246
0.5522359772
0.5520357763
0.5518806593
0.5518806593
0.5522901646
0.5517935822
0.5530780333
0.5526985146
0.5526257595
0.5526257595
0.5523138752
0.5519081148
0.5520305932
0.5514113900
0.5514650610
0.5514650610
0.5510538799
0.5507724252
0.5510664384
0.5504195244
0.5505254502
0.5505254502
0.5504822079
0.5501951503
0.5494621941
0.5489819730
0.5487630615
0.5487630615
0.5479881308
0.5480558172
0.5483013434
0.5476953674
0.5480724211
0.5480724211
0.5477245940
0.5478273723
0.5477648300
0.5475801305
0.5481875552
0.5481875552
0.5478708662
0.5479400111
0.5479259879
0.5477787775
0.5482437572
0.5482437572
0.5489482389
0.5488016649
0.5507850073
0.5549932233
0.5584588839
0.5584588839
0.5604706708
0.5641498726
0.5682744057
0.5708761637
0.5738243893
0.5738243893
0.5768365638
0.5786966653
0.5808414757
0.5811613289
0.5819336995
0.5819336995
0.5807386552
0.5791550035
0.5757423156
0.5701358561
0.5640192608
0.5640192608
0.5577422578
0.5498442283
0.5420929150
0.5318128532
0.5216694507
0.5216694507
0.5144601687
0.5045458970
0.4933630473
0.4659626057
0.4198753482
0.4198753482
0.3712647255
0.2982597712
0.2386693893
0.1896376623
0.1806205486
0.1806205486
0.1734112405
0.1767505141
0.1768778812
0.1796201151
0.1861624615
0.1861624615
0.1881904966
0.1915774861
0.1835513111
0.1728399561
0.1869912150
0.1869912150
0.1889025512
0.1911324945
0.1895735158
0.1907128801
0.1922151264
0.1922151264
0.1924617959
0.1945150415
0.1946434877
0.1953136880
0.1950067015
0.1950067015
0.1947100904
0.1928150929
0.2021102530
0.2687930101
0.2461234888
0.2461234888
0.2284680725
0.2484067363
0.2691130902
0.2688043967
0.3091553669
0.3091553669
0.2959550897
0.2679945941
0.2680801995
0.2679699823
0.2707156974
0.2707156974
0.3123908389
0.2940445260
0.2677110085
0.2656032989
0.2623545623
0.2623545623
0.2468926223
0.2399985618
0.1960408545
0.1631290329
0.2067312925
0.2067312925
0.2531381295
0.2821358222
0.3095615553
0.3078179860
0.3067003726
0.3067003726
0.3010750292
0.3047861492
0.3102052254
0.2834775752
0.2566614442
0.2566614442
0.2599208626
0.2631830482
0.2634783828
0.2635843524
0.2646358878
0.2646358878
0.2649041295
0.2665237985
0.2689310599
0.2719102068
0.2781304886
0.2781304886
0.2770299043
0.2777846298
0.2766693826
0.2768191028
0.2798400782
0.2798400782
0.2802783602
0.2822017541
0.2814079979
0.2822388121
0.2797289855
0.2797289855
0.2761166265
0.2782199420
0.2814898859
0.2797602618
0.2804771525
0.2804771525
0.2813808615
0.2873963011
0.2880418238
0.2883271316
0.2983596752
0.2983596752
0.3005339898
0.3064636962
0.3242791674
0.3553932760
0.3803394576
0.3803394576
0.3937152966
0.4267378463
0.4447142694
0.4525624806
0.5059756765
0.5059756765
0.5347400634
0.5488251395
0.5492955409
0.5372734062
0.5338472172
0.5338472172
0.5340431806
0.4558033304
0.3864689092
0.0298444060
0.0298487466
0.0298487466
0.0298487883
0.0298486875
0.0298485029
0.0297357118
0.1230841602
0.1230841602
0.1173258698
0.1109403855
0.1245333388
0.1321651335
0.1293905323
0.1293905323
0.1548497807
0.1648363591
0.1649150782
0.1653345137
0.1626297901
0.1626297901
0.1616939905
0.1758520870
0.1851531725
0.1767595449
0.1466329528
0.1466329528
0.1369168089
0.1472571982
0.1697689292
0.1676570739
0.1443717122
0.1443717122
0.1265877186
0.1314560208
0.1262497755
0.1089160281
0.1134680937
0.1134680937
0.1054392058
0.0936358015
0.1205912608
0.1493168970
0.1477258931
0.1477258931
0.1438801164
0.1100580586
0.1136418987
0.1141973419
0.1141638100
0.1141638100
0.1115092688
0.1126010013
0.1083730753
0.1030147775
0.1015337253
0.1015337253
0.1021766546
0.1024108353
0.1011081974
0.1041435344
0.1072507491
0.1072507491
0.1087296589
0.1084811094
0.1086485834
0.0914532539
0.1026734947
0.1026734947
0.1307772287
0.1463679823
0.1357583958
0.1125071544
0.0987182210
0.0987182210
0.0911165051
0.0864990916
0.0823491147
0.0836708263
0.0842148020
0.0842148020
0.0864700942
0.0898481490
0.0929536403
0.0941121978
0.1870752427
0.1870752427
0.1851106678
0.1832243965
0.1806453690
0.1786743156
0.1767850842
0.1767850842
0.1754985788
0.1748687767
0.1734796884
0.1729687086
0.1715124436
0.1715124436
0.1712597982
0.1735415948
0.1747343640
0.1780702516
0.1790734828
0.1790734828
0.1803277705
0.1796045951
0.1791957598
0.1785014348
0.1790447955
0.1790447955
0.1814804810
0.1848743001
0.1967930134
0.2109318716
0.2309890943
0.2309890943
0.2497301885
0.2657477292
0.2717391849
0.2747828606
0.2748636102
0.2748636102
0.2741188530
0.2713176016
0.2683516475
0.2646193475
